2.220445999999999902e-16 -5.551114999999999755e-17 0.000000000000000000e+00 0.000000000000000000e+00 0.000000000000000000e+00 0.000000000000000000e+00 1.000000000000000000e+00
1.310643000000000002e+00 1.289128000000000062e-03 -1.821615999999999860e-02 4.518288708231118470e-04 -6.628702139345304381e-04 -1.047590838099147283e-04 9.999996727395891183e-01
2.625299000000000049e+00 4.448325999999999734e-04 -4.203318000000000332e-02 8.234311713613712844e-04 -9.300872583204023011e-04 -2.761447001467894806e-04 9.999991903211234989e-01
3.941730000000000178e+00 2.037581000000000114e-03 -6.302800999999999543e-02 1.706827922205412683e-03 -2.687194457064742779e-04 -3.651518716808327945e-04 9.999984405949912114e-01
5.261016999999999832e+00 2.777892000000000122e-03 -8.483760999999999386e-02 1.817808250593866155e-03 -4.076433539454129770e-04 -3.209597989383971574e-04 9.999982131908374816e-01
6.581637999999999877e+00 4.157927999999999971e-03 -1.014677999999999969e-01 1.962824772011335667e-03 -8.208986412095536879e-04 -2.565013909351736266e-04 9.999977038230496440e-01
7.908775000000000333e+00 7.571022000000000168e-03 -1.165873999999999938e-01 2.752315458299428325e-03 -1.347796595621394066e-03 -2.047845891554773978e-04 9.999952831224889760e-01
9.238962000000000785e+00 8.323818000000000189e-03 -1.328034999999999910e-01 2.592816501041120009e-03 -1.792290236998910500e-03 -2.941342748640332671e-04 9.999949892291094544e-01
1.056963000000000008e+01 7.728338999999999868e-03 -1.497649000000000064e-01 2.315842945733912438e-03 -9.345467546884124238e-04 -4.280725013083311542e-04 9.999967901187221120e-01
1.190426000000000073e+01 6.780918000000000362e-03 -1.634547000000000083e-01 9.502161237637635986e-04 3.916548320995018382e-04 -4.804248653720660182e-04 9.999993564436726601e-01
1.324207999999999963e+01 3.419394999999999987e-03 -1.767479999999999885e-01 -7.720623149013962003e-04 8.627266312385271268e-04 -3.102677520162432524e-04 9.999992816779739169e-01
1.458047999999999966e+01 -1.862181999999999987e-03 -1.959201999999999888e-01 -1.981490087079840114e-03 7.900938290394178033e-04 -2.636749853983147950e-04 9.999976899594710256e-01
1.593065999999999960e+01 -5.851755000000000151e-03 -2.177601999999999871e-01 -2.594999752150812296e-03 4.369435657735072209e-04 -1.923385922297416882e-04 9.999965190251777214e-01
1.728221999999999881e+01 -4.267715000000000050e-03 -2.364140000000000130e-01 -1.496559052987326286e-03 -8.845523611977910072e-04 1.305995759738056484e-05 9.999984888526375348e-01
1.863468999999999909e+01 4.827890000000000154e-04 -2.537475000000000147e-01 4.494396405924944052e-04 -1.999054683644835729e-03 1.271438410881057916e-04 9.999978928071924233e-01
1.998669999999999902e+01 5.006085999999999869e-03 -2.699100999999999861e-01 1.819341026143465141e-03 -9.157306506498850062e-04 -1.813017263018142821e-05 9.999979255512997378e-01
2.134127000000000152e+01 4.134686000000000264e-03 -2.931092000000000142e-01 2.559607521254786498e-03 2.766663460570002861e-04 -1.167264385969686059e-04 9.999966791144901945e-01
2.270574999999999832e+01 -7.654744999999999909e-04 -3.222297000000000078e-01 1.424608213235992833e-03 1.033704105937065200e-03 2.116583788272086554e-04 9.999984285727606670e-01
2.407209999999999894e+01 -7.369324000000000013e-03 -3.468119000000000063e-01 -7.100416989786107911e-05 3.829925073279458973e-04 6.227399245135888150e-04 9.999997302350304151e-01
2.544867999999999952e+01 -9.719264000000000028e-03 -3.687424000000000257e-01 -7.229506884491872882e-04 -2.714333971101324551e-03 9.690707739193292741e-04 9.999955853078705825e-01
2.682029999999999959e+01 -5.061180999999999666e-03 -3.871398999999999813e-01 5.222076408160427089e-04 -2.732037758050802779e-03 1.186051180081766588e-03 9.999954282652829818e-01
2.819472000000000023e+01 1.962273000000000055e-03 -4.099384999999999835e-01 2.667615559595762874e-03 -1.941348005378684986e-03 9.808420629502454923e-04 9.999940764544537064e-01
2.957011999999999929e+01 5.281593000000000225e-03 -4.328976999999999964e-01 2.965978177353992360e-03 -6.556503550609406360e-04 9.943958384722496619e-04 9.999948921234447230e-01
3.094983999999999824e+01 7.939023999999999387e-03 -4.591179000000000232e-01 3.089250272991248512e-03 4.914302477444746232e-04 1.196836441897243574e-03 9.999943912900680631e-01
3.233530999999999977e+01 6.827075999999999631e-03 -4.850132999999999805e-01 1.433237367748410032e-03 6.951310046354451135e-04 1.585645252453271288e-03 9.999974741731437744e-01
3.371779999999999688e+01 8.305167000000000452e-03 -5.122366999999999893e-01 9.614289506085963539e-04 1.751469286096306007e-03 1.783238400116980921e-03 9.999964140288309933e-01
3.511082999999999998e+01 1.017340000000000085e-02 -5.431160000000000432e-01 5.141921137658406193e-04 1.982452185692984425e-03 1.748200586613201041e-03 9.999963746356835825e-01
3.650789000000000328e+01 1.211940000000000066e-02 -5.746232999999999480e-01 4.795644295114581158e-04 8.304398595926163612e-04 1.704086052929521715e-03 9.999980882373334934e-01
3.790588999999999942e+01 1.511477999999999954e-02 -5.999006000000000061e-01 9.452380685369201631e-05 3.036809682937557025e-05 1.493070687829984580e-03 9.999988804408482812e-01
3.930156000000000205e+01 1.696850999999999915e-02 -6.238525999999999794e-01 -1.256992663245270299e-03 1.876133101905935285e-04 1.481574094409343232e-03 9.999980948526318025e-01
4.070436999999999728e+01 1.942949000000000065e-02 -6.437119999999999509e-01 -2.525357724117594221e-03 2.767350799671647386e-04 1.551410645346094517e-03 9.999955695457206639e-01
4.211099999999999710e+01 1.916344000000000034e-02 -6.707246000000000041e-01 -3.601823495989683443e-03 1.956542071864626823e-05 1.555605733324745598e-03 9.999923032581303772e-01
4.351858000000000004e+01 2.134430999999999828e-02 -6.941319999999999713e-01 -4.154366853604061181e-03 -1.201750100927873174e-04 1.421324970563414211e-03 9.999903532681405638e-01
4.492820999999999998e+01 2.622363999999999945e-02 -7.178581000000000545e-01 -3.629779859234352583e-03 8.714868887066862420e-05 1.206454594292017757e-03 9.999926807585101107e-01
4.634127000000000152e+01 3.086035999999999987e-02 -7.390250000000000430e-01 -3.212792031140807719e-03 4.009702253637095781e-04 8.617593364487296896e-04 9.999943872647930609e-01
4.775704000000000349e+01 3.408031000000000255e-02 -7.610314999999999719e-01 -2.900085138322908845e-03 3.188650120988854012e-05 3.809035771096486796e-04 9.999957216918011760e-01
4.917963000000000306e+01 3.359220999999999735e-02 -7.839855999999999492e-01 -3.005248569461495614e-03 -3.959616708068108273e-04 -1.217882100360304044e-04 9.999953984209242197e-01
5.060217999999999705e+01 3.175531999999999661e-02 -8.056349999999999900e-01 -3.324132026115443617e-03 -5.242300793533372560e-04 -6.536550896022297720e-04 9.999941240147968147e-01
5.202830999999999761e+01 2.895794999999999966e-02 -8.265407999999999644e-01 -3.318734049930606791e-03 -3.328820863908838151e-04 -1.240852870430839789e-03 9.999936677189392720e-01
5.345716000000000179e+01 2.536976999999999982e-02 -8.453836000000000128e-01 -3.439670758916368257e-03 -9.708862647050926038e-04 -1.797504375619356047e-03 9.999919974794553301e-01
5.488463999999999743e+01 2.082938000000000150e-02 -8.668316000000000354e-01 -2.745369359205605472e-03 -1.454524271606672274e-03 -2.197712147612193405e-03 9.999927586575519944e-01
5.631660000000000110e+01 1.680869999999999934e-02 -8.868800000000000017e-01 -1.998017017546605163e-03 -1.411498166402431727e-03 -2.517124704795608084e-03 9.999938398230983072e-01
5.774549999999999983e+01 1.322910000000000058e-02 -9.072441999999999451e-01 -8.563101117303298414e-04 -1.196008092027524197e-03 -2.828260156122191973e-03 9.999949186081525943e-01
5.917365000000000208e+01 1.007535000000000028e-02 -9.249469000000000163e-01 -1.834110147420818732e-04 -1.416684258657918954e-03 -2.865659182763356534e-03 9.999948736686399275e-01
6.060318000000000183e+01 6.524254999999999638e-03 -9.446035000000000403e-01 4.228503884638437800e-04 -1.737149887921298451e-03 -2.649673806741663015e-03 9.999948913552177965e-01
6.202794999999999703e+01 2.764210000000000018e-03 -9.647483999999999504e-01 9.344459470343572955e-04 -2.053400170233849083e-03 -2.457060665240601814e-03 9.999944365902243559e-01
6.345197999999999894e+01 -1.308242999999999949e-03 -9.878099999999999659e-01 1.900406936158142643e-03 -1.838834065628509483e-03 -2.240913985241625023e-03 9.999939927055896405e-01
6.487187000000000126e+01 -2.873604000000000089e-03 -1.008175000000000043e+00 2.650947753244500046e-03 -1.415775714336467775e-03 -2.000359018997904109e-03 9.999934832882318991e-01
6.628940000000000055e+01 -5.953934000000000136e-03 -1.029700000000000060e+00 2.612141785078813706e-03 -1.130247431009669167e-03 -1.676854420251664389e-03 9.999945436927606401e-01
6.770310999999999524e+01 -1.002030999999999929e-02 -1.050202999999999998e+00 1.742715221380222897e-03 -1.160276226324339710e-03 -1.274549318699994167e-03 9.999969961088733816e-01
6.911593000000000586e+01 -1.936440000000000036e-02 -1.076074999999999893e+00 3.259560571587020008e-04 -1.825555350541181992e-03 -1.033793322094528431e-03 9.999977461832991743e-01
7.053000000000000114e+01 -2.702275000000000163e-02 -1.097831000000000001e+00 -1.504833384880568947e-03 -2.479488182179021179e-03 -6.477198558270494703e-04 9.999955840271629315e-01
7.193977999999999895e+01 -3.513441999999999954e-02 -1.118230999999999975e+00 -3.329244468283664750e-03 -2.754526829163564394e-03 -2.735437900166916118e-04 9.999906268995788494e-01
7.333986000000000161e+01 -4.214650000000000341e-02 -1.135987000000000080e+00 -5.575977520634987569e-03 -2.556753405119908257e-03 5.368619365152032998e-05 9.999811841252351785e-01
7.474245000000000516e+01 -4.677589000000000052e-02 -1.153310999999999975e+00 -7.109601693370125319e-03 -2.313495818403156490e-03 4.087253264678523458e-04 9.999719667293014425e-01
7.614449999999999363e+01 -5.327678000000000275e-02 -1.177226000000000106e+00 -8.184930855749448717e-03 -2.178505745130687905e-03 7.546752787912485577e-04 9.999638450888255203e-01
7.754079000000000121e+01 -5.458510999999999919e-02 -1.197942000000000062e+00 -8.321215258210223897e-03 -2.243938339861095872e-03 9.231726980377032588e-04 9.999624342291679735e-01
7.893496000000000379e+01 -5.287324999999999664e-02 -1.218034999999999979e+00 -7.703545728426376520e-03 -2.325590196037513255e-03 1.002372449658120923e-03 9.999671205909334004e-01
8.032545000000000357e+01 -4.954250000000000320e-02 -1.236655000000000060e+00 -7.120133661754033359e-03 -1.849233946933285296e-03 9.665441285719648772e-04 9.999724745326222797e-01
8.171094999999999686e+01 -4.883211999999999969e-02 -1.258286999999999933e+00 -6.746579010002012183e-03 -1.785982829229495160e-03 8.265786505041006855e-04 9.999753050474445848e-01
8.309721000000000402e+01 -4.838806999999999831e-02 -1.278675999999999924e+00 -6.768616676790523666e-03 -1.921457525472974708e-03 7.112435270293295409e-04 9.999749936682945650e-01
8.448367000000000360e+01 -5.269072999999999812e-02 -1.300030999999999937e+00 -6.540937151182841559e-03 -1.661843521592770798e-03 4.434072447876854475e-04 9.999771286421051952e-01
8.586562000000000694e+01 -6.072004000000000290e-02 -1.320244999999999891e+00 -6.717705661149432975e-03 -1.841190719255238846e-03 8.115697115881026458e-05 9.999757376361346761e-01
8.725015000000000498e+01 -7.518041999999999780e-02 -1.343695000000000084e+00 -6.526350276157805164e-03 -2.196160251459290409e-03 -3.870668341671883780e-04 9.999762166229199112e-01
8.862909000000000503e+01 -8.437619999999999842e-02 -1.362981999999999916e+00 -5.462824413961959134e-03 -2.724135817903360849e-03 -9.538872321703254420e-04 9.999809131841547183e-01
9.000633999999999446e+01 -9.813228999999999702e-02 -1.382640000000000091e+00 -4.390637253263028790e-03 -3.081304324889466879e-03 -1.556876790583379367e-03 9.999844018797626743e-01
9.137524000000000513e+01 -1.110474999999999934e-01 -1.399780999999999942e+00 -3.395765479421445927e-03 -3.164763089690713314e-03 -1.866588600141313569e-03 9.999874843708758121e-01
9.274128000000000327e+01 -1.283351000000000075e-01 -1.418058999999999958e+00 -2.748962653616837497e-03 -2.826078422361722516e-03 -2.102179956026435561e-03 9.999900186124419665e-01
9.410339000000000453e+01 -1.454602999999999868e-01 -1.435964000000000018e+00 -2.135375975104742731e-03 -2.567232458694167305e-03 -2.239746317012721120e-03 9.999919164790200821e-01
9.546075999999999340e+01 -1.697047999999999890e-01 -1.456190000000000095e+00 -2.465265017256102267e-03 -2.375661503354458640e-03 -2.308260428736461176e-03 9.999914752809693219e-01
9.681382000000000687e+01 -1.913409000000000082e-01 -1.476212999999999997e+00 -2.364740977381014821e-03 -2.029916002749031570e-03 -2.248521868426200162e-03 9.999926157680060212e-01
9.816545000000000698e+01 -2.120314000000000088e-01 -1.496477999999999975e+00 -2.727435961984109401e-03 -1.691906788073704350e-03 -2.127760518018893213e-03 9.999925855623488236e-01
9.951512999999999920e+01 -2.344055999999999917e-01 -1.517682999999999893e+00 -3.527040279063474535e-03 -1.755612938242658190e-03 -1.944685512424442321e-03 9.999903479575883436e-01
1.008602999999999952e+02 -2.485715000000000008e-01 -1.534999000000000002e+00 -3.760220779898668098e-03 -2.443245608920294534e-03 -1.822812094021132936e-03 9.999882842546959916e-01
1.022053999999999974e+02 -2.694020999999999777e-01 -1.556017999999999901e+00 -4.411360997075878046e-03 -3.222173203756312221e-03 -1.743391901206516482e-03 9.999835589041837780e-01
1.035459000000000032e+02 -2.867601000000000178e-01 -1.575247000000000064e+00 -4.146772986332371638e-03 -2.567891609943944407e-03 -1.717316228730537747e-03 9.999866304263521632e-01
1.048845000000000027e+02 -3.053255999999999748e-01 -1.596046000000000076e+00 -4.084891756692170077e-03 -1.246721875778387207e-03 -1.674212876503245644e-03 9.999894781222173901e-01
1.062207999999999970e+02 -3.153954999999999953e-01 -1.613299000000000039e+00 -3.815554112098995532e-03 -6.587571394692868631e-04 -1.696206914554475136e-03 9.999910651940604467e-01
1.075652999999999935e+02 -3.343086000000000113e-01 -1.638432000000000111e+00 -2.750349651940848118e-03 -1.312952829904331497e-03 -1.623144929760937704e-03 9.999940385483283567e-01
1.089064000000000050e+02 -3.508130999999999888e-01 -1.661275000000000057e+00 -1.567939463853039060e-03 -2.370338911448951081e-03 -1.316664477645672305e-03 9.999950947149369718e-01
1.102446000000000055e+02 -3.737761000000000000e-01 -1.686738999999999988e+00 -7.784201189170227584e-04 -2.702605946582550041e-03 -8.568669584263528946e-04 9.999956778717753458e-01
1.115765999999999991e+02 -3.943149000000000237e-01 -1.710102000000000011e+00 -3.370916438370602465e-04 -1.980069472434298813e-03 -5.007625678600277457e-04 9.999978574631840367e-01
1.129050000000000011e+02 -4.137128999999999945e-01 -1.733997000000000011e+00 -1.290471016888419115e-03 -7.781999147376601105e-04 -1.678815723369487091e-04 9.999988504519516930e-01
1.142286000000000001e+02 -4.219683000000000184e-01 -1.753986000000000045e+00 -2.266220584890496492e-03 3.219389394185856934e-04 3.748718815455960520e-04 9.999973100317082197e-01
1.155601000000000056e+02 -4.295899000000000245e-01 -1.775004000000000026e+00 -3.784659397203007578e-03 4.336162217411076839e-04 1.082290478143513356e-03 9.999921584580252487e-01
1.168930000000000007e+02 -4.334779000000000271e-01 -1.794229999999999992e+00 -4.499591024449598430e-03 -6.541363175594733324e-04 1.795550458558591413e-03 9.999880508210293728e-01
1.182274000000000029e+02 -4.334150999999999976e-01 -1.811793999999999905e+00 -4.544369461157378269e-03 -1.874171718972111227e-03 2.325174139291263150e-03 9.999852147665935220e-01
1.195613000000000028e+02 -4.306136999999999881e-01 -1.825846999999999998e+00 -4.045035983258901159e-03 -2.223373620779103745e-03 2.715815179644963297e-03 9.999856592179442449e-01
1.209044999999999987e+02 -4.334145999999999832e-01 -1.846322000000000019e+00 -4.299614909198366981e-03 -1.848391838810802728e-03 3.226574086971874863e-03 9.999838428589253869e-01
1.222683999999999997e+02 -4.472932000000000019e-01 -1.880929000000000073e+00 -5.181469667180882768e-03 -1.611804419622868238e-03 3.846357120816301309e-03 9.999778797530973762e-01
1.236242000000000019e+02 -4.560743999999999909e-01 -1.910029999999999895e+00 -6.196603295658090205e-03 -1.426057258142502922e-03 4.416155661663008838e-03 9.999700325697089554e-01
1.249835000000000065e+02 -4.622549000000000241e-01 -1.940325000000000077e+00 -6.573300923578729790e-03 -8.909598721858955333e-04 4.975874020204159448e-03 9.999656187005677710e-01
1.263371000000000066e+02 -4.641329000000000149e-01 -1.966294999999999904e+00 -7.119660145790321533e-03 -6.092573289167723836e-04 5.521357510549062403e-03 9.999592260968225288e-01
1.276924999999999955e+02 -4.708494999999999764e-01 -2.006025999999999865e+00 -6.700508433785955058e-03 -4.738967119235438434e-04 5.975836631819273111e-03 9.999595831758326669e-01
1.290495999999999981e+02 -4.718093999999999899e-01 -2.038342999999999794e+00 -6.438048579099595568e-03 -8.658057830203268364e-04 6.359662839483310424e-03 9.999586774459269245e-01
1.304070000000000107e+02 -4.742799999999999794e-01 -2.073189000000000171e+00 -5.956047896315468798e-03 -1.623818016416822075e-03 6.779315007026254745e-03 9.999579639147546661e-01
1.317556999999999903e+02 -4.701254000000000266e-01 -2.099489000000000161e+00 -5.457560269505275924e-03 -1.655630321959617336e-03 6.939357575488790467e-03 9.999596588065846614e-01
1.331097000000000037e+02 -4.656936999999999882e-01 -2.127702000000000204e+00 -4.419200819009673313e-03 -1.843293910814640044e-03 6.928385859523841436e-03 9.999645345716322575e-01
1.344613999999999976e+02 -4.651027999999999829e-01 -2.162932000000000077e+00 -3.585719607318487833e-03 -2.101361034968672430e-03 6.766848452296016399e-03 9.999684678322221520e-01
1.358146000000000129e+02 -4.661197000000000257e-01 -2.198388000000000009e+00 -2.830827297657014224e-03 -1.915220369831066626e-03 6.497247616571255255e-03 9.999730516974718597e-01
1.371605999999999881e+02 -4.644952999999999999e-01 -2.226309000000000093e+00 -2.035362823991059174e-03 -1.873314164490667236e-03 5.870986025422641336e-03 9.999789395358809063e-01
1.385124000000000137e+02 -4.645722999999999936e-01 -2.254853999999999914e+00 -1.408565924528738800e-03 -2.375752632189623639e-03 5.335933813278789968e-03 9.999819496129953578e-01
1.398625999999999863e+02 -4.641807000000000016e-01 -2.281749000000000027e+00 -6.262474290321928252e-04 -2.529316582403815915e-03 4.826779173921054433e-03 9.999849561741365189e-01
1.412128999999999905e+02 -4.674418000000000184e-01 -2.314865999999999868e+00 -2.530707199788315869e-04 -2.483852895288569777e-03 4.177016183119125307e-03 9.999881594128059437e-01
1.425621999999999900e+02 -4.704574000000000256e-01 -2.341886000000000134e+00 -1.226382604011144360e-04 -2.252955439620285983e-03 3.550827176340864543e-03 9.999911503498457588e-01
1.439098999999999933e+02 -4.747020000000000128e-01 -2.367455000000000087e+00 6.702146897092807129e-05 -2.002929268022614600e-03 3.030710826365363986e-03 9.999933992653935455e-01
1.452578000000000031e+02 -4.789012999999999742e-01 -2.395023999999999820e+00 8.842995009235190933e-04 -1.114027725359215473e-03 2.538424017205383881e-03 9.999957666711037918e-01
1.466011000000000024e+02 -4.813925000000000010e-01 -2.426593000000000000e+00 3.648570716020270270e-03 -3.890827821894563931e-04 1.975138669336419170e-03 9.999913176490862199e-01
1.479538000000000011e+02 -4.844149999999999845e-01 -2.462969000000000186e+00 7.045495697577612570e-03 -1.794212449873780046e-03 1.414100776667573302e-03 9.999725706793429758e-01
1.493029999999999973e+02 -4.832843000000000000e-01 -2.489365999999999968e+00 1.086452179975795455e-02 -2.264638532267031039e-03 6.847370902170798329e-04 9.999381804459204215e-01
1.506480999999999995e+02 -4.887986000000000275e-01 -2.518616999999999884e+00 1.252564198506479244e-02 -1.055768902316780219e-03 7.985225806922659967e-05 9.999209905130023168e-01
1.519917000000000087e+02 -4.979854000000000225e-01 -2.545627999999999780e+00 1.256742811638778858e-02 9.446700265389074581e-04 1.785131026703682365e-04 9.999205645860836933e-01
1.533372999999999990e+02 -5.139896999999999938e-01 -2.581792000000000087e+00 1.079550157476477819e-02 1.829202479991314748e-03 6.047001073269111463e-04 9.999398709431566168e-01
1.546843000000000075e+02 -5.203404999999999836e-01 -2.611885000000000012e+00 1.066835743099311604e-02 1.825609796181313759e-03 9.815512073313725511e-04 9.999409431840582396e-01
1.560329000000000121e+02 -5.188374000000000041e-01 -2.641449000000000158e+00 1.203090628237528555e-02 2.554410114466715417e-04 1.301666599078892331e-03 9.999267461709279159e-01
1.573829000000000065e+02 -5.104870000000000241e-01 -2.666163000000000061e+00 1.475559311469733410e-02 -1.365403082307775021e-03 1.561223071562844881e-03 9.998889792015797084e-01
1.587318999999999960e+02 -4.996047000000000127e-01 -2.689150000000000151e+00 1.683323574548754517e-02 -1.721067274797919181e-03 1.564555924314881604e-03 9.998556057084102555e-01
1.600785999999999945e+02 -4.908893999999999758e-01 -2.711383000000000099e+00 1.773112336801503652e-02 -1.905426536088705106e-03 1.537433576517621995e-03 9.998397936228691218e-01
1.614290000000000020e+02 -4.848759000000000263e-01 -2.736779999999999990e+00 1.695399096403999231e-02 -2.091651666370987830e-03 1.946705991996720841e-03 9.998521878355213222e-01
1.627787999999999897e+02 -4.836516000000000148e-01 -2.760603999999999836e+00 1.498539156430521262e-02 -1.916851760170420116e-03 2.550872184832132707e-03 9.998826214961887837e-01
1.641295000000000073e+02 -4.767802999999999902e-01 -2.787253999999999898e+00 1.327080463185886967e-02 -7.195675584670064217e-04 3.005991342172850342e-03 9.999071616820247588e-01
1.654807000000000130e+02 -4.687839999999999785e-01 -2.810667000000000026e+00 1.185142787145064894e-02 -2.987814738943438760e-04 3.378911201151354321e-03 9.999240157862663292e-01
1.668389999999999986e+02 -4.599264000000000130e-01 -2.835557999999999801e+00 1.084771820371783872e-02 -9.726779505486373312e-04 3.583497353800504676e-03 9.999342675666698099e-01
1.681999999999999886e+02 -4.494839999999999947e-01 -2.861985999999999919e+00 1.002847101584241826e-02 -8.779352703098509351e-04 3.468695640985581391e-03 9.999433119678814430e-01
1.695602000000000089e+02 -4.424437999999999982e-01 -2.886559999999999793e+00 9.067965233629527930e-03 3.263347982225935561e-04 3.214395713647597713e-03 9.999536655127162499e-01
1.709198000000000093e+02 -4.389717000000000202e-01 -2.914239999999999942e+00 7.322819990919878647e-03 1.776912234778718668e-03 2.953629299349623365e-03 9.999672469457450141e-01
1.722840999999999951e+02 -4.111542999999999726e-01 -2.932730999999999977e+00 4.873669362541343045e-03 2.424331069951928853e-03 2.858364023191700687e-03 9.999810996818484510e-01
1.736528000000000134e+02 -3.881120000000000125e-01 -2.960770999999999820e+00 2.577619617997867034e-03 1.998054664129689153e-03 3.013382906622184658e-03 9.999901415404663929e-01
1.750290999999999997e+02 -3.779300999999999910e-01 -2.986448000000000214e+00 9.165413229749543901e-04 7.559003462070578100e-04 3.282944211746852570e-03 9.999939054034141517e-01
1.764086000000000070e+02 -3.588781999999999806e-01 -3.008538999999999852e+00 7.380306009806502070e-04 -2.325993462646243955e-04 3.348201988967527097e-03 9.999940953584762759e-01
1.777852000000000032e+02 -3.405308000000000224e-01 -3.013913000000000064e+00 2.167145188343921284e-03 -9.020544260699007218e-04 2.956720813135519342e-03 9.999928737653975830e-01
1.791606999999999914e+02 -3.214041999999999732e-01 -3.022952999999999779e+00 3.444673543618558681e-03 -8.286520468846095104e-04 2.118859518851928716e-03 9.999914789608472798e-01
1.805420000000000016e+02 -3.136545000000000027e-01 -3.041122999999999799e+00 3.655999785358786738e-03 1.222935545981493170e-03 1.080611155931966109e-03 9.999919851547559579e-01
1.819214000000000055e+02 -3.089994999999999825e-01 -3.062100000000000044e+00 3.125750800493825362e-03 3.475003383024572075e-03 3.272777163890794642e-04 9.999890234011158396e-01
1.833097999999999956e+02 -3.140564000000000133e-01 -3.088157999999999959e+00 7.361496676439188442e-04 3.934415127356197771e-03 3.522959569812113170e-05 9.999919885779826600e-01
1.847039000000000044e+02 -3.186557999999999891e-01 -3.114466000000000179e+00 -1.296690680704480712e-03 3.238206055228536138e-03 -2.072911928159996894e-05 9.999939160740558552e-01
1.860994000000000028e+02 -3.141304999999999792e-01 -3.137554999999999872e+00 -2.151569880381200978e-03 1.702540433582687982e-03 1.203765048803556091e-04 9.999962287991984722e-01
1.874987999999999886e+02 -3.087276999999999938e-01 -3.164477999999999902e+00 -2.545321891010458686e-03 6.149178979567991761e-04 3.272103929717539122e-04 9.999965180668423104e-01
1.889002999999999872e+02 -3.089327000000000045e-01 -3.193944999999999812e+00 -2.224290699379643469e-03 2.077796074011223229e-04 3.670061653930289328e-04 9.999974373292133123e-01
1.903048000000000002e+02 -3.070210999999999912e-01 -3.221858000000000111e+00 -1.477068501181125681e-03 -1.822148910301148584e-04 3.375057751396974798e-04 9.999988355774360738e-01
1.917127999999999872e+02 -3.030042000000000013e-01 -3.250529999999999919e+00 -1.834954521737681998e-04 -4.002577342740079700e-04 3.315780241032571123e-04 9.999998480895779807e-01
1.931212999999999909e+02 -3.007558000000000176e-01 -3.281162000000000134e+00 1.148183531863671046e-03 -4.045390885561540384e-04 5.202297175264286632e-04 9.999991236914881343e-01
1.945397000000000105e+02 -2.979338000000000264e-01 -3.314134999999999831e+00 2.646564905354407884e-03 -8.845538948657267119e-04 6.871220813342339157e-04 9.999958705524009117e-01
1.959592000000000098e+02 -2.945301000000000169e-01 -3.344374999999999876e+00 4.682767718195255009e-03 -1.785975157498910807e-03 8.941683440596186671e-04 9.999870411371373224e-01
1.973808999999999969e+02 -2.955048000000000119e-01 -3.384557000000000038e+00 6.400759856075952971e-03 -1.802236536550111661e-03 1.010237112751802236e-03 9.999773805630342016e-01
1.988010999999999910e+02 -2.998637000000000108e-01 -3.419364999999999988e+00 5.472165687174135491e-03 3.081208497817078352e-04 1.115009459633935001e-03 9.999843584867409430e-01
2.002241999999999962e+02 -3.150033999999999890e-01 -3.471363000000000198e+00 2.206589067769513211e-03 3.113364492536368437e-03 1.346029521422840340e-03 9.999918130318617981e-01
2.016572999999999922e+02 -3.321987000000000134e-01 -3.515079000000000065e+00 -2.462335357655027080e-03 3.363154658863997792e-03 1.941804088564882741e-03 9.999894276902174806e-01
2.030947999999999922e+02 -3.485808000000000240e-01 -3.555575999999999848e+00 -6.592501774045292015e-03 1.246145969545181705e-03 2.659844804843235211e-03 9.999739552939346243e-01
2.045324999999999989e+02 -3.518432000000000226e-01 -3.580327000000000037e+00 -7.330833367342870673e-03 4.702334088944599803e-05 3.045056646892171752e-03 9.999684916540936275e-01
2.059704000000000121e+02 -3.481358999999999981e-01 -3.604083000000000148e+00 -6.313097495826888381e-03 7.007756500554065829e-05 2.778762521914357811e-03 9.999762089009867072e-01
2.074182999999999879e+02 -3.438313000000000064e-01 -3.628674000000000177e+00 -4.767632419552051033e-03 4.565371883607660544e-05 2.195383739299940247e-03 9.999862238486524335e-01
2.088678999999999917e+02 -3.421980000000000022e-01 -3.650885999999999854e+00 -3.528244599216591535e-03 8.382223193059312359e-05 1.632986560984118216e-03 9.999924388808012488e-01
2.103232000000000141e+02 -3.429637999999999853e-01 -3.674360000000000070e+00 -3.709915035956694047e-03 5.223886589224167789e-04 1.375132947923821515e-03 9.999920362932349649e-01
2.117848999999999933e+02 -3.479510000000000103e-01 -3.708944999999999936e+00 -4.432433121905438381e-03 4.531545942360296238e-04 1.321956777618660435e-03 9.999892002505885724e-01
2.132452999999999861e+02 -3.533161000000000218e-01 -3.741769000000000123e+00 -5.058151217747290998e-03 -3.677863965790996567e-05 1.262079896044794721e-03 9.999864103616239452e-01
2.147142000000000053e+02 -3.575808999999999793e-01 -3.778064999999999785e+00 -4.764119904281404784e-03 3.124355232322389888e-05 1.143980974132018276e-03 9.999879966744145143e-01
2.161863999999999919e+02 -3.574839000000000211e-01 -3.809987000000000013e+00 -4.554109260652590419e-03 7.320398692192369274e-04 9.443932244781777681e-04 9.999889161025283801e-01
2.176614999999999895e+02 -3.559811999999999976e-01 -3.837086999999999914e+00 -4.178986303252222798e-03 7.801458372503250515e-04 8.471062170108706758e-04 9.999906048843694162e-01
2.191418999999999926e+02 -3.604881999999999809e-01 -3.867618999999999918e+00 -4.355119203200225921e-03 6.078652451878166323e-04 6.230163946189401719e-04 9.999901375949372673e-01
2.206192000000000064e+02 -3.669046999999999725e-01 -3.899694000000000216e+00 -4.371464705859403298e-03 8.813641122737706163e-04 4.508182080577056322e-04 9.999899550778348356e-01
2.221052999999999997e+02 -3.711882000000000237e-01 -3.933170000000000055e+00 -4.396790841587705154e-03 1.016741927266030712e-03 3.513334781243953871e-04 9.999897554629927354e-01
2.235894000000000119e+02 -3.755067999999999739e-01 -3.961695999999999884e+00 -4.946237509750641033e-03 9.874408289350555985e-04 1.789038540428501982e-04 9.999872637631528338e-01
2.250789000000000044e+02 -3.771502999999999939e-01 -3.990502999999999911e+00 -4.767685077278165443e-03 1.190014621293774763e-03 7.203997249570404323e-06 9.999879264232680587e-01
2.265690999999999917e+02 -3.787707000000000157e-01 -4.017066999999999943e+00 -5.019266524645568835e-03 1.133098767930122187e-03 -1.245411006500579080e-04 9.999867536823929814e-01
2.280602000000000089e+02 -3.785265999999999909e-01 -4.048136000000000401e+00 -4.547542443183386594e-03 1.064629383717302169e-03 -1.777062918821180261e-04 9.999890773615862649e-01
2.295510999999999910e+02 -3.786613999999999813e-01 -4.075078000000000422e+00 -3.920365917371067439e-03 1.382897964256498118e-03 -1.234227428021016321e-04 9.999913515081622073e-01
2.310454000000000008e+02 -3.766086000000000156e-01 -4.099044000000000132e+00 -3.354542529785184760e-03 1.207601910510789798e-03 -4.045271661475806498e-05 9.999936435326072237e-01
2.325421000000000049e+02 -3.745701000000000169e-01 -4.124994000000000050e+00 -2.560121778458663688e-03 8.330125190252233528e-04 5.855538721792823105e-05 9.999963742123714194e-01
2.340378000000000043e+02 -3.739625999999999784e-01 -4.153623999999999761e+00 -2.480892141360942649e-03 6.156457703193621766e-04 5.396852710453887232e-05 9.999967316155921049e-01
2.355389999999999873e+02 -3.764692000000000038e-01 -4.186333000000000304e+00 -2.668989633528422081e-03 6.948626382306644740e-04 1.196533792958521366e-05 9.999961967513080197e-01
2.370446000000000026e+02 -3.784077000000000135e-01 -4.220226000000000255e+00 -3.013949819188139340e-03 1.312294355486078382e-03 1.221280112684724225e-04 9.999945895227437820e-01
2.385499000000000080e+02 -3.814943000000000084e-01 -4.253314999999999735e+00 -3.650052328848380802e-03 9.151767887437123458e-04 3.873569675832334749e-04 9.999928447364119233e-01
2.400603000000000122e+02 -3.829064999999999830e-01 -4.285388000000000197e+00 -3.807768265562915845e-03 -2.973424962565174605e-04 7.096916113238183142e-04 9.999924543845780667e-01
2.415712000000000046e+02 -3.820923999999999987e-01 -4.315102999999999689e+00 -3.673091629644715563e-03 -4.898144844570858671e-04 9.656888169002903876e-04 9.999926679355003456e-01
2.430872999999999990e+02 -3.818796999999999886e-01 -4.347138000000000169e+00 -3.797847103111339807e-03 3.068067770577081804e-04 1.203292616941858181e-03 9.999920171250673562e-01
2.446020000000000039e+02 -3.796393000000000129e-01 -4.377646000000000370e+00 -3.781066061245575913e-03 9.892046495018366834e-04 1.478952181802958496e-03 9.999912688189062093e-01
2.461230999999999938e+02 -3.770780000000000243e-01 -4.404696000000000389e+00 -4.295915104010569231e-03 7.615695118470618315e-04 1.633507721023170611e-03 9.999891483300322736e-01
2.476476999999999862e+02 -3.721572000000000213e-01 -4.432021999999999906e+00 -4.050397461443614941e-03 2.917026309358904676e-04 1.664617512231382490e-03 9.999903690728814132e-01
2.491682000000000130e+02 -3.683885000000000076e-01 -4.458218999999999710e+00 -4.089973672322523394e-03 -7.818236902419835636e-05 1.510976629241628883e-03 9.999904914310449033e-01
2.506964000000000112e+02 -3.658944000000000085e-01 -4.487063000000000024e+00 -4.253295486908138627e-03 -2.432359690232981922e-04 1.398038297421458007e-03 9.999899478508187389e-01
2.522240999999999929e+02 -3.629857000000000222e-01 -4.511300999999999561e+00 -4.986214667867158376e-03 -2.911157215363586494e-04 1.418333605965061469e-03 9.999865205315043859e-01
2.537570000000000050e+02 -3.598898999999999848e-01 -4.535745000000000360e+00 -5.476158730601074498e-03 -3.064991662284433983e-04 1.520480136451035852e-03 9.999838028108120058e-01
2.552884999999999991e+02 -3.565283000000000202e-01 -4.558441000000000187e+00 -5.776355430803205120e-03 -3.187927306739503602e-04 1.464151590205320071e-03 9.999821940160998901e-01
2.568229999999999791e+02 -3.518993999999999733e-01 -4.584939999999999571e+00 -4.987222298325611966e-03 -4.776560673945855944e-04 1.469889805961845271e-03 9.999863693482961002e-01
2.583611999999999966e+02 -3.474488000000000021e-01 -4.611577999999999733e+00 -4.238281800426420450e-03 -9.291134615115217814e-04 1.420889101771559328e-03 9.999895773405421684e-01
2.599003000000000156e+02 -3.407994999999999775e-01 -4.637603999999999616e+00 -2.826617904544321408e-03 -1.436945970723555377e-03 1.451756060604944467e-03 9.999939188924298339e-01
2.614352000000000089e+02 -3.346776000000000195e-01 -4.662237000000000187e+00 -2.057028200696888603e-03 -1.046978914985153457e-03 1.292832025602294209e-03 9.999965005216201464e-01
2.629730999999999881e+02 -3.291337999999999764e-01 -4.686550999999999689e+00 -1.444130290888436018e-03 -3.399565731397459858e-04 1.153257029108777434e-03 9.999982344561695324e-01
2.645113000000000056e+02 -3.253737999999999908e-01 -4.715745000000000076e+00 -4.695745807983999344e-04 -1.242717897173801133e-03 1.441250280138131482e-03 9.999980789729404629e-01
2.660572000000000230e+02 -3.249045999999999879e-01 -4.748173000000000421e+00 5.753596026447502969e-05 -2.505664334396951430e-03 1.664733280437161829e-03 9.999954734892361197e-01
2.675980999999999881e+02 -3.208178999999999892e-01 -4.788371999999999851e+00 1.029588910102506930e-03 -2.002454091010112507e-03 1.731775497320500387e-03 9.999959655308197082e-01
2.691376999999999953e+02 -3.173943000000000181e-01 -4.824678999999999718e+00 1.452034724462413938e-03 -1.233505938189599334e-03 1.877235754347865090e-03 9.999964230156936917e-01
2.706770999999999958e+02 -3.166024000000000060e-01 -4.866051999999999822e+00 9.663952078977773282e-04 -1.193112269123263033e-03 2.199157868895711219e-03 9.999964031275727638e-01
2.722185000000000059e+02 -3.155942999999999943e-01 -4.906588000000000171e+00 2.292724856927012367e-04 -1.384854557814738226e-03 2.740231976043973165e-03 9.999952603591171219e-01
2.737649000000000115e+02 -3.140400999999999887e-01 -4.950218999999999703e+00 -6.202615224645398285e-04 -1.177593912190648970e-03 3.219390580509777326e-03 9.999939320178456992e-01
2.753072000000000230e+02 -3.112308999999999770e-01 -4.987625999999999671e+00 -1.216505500502557255e-03 -1.135360083432042280e-03 3.699970166271109636e-03 9.999917706124469285e-01
2.768534999999999968e+02 -3.114205999999999919e-01 -5.039836000000000205e+00 -1.595295879483206577e-03 -9.560646664381697996e-04 4.095090654040956825e-03 9.999898855508219109e-01
2.783951999999999884e+02 -3.062025999999999915e-01 -5.082754999999999690e+00 -1.773097486511950689e-03 -6.546743410801289303e-04 4.513704810956540095e-03 9.999880269261678389e-01
2.799451000000000249e+02 -3.011291999999999858e-01 -5.134135999999999811e+00 -1.503291897928338153e-03 -4.244493092850769615e-04 4.967137898303041268e-03 9.999864436567891257e-01
2.814957999999999743e+02 -2.897536000000000000e-01 -5.172037999999999691e+00 -1.208781314965264074e-03 -5.052287095122677671e-04 5.386742731831196257e-03 9.999846331791427678e-01
2.830498000000000047e+02 -2.764899000000000107e-01 -5.210036999999999807e+00 -7.520026830993223202e-04 -1.160058086577673035e-03 5.760013476806958091e-03 9.999824553470662014e-01
2.846005000000000109e+02 -2.599233000000000238e-01 -5.241690000000000182e+00 -4.309035901879908767e-05 -1.367882864470117187e-03 5.932255001015881817e-03 9.999814675234202088e-01
2.861453999999999951e+02 -2.447295999999999916e-01 -5.277598000000000233e+00 2.880329439380251524e-04 -1.886372938457143522e-04 5.963561502368644983e-03 9.999821585344420560e-01
2.876999000000000137e+02 -2.301583000000000101e-01 -5.316244000000000192e+00 7.525032668700155219e-04 1.096288327909108453e-03 5.785461999520409571e-03 9.999823800048616151e-01
2.892536000000000058e+02 -2.170805000000000096e-01 -5.355147999999999797e+00 5.926015733451866488e-04 1.246436834241687955e-03 5.364082129665125910e-03 9.999846608031043305e-01
2.908102999999999838e+02 -2.045250999999999875e-01 -5.390475000000000350e+00 1.396274711741608875e-03 9.104984408302798683e-04 5.009484823866618836e-03 9.999860631385408816e-01
2.923691999999999780e+02 -1.926926999999999945e-01 -5.424877999999999645e+00 1.346384878848296386e-03 1.216073842000090551e-03 4.502351349344159426e-03 9.999882185528466971e-01
2.939316000000000031e+02 -1.828270999999999924e-01 -5.462577999999999712e+00 1.211732553169293661e-03 1.350674271227846231e-03 4.222024359920316210e-03 9.999894408910211530e-01
2.955006999999999948e+02 -1.753107000000000137e-01 -5.502144000000000368e+00 1.190994464020694388e-03 1.096387382807380078e-03 3.867510729765258858e-03 9.999912108752000428e-01
2.970722999999999843e+02 -1.681708000000000092e-01 -5.542653999999999748e+00 1.413061182265843655e-03 9.425572086564948686e-04 3.442297913596664444e-03 9.999926326874002402e-01
2.986501999999999839e+02 -1.571664000000000116e-01 -5.573209000000000302e+00 1.735048055375418763e-03 5.535665379267954659e-04 2.924746371627990737e-03 9.999940644978825288e-01
3.002366999999999848e+02 -1.498300999999999938e-01 -5.605661999999999701e+00 9.417677476483733712e-04 -2.305801175650840562e-04 2.645972279319711365e-03 9.999960293606249273e-01
3.018211000000000013e+02 -1.436566999999999983e-01 -5.638055999999999734e+00 6.775372351676678655e-04 -5.177679722865644431e-04 2.961941392952639664e-03 9.999952498701213388e-01
3.034130000000000109e+02 -1.362308000000000130e-01 -5.674044999999999561e+00 3.899952188119456902e-04 -2.537911665151724289e-04 3.447553940274555168e-03 9.999939489144931137e-01
3.050095000000000027e+02 -1.245795999999999987e-01 -5.704926999999999637e+00 1.032993909348101872e-03 -2.720254761552073431e-05 3.638248096036365668e-03 9.999928476416201084e-01
3.066086000000000240e+02 -1.113075000000000037e-01 -5.740562999999999860e+00 1.893701677418592813e-03 4.109934695300516798e-04 3.725787312198106278e-03 9.999911817047335560e-01
3.082115999999999758e+02 -1.009904999999999969e-01 -5.775938000000000017e+00 2.719722265021457842e-03 1.380626009577960419e-03 3.875422544200101110e-03 9.999878389674180523e-01
3.098188999999999851e+02 -9.649989999999999957e-02 -5.821106000000000336e+00 2.850965037264358275e-03 1.873900001369291357e-03 3.876453719222426163e-03 9.999866667129636566e-01
3.114331000000000245e+02 -9.324941000000000479e-02 -5.863045999999999758e+00 2.580129854971888442e-03 2.328160580037530285e-03 2.816219720781823130e-03 9.999899957023216102e-01
3.130445000000000277e+02 -9.658434000000000463e-02 -5.907765999999999629e+00 2.114367484135228244e-03 2.119690516194087503e-03 1.743863752713938281e-03 9.999939976327204549e-01
3.146682000000000130e+02 -1.065230000000000066e-01 -5.952028999999999570e+00 1.243221851459677153e-03 5.417353835891131671e-04 1.541394725390721632e-03 9.999978925100306837e-01
3.162952999999999975e+02 -1.079810999999999965e-01 -5.990687999999999569e+00 1.856514513439928458e-03 -1.099988303601672759e-03 1.794040519016250551e-03 9.999960623913523028e-01
3.179241000000000099e+02 -1.086696000000000051e-01 -6.032426000000000066e+00 2.380672263207727225e-03 -1.521414795644908911e-03 1.898756227141533155e-03 9.999942061939082194e-01
3.195525000000000091e+02 -1.058419000000000026e-01 -6.068361999999999590e+00 3.095669463436916992e-03 -8.643087717760410170e-04 2.038882044957516550e-03 9.999927563542282405e-01
3.211822999999999979e+02 -1.039698000000000011e-01 -6.106844999999999857e+00 3.480513688342886779e-03 -8.818373386664718266e-04 2.209170387351569106e-03 9.999911139373054425e-01
3.228138999999999896e+02 -1.009179000000000048e-01 -6.143404000000000309e+00 3.418102349730531980e-03 -1.091279429046209271e-03 2.308396503030880724e-03 9.999908984541405754e-01
3.244397000000000162e+02 -9.883113000000000314e-02 -6.185281999999999947e+00 3.485584001875755098e-03 -9.901232296687808264e-04 2.552842836084741850e-03 9.999901766285558269e-01
3.260681999999999903e+02 -9.648437999999999459e-02 -6.224088000000000065e+00 2.764024518737921016e-03 -6.898177452175866540e-04 2.793207501215034996e-03 9.999920411242247953e-01
3.276976000000000226e+02 -9.411052000000000306e-02 -6.268818999999999697e+00 2.369002116459523275e-03 -3.110847617858087961e-04 3.128172752176827144e-03 9.999922527652280735e-01
3.293242000000000189e+02 -8.496955999999999953e-02 -6.305428000000000033e+00 2.929351170546889722e-03 -1.207544673648151649e-03 3.551596716552594783e-03 9.999886733850257281e-01
3.309508000000000152e+02 -7.442717999999999556e-02 -6.342113000000000334e+00 3.377059352026187677e-03 -1.762481571518750281e-03 3.618030427327638063e-03 9.999861993971066454e-01
3.325693999999999733e+02 -6.421230999999999467e-02 -6.372244000000000241e+00 3.990755370432736045e-03 -1.030725946683279642e-03 3.465464003118239739e-03 9.999855009123078675e-01
3.341893000000000029e+02 -5.844894999999999952e-02 -6.413496999999999559e+00 3.588195488198752878e-03 -1.083525113504204412e-03 3.471297715541654064e-03 9.999869503741721788e-01
3.358023999999999774e+02 -5.434960999999999959e-02 -6.450779999999999959e+00 2.392342278094718253e-03 -4.084558152252154095e-04 3.417665290429456812e-03 9.999912146745261188e-01
3.374096999999999866e+02 -4.949748000000000342e-02 -6.492550999999999739e+00 1.791325656165072876e-03 1.747335314665497902e-03 3.051543189306951068e-03 9.999922129976089868e-01
3.390210999999999899e+02 -4.548042000000000057e-02 -6.532187999999999661e+00 1.000186381613518477e-03 1.181212969902470464e-03 2.615890613536588343e-03 9.999953807290411500e-01
3.406286999999999807e+02 -4.257007000000000152e-02 -6.571397000000000155e+00 7.299915529831522542e-04 -5.322984970034128765e-04 2.181536635218879645e-03 9.999972123303904059e-01
3.422461999999999875e+02 -3.930295999999999790e-02 -6.601810999999999652e+00 1.377741602922111306e-04 -2.156575237590300283e-03 1.650016111380886528e-03 9.999963038173479424e-01
3.438528000000000020e+02 -3.681003000000000053e-02 -6.628917999999999644e+00 -1.047189785654674773e-04 -1.528133355753520271e-03 1.045691533099873559e-03 9.999982801843211311e-01
3.454524999999999864e+02 -3.514658999999999839e-02 -6.652782000000000195e+00 2.219862053512133815e-04 -5.087148195543761409e-04 1.359412685866614751e-04 9.999998367256509590e-01
3.470554000000000201e+02 -3.454789999999999944e-02 -6.677643999999999913e+00 7.208787604212488556e-04 -1.291406810103103890e-03 -8.119728881035266979e-04 9.999985766501332529e-01
3.486551000000000045e+02 -3.707175000000000054e-02 -6.708152000000000115e+00 1.533568660452849222e-03 -1.725044335981856499e-03 -1.310103872065780661e-03 9.999964780023212763e-01
3.502531999999999925e+02 -4.156332000000000082e-02 -6.737238999999999756e+00 1.672904115955136783e-03 -1.247658438401325239e-03 -1.526673625057978559e-03 9.999966569983533837e-01
3.518478000000000065e+02 -5.261017999999999945e-02 -6.773058999999999941e+00 2.004447088195548000e-03 -7.976714202411474500e-04 -1.635240236544965083e-03 9.999963359440596777e-01
3.534463999999999828e+02 -6.277075000000000016e-02 -6.805862000000000300e+00 2.037041450147152911e-03 -8.263096235033014041e-04 -1.645466719969592567e-03 9.999962300497987622e-01
3.550378999999999792e+02 -7.506606000000000389e-02 -6.843563999999999758e+00 2.284176377301110235e-03 -7.390351148704856019e-04 -1.629976369991946363e-03 9.999957897623417136e-01
3.566308000000000220e+02 -8.570355999999999808e-02 -6.882551999999999559e+00 2.608648645015164847e-03 -4.382668744299357761e-04 -1.645664477100445547e-03 9.999951473196369012e-01
3.582217999999999734e+02 -9.729988999999999999e-02 -6.921763000000000332e+00 2.701066806413273628e-03 -1.077342756801720860e-04 -1.708719984065448739e-03 9.999948864406503768e-01
3.598125000000000000e+02 -1.091014000000000012e-01 -6.958714999999999762e+00 2.949148317889799947e-03 -2.863580572675356148e-04 -1.672053926838560712e-03 9.999942123627155732e-01
3.614037000000000148e+02 -1.223014000000000046e-01 -6.995935000000000237e+00 2.734033948942758870e-03 2.152900984023297488e-04 -1.635483594178405988e-03 9.999949019379812398e-01
3.629889999999999759e+02 -1.322205999999999937e-01 -7.034017000000000408e+00 3.494198224393129954e-03 8.263126289402519288e-04 -1.602595871665342181e-03 9.999922697064613786e-01
3.645867000000000075e+02 -1.419951999999999881e-01 -7.072716999999999921e+00 4.171844070863606722e-03 8.511596804812134650e-05 -1.542456027564082302e-03 9.999901046019022965e-01
3.661838000000000193e+02 -1.552998999999999907e-01 -7.112397999999999776e+00 5.004454652382718353e-03 -4.920984240635140712e-04 -1.605401344098728684e-03 9.999860678825969185e-01
3.677810999999999808e+02 -1.668614999999999959e-01 -7.146884000000000015e+00 5.279112641596324547e-03 -1.429506701175323787e-04 -1.580821748271492343e-03 9.999848056532776308e-01
3.693865999999999872e+02 -1.858911000000000036e-01 -7.188290000000000290e+00 4.721895541702807002e-03 2.950820209122349477e-04 -1.394448992957345859e-03 9.999878359965685970e-01
3.709753000000000043e+02 -2.029185000000000016e-01 -7.225081000000000309e+00 3.717883671643459984e-03 -3.316114350287438159e-04 -1.152511060458136271e-03 9.999923695174458560e-01
3.726154000000000224e+02 -2.229981000000000047e-01 -7.268839999999999968e+00 3.050506539259879076e-03 -4.797812333221894562e-04 -9.013061651128554015e-04 9.999948259201237866e-01
3.742253000000000043e+02 -2.378134000000000081e-01 -7.306808000000000192e+00 2.849484275314333615e-03 -3.543727576959732257e-04 -7.166544001565768734e-04 9.999956206233026057e-01
3.757810999999999808e+02 -2.519893000000000272e-01 -7.344935999999999687e+00 2.939702472881519299e-03 4.429396173574356489e-05 -6.001164493441617448e-04 9.999954980136975813e-01
3.773872999999999820e+02 -2.625877999999999823e-01 -7.379336000000000340e+00 2.858910561267234175e-03 1.670954799479842403e-04 -4.594133131882092947e-04 9.999957938156095461e-01
3.789929000000000201e+02 -2.704012000000000082e-01 -7.414418000000000397e+00 2.667857203633397511e-03 1.941062060105993279e-04 -3.469821370568480952e-04 9.999963622254425255e-01
3.806071000000000026e+02 -2.783585000000000087e-01 -7.448411000000000115e+00 2.091631622944385791e-03 1.348947731457285771e-04 -1.909611220641136895e-04 9.999977852047492455e-01
3.822201999999999771e+02 -2.877925000000000066e-01 -7.485057000000000293e+00 1.445689559990907813e-03 -2.259778188444272495e-04 -2.810315782509322310e-05 9.999989290623935156e-01
3.838408000000000015e+02 -2.960865999999999776e-01 -7.522078999999999738e+00 8.692613158014990708e-04 8.139082956918192158e-05 1.056553133844371519e-04 9.999996132985514707e-01
3.854511999999999716e+02 -3.039651999999999910e-01 -7.558709000000000344e+00 4.372817148875070238e-04 3.739416268673362818e-04 2.404848494339984378e-04 9.999998055596804880e-01
3.870677999999999770e+02 -3.110173999999999994e-01 -7.596747999999999834e+00 6.410785725966082883e-05 3.262807119484709617e-04 4.036686457119857100e-04 9.999998632413427124e-01
3.886856999999999971e+02 -3.164538000000000073e-01 -7.631598000000000326e+00 -5.583424284412289752e-04 -1.332792425948497355e-04 5.303851695063399249e-04 9.999996945909274126e-01
3.903059000000000083e+02 -3.206582000000000043e-01 -7.664429000000000158e+00 -1.120977384818985486e-03 -4.920893731655925267e-04 7.256467346068727663e-04 9.999989873467712842e-01
3.919359000000000037e+02 -3.238002999999999854e-01 -7.696195000000000341e+00 -1.451831407038759250e-03 -1.585640855844326971e-04 9.195501162090736038e-04 9.999985107341811119e-01
3.935579000000000178e+02 -3.237896000000000107e-01 -7.731690999999999647e+00 -1.462969923649854679e-03 -2.307596322912147517e-04 1.045534982100343631e-03 9.999983566614476516e-01
