-2.375780 4.834074 2.143310 0.945149
-2.375273 4.854501 2.143447 0.952976
-2.375257 4.795670 2.142386 0.926194
-2.374856 4.775878 2.142296 0.918653
-2.373813 4.874779 2.143837 0.961536
-2.373305 4.814961 2.142811 0.935330
-2.372616 4.756202 2.142465 0.911757
-2.370708 4.736943 2.142704 0.903941
-2.369659 4.895504 2.144122 0.968461
-2.366651 4.916366 2.144374 0.975262
-2.364740 4.716921 2.143890 0.898940
-2.357558 4.697015 2.145747 0.894000
-2.354062 4.937403 2.144685 0.980007
-2.349312 4.958962 2.145060 0.984761
-2.348587 4.677451 2.148319 0.888449
-2.341331 4.980594 2.145399 0.988264
-2.340190 4.657826 2.151027 0.883061
-2.337332 5.002382 2.145559 0.991215
-2.327657 5.024058 2.145586 0.990929
-2.324809 4.639009 2.154426 0.877709
-2.316949 5.045486 2.145387 0.988951
-2.308484 4.620283 2.157988 0.872907
-2.304840 5.066697 2.145365 0.987075
-2.291447 5.087360 2.144927 0.984362
-2.290771 4.602234 2.161720 0.866835
-2.276281 5.107239 2.144484 0.980019
-2.271403 4.584318 2.165652 0.861499
-2.259177 5.126561 2.144032 0.976067
-2.249938 4.566900 2.169523 0.855984
-2.235742 5.144807 2.144007 0.973446
-2.228324 4.550828 2.172846 0.847446
-2.209036 5.162064 2.144005 0.970583
-2.205595 4.535252 2.175765 0.838384
-2.181509 5.179010 2.143951 0.968299
-2.180949 4.519909 2.178977 0.829578
-2.153942 5.196228 2.143695 0.965891
-2.153596 4.506095 2.181628 0.819558
-2.126850 4.491525 2.183869 0.810643
-2.123523 5.212722 2.143420 0.963793
-2.099153 4.478088 2.185358 0.800514
-2.091585 5.228589 2.142870 0.960924
-2.074005 4.464523 2.185877 0.789746
-2.056350 5.243694 2.142089 0.960158
-2.048683 4.451266 2.185542 0.778788
-2.022475 4.438802 2.184774 0.767241
-2.016168 5.256964 2.141528 0.959766
-1.995523 4.426220 2.183589 0.756050
-1.973914 5.269297 2.140966 0.960411
-1.968874 4.413496 2.182155 0.744301
-1.939592 4.400605 2.181028 0.733691
-1.929374 5.280460 2.140375 0.961330
-1.904904 4.389293 2.180377 0.723228
-1.883542 5.291048 2.140044 0.962697
-1.868547 4.377854 2.179766 0.713508
-1.835056 5.300043 2.139988 0.964519
-1.833250 4.365539 2.179067 0.704280
-1.796825 4.353735 2.178698 0.695211
-1.786805 5.309154 2.139961 0.967286
-1.758760 4.342381 2.178019 0.686570
-1.736253 5.316281 2.140075 0.970185
-1.720522 4.331779 2.177465 0.676978
-1.685198 5.322607 2.140242 0.974211
-1.681052 4.322038 2.176864 0.667419
-1.643037 4.311711 2.176006 0.658025
-1.633212 5.328172 2.140428 0.977875
-1.603711 4.302166 2.175389 0.648581
-1.580886 5.332417 2.140644 0.982929
-1.565253 4.293332 2.174625 0.637834
-1.528546 5.337287 2.141337 0.987264
-1.524049 4.284162 2.173867 0.628641
-1.483751 4.275242 2.172840 0.618906
-1.475391 5.340413 2.141877 0.991667
-1.443443 4.267025 2.172029 0.608800
-1.421966 5.343488 2.142047 0.994823
-1.404376 4.259370 2.170995 0.597524
-1.368152 5.345745 2.142312 0.997911
-1.365581 4.251766 2.170177 0.585366
-1.327786 4.243790 2.169314 0.573042
-1.314318 5.348442 2.142379 0.998657
-1.287787 4.235935 2.168616 0.561260
-1.260690 5.351701 2.142741 0.999000
-1.245544 4.228119 2.167736 0.550377
-1.206734 5.354806 2.143122 0.997901
-1.202981 4.219593 2.166903 0.539692
-1.157279 4.210510 2.165937 0.530636
-1.152077 5.356989 2.143243 0.996715
-1.110060 4.201966 2.165251 0.520769
-1.097447 5.359528 2.143391 0.994729
-1.064092 4.193742 2.164518 0.509107
-1.042468 5.362528 2.143570 0.994069
-1.014548 5.992193 2.038579 0.330253
-1.013795 4.184009 2.163732 0.500423
-1.013568 5.985483 2.037195 0.312515
-1.012125 5.978710 2.035701 0.294796
-1.009439 5.996619 2.039864 0.348013
-1.006609 5.970254 2.034404 0.277972
-1.002928 5.961064 2.032994 0.261677
-1.002870 6.001212 2.041051 0.365391
-0.997806 5.952969 2.031833 0.245062
-0.992015 6.006087 2.042238 0.381812
-0.988930 5.944113 2.031091 0.229136
-0.987681 5.365092 2.143563 0.992739
-0.983472 5.934773 2.030637 0.214147
-0.978807 6.009685 2.043442 0.398221
-0.971056 5.927367 2.030404 0.199242
-0.962477 4.174867 2.163204 0.490365
-0.961615 6.011870 2.044447 0.413639
-0.961118 5.915808 2.030051 0.186823
-0.952278 5.903188 2.029572 0.175547
-0.942199 6.013520 2.045718 0.428655
-0.941537 5.890016 2.028889 0.165000
-0.933190 5.366987 2.143505 0.990816
-0.927021 5.875859 2.028369 0.156427
-0.919748 6.013849 2.046748 0.443052
-0.913607 5.861885 2.027687 0.146801
-0.910405 4.164000 2.162671 0.481461
-0.899381 5.848074 2.027108 0.136599
-0.898728 6.012388 2.047720 0.457493
-0.886023 5.833823 2.026587 0.126449
-0.878618 5.368811 2.143624 0.989101
-0.875156 6.013944 2.048659 0.471118
-0.871284 5.819157 2.026041 0.117274
-0.855982 4.153170 2.161966 0.472733
-0.852977 5.805069 2.025582 0.107710
-0.852586 6.014502 2.049642 0.485245
-0.834481 6.015028 2.050615 0.500403
-0.833515 5.790340 2.024870 0.099000
-0.824093 5.370466 2.143797 0.987741
-0.818252 6.014534 2.051563 0.515377
-0.812443 5.774953 2.024014 0.091821
-0.800773 4.141010 2.161263 0.465380
-0.800223 6.015136 2.052345 0.529620
-0.786751 5.760257 2.023090 0.085308
-0.785306 6.015856 2.053231 0.544236
-0.770300 5.373534 2.144351 0.987638
-0.767761 6.015591 2.054196 0.558107
-0.762580 5.744931 2.022397 0.079667
-0.750621 6.014516 2.055106 0.571187
-0.741771 4.130423 2.161095 0.458118
-0.738276 5.729652 2.021690 0.074008
-0.734923 6.013197 2.055795 0.583631
-0.717362 6.011705 2.056586 0.594861
-0.716535 5.375327 2.144384 0.987710
-0.714101 5.714683 2.021239 0.068498
-0.700593 6.010661 2.057307 0.605870
-0.689978 5.698993 2.021202 0.065595
-0.685425 4.118998 2.160467 0.447729
-0.679263 6.010747 2.058082 0.615576
-0.666075 5.683311 2.021215 0.062859
-0.663479 5.377280 2.144967 0.989579
-0.654776 6.010131 2.058783 0.625153
-0.645337 5.666806 2.021619 0.061148
-0.627434 6.009884 2.059440 0.634502
-0.626263 5.650815 2.021915 0.057327
-0.624740 4.107755 2.160071 0.439583
-0.611029 5.378456 2.145210 0.992106
-0.607082 5.634494 2.022308 0.055786
-0.597508 6.010934 2.059960 0.642844
-0.589750 5.618293 2.022440 0.051660
-0.568858 5.602499 2.022484 0.048458
-0.565534 6.013273 2.060200 0.648842
-0.565218 4.096081 2.159442 0.428800
-0.559481 5.380165 2.145541 0.995227
-0.547275 5.587009 2.022508 0.043907
-0.534147 6.014643 2.060274 0.654384
-0.529054 5.570704 2.022393 0.040130
-0.508410 5.381843 2.145803 0.998123
-0.507687 5.555028 2.022273 0.036508
-0.504029 6.016753 2.060439 0.659498
-0.503536 4.084845 2.158833 0.417731
-0.484195 5.539536 2.022339 0.033344
-0.475098 6.018259 2.060791 0.664961
-0.462985 5.523406 2.022200 0.030998
-0.457292 5.382147 2.145571 1.000246
-0.448356 6.019994 2.061123 0.671266
-0.440809 5.507009 2.022145 0.029093
-0.440628 4.073060 2.158086 0.406600
-0.422800 6.019708 2.061202 0.677772
-0.415559 5.490962 2.022052 0.026789
-0.406704 5.382552 2.144742 1.002074
-0.397625 6.020246 2.061277 0.683271
-0.389076 5.474424 2.022055 0.025251
-0.375706 4.061933 2.157403 0.395553
-0.374880 6.020312 2.061424 0.689505
-0.360895 5.457752 2.021774 0.023083
-0.356212 5.382877 2.143350 1.002218
-0.353307 6.020548 2.061602 0.695391
-0.333204 6.020391 2.061769 0.701081
-0.331048 5.440442 2.021650 0.021280
-0.313063 6.020852 2.062154 0.705791
-0.310910 4.049808 2.156648 0.384813
-0.306199 5.383182 2.141366 1.001233
-0.301464 5.422738 2.021148 0.018391
-0.293792 6.020888 2.062482 0.710497
-0.275034 6.020091 2.062731 0.715454
-0.271150 5.404451 2.020619 0.015634
-0.257018 5.383914 2.139223 0.999762
-0.256131 6.019143 2.063148 0.721106
-0.245511 4.038574 2.155834 0.373322
-0.242980 5.385105 2.020007 0.012104
-0.236293 6.016951 2.063580 0.727468
-0.212843 6.014500 2.063881 0.733625
-0.211257 5.366468 2.019354 0.007565
-0.207846 5.385892 2.136920 0.997280
-0.187357 6.012170 2.064311 0.739697
-0.181667 5.346742 2.018671 0.003699
-0.178054 4.026763 2.155143 0.362325
-0.159144 6.010138 2.064799 0.745807
-0.157213 5.385704 2.134751 0.995202
-0.151628 5.327307 2.017955 -0.001497
-0.132331 6.005548 2.065587 0.753347
-0.121769 5.307948 2.017272 -0.006816
-0.112607 4.014094 2.154367 0.352050
-0.105370 5.385758 2.132675 0.992670
-0.100303 6.002629 2.066638 0.759929
-0.088578 5.289465 2.016581 -0.012944
-0.067725 5.999505 2.067692 0.766877
-0.055956 5.270573 2.016039 -0.017739
-0.052293 5.384467 2.130543 0.990377
-0.045739 4.001577 2.153726 0.342285
-0.034323 5.996050 2.068758 0.773346
-0.023497 5.251516 2.015651 -0.022291
-0.001043 5.993258 2.069945 0.779325
0.001858 5.384103 2.128748 0.987441
0.006110 5.231860 2.015355 -0.026232
0.021442 3.988455 2.152911 0.332830
0.032604 5.991183 2.071062 0.784803
0.036592 5.212324 2.015252 -0.030725
0.057547 5.383739 2.127224 0.984434
0.065278 5.989132 2.072043 0.790221
0.068726 5.192704 2.015261 -0.033138
0.089581 3.976061 2.152056 0.323948
0.098389 5.172343 2.015209 -0.035582
0.098546 5.987481 2.072686 0.794906
0.113124 5.385329 2.126076 0.979894
0.130150 5.152504 2.015415 -0.037321
0.131477 5.986547 2.073134 0.799684
0.155901 3.963073 2.151153 0.313789
0.158456 5.132017 2.015372 -0.039101
0.164843 5.986293 2.073362 0.803926
0.169912 5.385764 2.124939 0.975871
0.188315 5.111578 2.015517 -0.039318
0.198288 5.985351 2.073743 0.808012
0.219479 5.090772 2.015678 -0.039764
0.223760 3.950364 2.150250 0.304022
0.227183 5.387930 2.124220 0.971928
0.232199 5.984609 2.073966 0.811780
0.251017 5.069560 2.015848 -0.038746
0.266821 5.983734 2.074270 0.815110
0.281496 5.047727 2.016009 -0.038345
0.284977 5.390555 2.123714 0.968094
0.294287 3.938019 2.149163 0.296634
0.302948 5.983190 2.074664 0.817933
0.312409 5.026091 2.015933 -0.037867
0.340712 5.004636 2.015470 -0.037595
0.340965 5.982896 2.074917 0.820726
0.343880 5.392482 2.123386 0.965431
0.362911 3.925192 2.147836 0.285794
0.371132 4.982777 2.014822 -0.038531
0.380996 5.982719 2.074868 0.823313
0.403433 5.394959 2.123200 0.963344
0.405183 4.961437 2.014634 -0.036839
0.423226 5.982300 2.074661 0.825890
0.433762 3.913136 2.146368 0.277207
0.434891 4.939386 2.014187 -0.037360
0.464047 5.397057 2.123205 0.963315
0.467286 5.981292 2.074131 0.828033
0.470611 4.917614 2.013693 -0.038130
0.503051 4.894671 2.012769 -0.040902
0.504922 3.900863 2.144799 0.270652
0.513487 5.980137 2.073512 0.829907
0.525683 5.398724 2.123249 0.964340
0.534734 4.871725 2.011247 -0.045294
0.562101 5.979236 2.072735 0.830412
0.562620 4.848188 2.009329 -0.050655
0.577235 3.889427 2.143143 0.264423
0.587766 5.400896 2.123341 0.966724
0.597823 4.826168 2.007129 -0.056060
0.612777 5.977965 2.071735 0.831540
0.629606 4.803599 2.004486 -0.061579
0.648573 3.876692 2.141229 0.261276
0.650479 5.403580 2.123434 0.968888
0.664113 4.782602 2.001288 -0.069350
0.665217 5.977303 2.070430 0.831355
0.697999 4.761527 1.998049 -0.076741
0.713965 5.405898 2.123548 0.972180
0.718863 5.978265 2.068769 0.831069
0.720299 3.864421 2.138831 0.254575
0.734478 4.741537 1.994544 -0.084545
0.773797 5.978017 2.066778 0.830641
0.774124 4.723171 1.991149 -0.093328
0.777607 5.407704 2.123796 0.975723
0.791003 3.853121 2.136053 0.247493
0.812741 4.703614 1.988071 -0.099103
0.830559 5.979400 2.064731 0.829808
0.841519 5.408997 2.124257 0.979293
0.847556 4.682871 1.985428 -0.103722
0.860795 3.840457 2.133137 0.243616
0.883194 4.661962 1.983352 -0.106120
0.888474 5.981153 2.061718 0.829524
0.905715 5.410525 2.124699 0.981419
0.916557 4.640397 1.981538 -0.109486
0.929655 3.828389 2.129722 0.238250
0.946477 5.983864 2.058525 0.829836
0.950912 4.618768 1.980110 -0.111415
0.969729 5.412064 2.124938 0.983483
0.982033 4.596401 1.978984 -0.112442
0.998223 3.816404 2.126032 0.233908
1.003695 5.987665 2.055022 0.831193
1.016799 4.574976 1.978015 -0.111802
1.033233 5.414605 2.125251 0.984818
1.050554 4.553338 1.976778 -0.111202
1.060013 5.992774 2.051472 0.833327
1.066902 3.805552 2.122291 0.228470
1.083857 4.531686 1.975408 -0.110767
1.096049 5.417563 2.125227 0.985244
1.115450 4.509821 1.973856 -0.109517
1.115553 5.998818 2.048475 0.835303
1.135443 3.794489 2.119133 0.226027
1.147903 4.488480 1.972564 -0.106605
1.157915 5.421215 2.125307 0.985286
1.170419 6.005597 2.045809 0.837960
1.184886 4.468106 1.971053 -0.104749
1.203729 3.782917 2.116345 0.225507
1.218937 5.423768 2.125340 0.986479
1.219104 4.446942 1.969176 -0.101776
1.224348 6.013345 2.043785 0.841895
1.253280 4.425461 1.967242 -0.098387
1.271756 3.770662 2.113898 0.222318
1.277801 6.022408 2.042053 0.844893
1.279052 5.427178 2.125320 0.986570
1.290613 4.404624 1.964718 -0.094162
1.328664 4.383831 1.962025 -0.089657
1.331208 6.031941 2.040593 0.848119
1.337446 5.432183 2.125207 0.986640
1.341996 3.759241 2.111992 0.222152
1.365477 4.362838 1.958678 -0.085487
1.384704 6.042104 2.039361 0.850223
1.394951 5.437386 2.125270 0.986770
1.408787 4.343890 1.955086 -0.080399
1.411679 3.747102 2.110631 0.221455
1.439928 6.051538 2.038410 0.851920
1.451478 5.442789 2.125442 0.987317
1.455596 4.326905 1.951415 -0.073167
1.483268 3.736593 2.109735 0.222928
1.496737 6.060534 2.037863 0.853767
1.502789 4.311053 1.947609 -0.064069
1.507152 5.448883 2.125636 0.988888
1.546152 4.293841 1.943779 -0.054195
1.553207 3.724472 2.109255 0.225462
1.553732 6.070357 2.037454 0.855016
1.561357 5.455765 2.125545 0.991264
1.589833 4.276870 1.939984 -0.044027
1.609673 6.081855 2.036888 0.854568
1.614832 5.462975 2.125589 0.994276
1.622414 3.711595 2.109324 0.227827
1.634297 4.259511 1.936377 -0.034972
1.666838 5.471679 2.125582 0.997635
1.666907 6.092847 2.036602 0.854552
1.675146 4.240437 1.932713 -0.026425
1.688971 3.696966 2.109434 0.230281
1.714649 4.220784 1.929161 -0.017643
1.720109 5.478624 2.125720 1.001678
1.724175 6.104284 2.036234 0.854076
1.758433 3.685117 2.110074 0.233803
1.762942 4.202744 1.925794 -0.011905
1.771845 5.487421 2.125829 1.005650
1.780083 6.117144 2.035878 0.852270
1.807774 4.183033 1.922774 -0.006183
1.822531 5.496905 2.125865 1.009489
1.826138 3.672213 2.110929 0.237026
1.837060 6.130018 2.035745 0.850572
1.849771 4.162367 1.920202 -0.000557
1.873152 5.506431 2.125785 1.013084
1.889629 3.657581 2.111414 0.239662
1.892808 6.144225 2.035533 0.847630
1.899949 4.144032 1.918096 0.002185
1.924961 5.515510 2.125696 1.015784
1.945712 4.124141 1.916457 0.006553
1.949271 6.158647 2.035233 0.844427
1.953745 3.644203 2.111943 0.241780
1.976801 5.525128 2.125403 1.017857
1.990132 4.104283 1.915277 0.011498
2.005785 6.173361 2.034926 0.840000
2.015388 3.630041 2.112411 0.243873
2.029471 5.535350 2.125243 1.019249
2.031932 4.084082 1.914443 0.017871
2.063913 6.188084 2.034658 0.835722
2.072767 4.063963 1.913737 0.024425
2.078866 3.617234 2.112702 0.245944
2.081853 5.546218 2.124937 1.019786
2.114440 4.044372 1.913140 0.031494
2.123329 6.202633 2.034397 0.831089
2.135045 5.557356 2.124812 1.019667
2.139568 3.602821 2.112772 0.247410
2.154845 4.024946 1.912521 0.039700
2.180961 6.218407 2.034108 0.825442
2.189072 5.568303 2.124584 1.019205
2.195040 4.005197 1.911880 0.046357
2.200950 3.588954 2.112793 0.249034
2.235475 3.985396 1.911003 0.051676
2.238123 6.235023 2.033698 0.820031
2.244567 5.578411 2.124367 1.018796
2.262906 3.575628 2.112600 0.248763
2.275826 3.965450 1.909915 0.056344
2.298563 6.250987 2.033593 0.817503
2.300009 5.589459 2.123961 1.019259
2.315712 3.945017 1.908675 0.060247
2.323625 3.561972 2.112428 0.248722
2.355725 6.268846 2.033288 0.814338
2.356537 5.600095 2.123431 1.019769
2.357878 3.925218 1.907081 0.061435
2.382596 3.548416 2.112234 0.249700
2.397989 3.904744 1.905241 0.061767
2.413075 5.611398 2.123081 1.020675
2.414164 6.287074 2.033138 0.813093
2.439487 3.534009 2.112334 0.248299
2.439561 3.884763 1.903242 0.060754
2.470031 5.622741 2.122829 1.022469
2.474234 6.304840 2.033261 0.813412
2.479298 3.864395 1.901102 0.058019
2.498715 3.521524 2.112463 0.245681
2.518360 3.843944 1.898850 0.053776
2.526983 5.634367 2.122765 1.024879
2.532561 6.324172 2.033474 0.813649
2.553510 3.506401 2.112451 0.243786
2.558188 3.823686 1.896748 0.048529
2.582776 5.646946 2.122800 1.027282
2.590375 6.344141 2.033871 0.813684
2.595696 3.802775 1.894870 0.043138
2.607173 3.491118 2.112258 0.240846
2.634939 3.782573 1.893252 0.037487
2.637480 5.659963 2.122823 1.030958
2.647880 6.364780 2.034301 0.813659
2.660621 3.475812 2.112241 0.238956
2.672782 3.762482 1.891868 0.031011
2.692597 5.672712 2.122937 1.034806
2.706685 6.385641 2.034818 0.812396
2.710357 3.742524 1.890707 0.024422
2.713541 3.460755 2.112068 0.235412
2.749083 3.723280 1.889835 0.017433
2.749990 5.684091 2.122619 1.037242
2.764255 3.444971 2.111551 0.231475
2.766609 6.406104 2.035516 0.810200
2.785413 3.703503 1.889421 0.009834
2.806593 5.696065 2.122472 1.039107
2.814663 3.429339 2.111004 0.227278
2.823233 3.684523 1.889074 0.001739
2.824891 6.428085 2.035996 0.808429
2.861108 3.665643 1.888851 -0.005870
2.863425 5.707666 2.122051 1.040538
2.864239 3.414159 2.110175 0.222288
2.879113 6.451368 2.036228 0.805083
2.901444 3.647936 1.888448 -0.013707
2.911781 3.399396 2.108966 0.214919
2.918520 5.719924 2.121919 1.041234
2.928314 6.476367 2.036185 0.801517
2.942511 3.629975 1.887800 -0.019813
2.959344 3.384593 2.107685 0.208760
2.970586 5.733448 2.121766 1.040068
2.971934 6.502287 2.035512 0.794551
2.984180 3.612058 1.886939 -0.025281
3.007395 3.369507 2.106282 0.203562
3.015323 6.528278 2.034963 0.788609
3.024829 5.745367 2.121732 1.039509
3.027807 3.594470 1.886313 -0.028427
3.056149 3.354723 2.104594 0.198715
3.060014 6.554264 2.034338 0.783764
3.072424 3.577188 1.885815 -0.030446
3.078866 5.756914 2.121604 1.038743
3.101698 6.581045 2.033584 0.779434
3.104456 3.339888 2.102918 0.195223
3.116546 3.559883 1.885286 -0.033434
3.130146 5.769864 2.121525 1.037716
3.144553 6.607622 2.032913 0.775892
3.151092 3.324056 2.101529 0.193705
3.162002 3.542953 1.885201 -0.033972
3.179478 5.783294 2.121453 1.037166
3.186338 6.634681 2.032276 0.773790
3.196431 3.308238 2.100704 0.192731
3.207249 3.526015 1.885306 -0.035645
3.225921 6.661047 2.031722 0.772165
3.240401 5.801879 2.121184 1.036699
3.241895 3.292382 2.100219 0.192093
3.253236 3.509421 1.885689 -0.035963
3.268034 6.686292 2.031442 0.772073
3.287174 3.276736 2.099813 0.191978
3.288096 5.815901 2.120939 1.037218
3.299729 3.492752 1.886138 -0.035044
3.310457 6.710494 2.031311 0.772629
3.332007 3.261154 2.098898 0.190678
3.334074 5.830202 2.120715 1.038721
3.348227 3.476830 1.886706 -0.034006
3.348645 6.734413 2.031103 0.773128
3.377528 3.246307 2.097729 0.188270
3.377679 5.845351 2.120871 1.041497
3.388807 6.757029 2.031055 0.773857
3.398203 3.461250 1.887280 -0.031847
3.416489 5.862078 2.121037 1.045246
3.421320 3.231287 2.095894 0.184868
3.427302 6.779021 2.030842 0.773542
3.449341 3.446047 1.887861 -0.028724
3.456503 5.878245 2.121450 1.050126
3.463599 6.800761 2.030539 0.772475
3.465103 3.216743 2.093862 0.180892
3.491893 5.895663 2.121832 1.055503
3.501564 3.431701 1.888504 -0.024418
3.503161 6.820935 2.030351 0.772989
3.507569 3.202127 2.091413 0.176274
3.524663 5.913674 2.122030 1.061585
3.544170 6.839964 2.030231 0.772493
3.546575 3.186756 2.088145 0.170710
3.555786 3.418704 1.888998 -0.020348
3.556491 5.931112 2.122555 1.069524
3.584091 6.858485 2.029946 0.772085
3.585055 5.949471 2.122882 1.077627
3.585877 3.172039 2.084701 0.164591
3.609459 3.405931 1.889492 -0.015770
3.617320 5.967746 2.123147 1.083414
3.619900 6.877529 2.029705 0.772689
3.624740 3.157743 2.080799 0.157966
3.646913 5.986124 2.123492 1.089945
3.658243 6.895054 2.029405 0.772684
3.664212 3.143765 2.076653 0.151732
3.664729 3.394379 1.889904 -0.011165
3.676485 6.004728 2.123698 1.095460
3.695609 6.911986 2.029144 0.774339
3.702173 3.129421 2.071664 0.145844
3.704071 6.023733 2.123609 1.099700
3.720005 3.383409 1.890364 -0.005900
3.729596 6.042918 2.123338 1.103459
3.730933 6.928326 2.028798 0.775710
3.741028 3.115396 2.066873 0.140809
3.755284 6.061861 2.123209 1.107516
3.766788 6.943251 2.028706 0.778318
3.775509 3.373607 1.890996 0.000770
3.778467 3.100822 2.062196 0.136490
3.780324 6.080819 2.123067 1.110447
3.800341 6.957831 2.028774 0.781556
3.807185 6.099085 2.123103 1.113110
3.817122 3.086955 2.057987 0.132507
3.830286 6.972741 2.028770 0.784404
3.831351 3.364155 1.891794 0.006527
3.833374 6.117678 2.123112 1.114885
3.857607 3.073879 2.054333 0.129673
3.859788 6.135652 2.123135 1.115815
3.860917 6.986666 2.029081 0.788140
3.883660 6.153987 2.122997 1.115399
3.887194 3.355742 1.892398 0.012877
3.891192 7.000187 2.029766 0.792927
3.898109 3.060897 2.051048 0.127697
3.907737 6.171494 2.122899 1.114964
3.921240 7.013512 2.030292 0.797163
3.930048 6.188642 2.122598 1.113459
3.935963 3.046944 2.048126 0.125665
3.942232 3.348110 1.892879 0.018679
3.950728 6.205444 2.122355 1.111923
3.953646 7.026805 2.030934 0.800542
3.970436 6.222351 2.122193 1.110087
3.977509 3.034921 2.045629 0.124484
3.987938 6.239065 2.121925 1.107883
3.989555 7.039022 2.031600 0.804678
3.995921 3.340871 1.893451 0.025000
4.006346 6.255415 2.121860 1.106004
4.017204 3.021959 2.043981 0.125003
4.023483 6.271319 2.121727 1.103711
4.028926 7.050620 2.032286 0.808232
4.040352 6.286610 2.121635 1.101421
4.049281 3.334306 1.893967 0.030620
4.056374 6.301710 2.121626 1.099252
4.057637 3.009454 2.042951 0.125558
4.070361 6.316726 2.121535 1.097034
4.072255 7.061782 2.032883 0.812496
4.085419 6.331181 2.121684 1.095853
4.097703 2.996785 2.042612 0.127463
4.098828 6.345698 2.121496 1.094983
4.102341 3.328060 1.894355 0.035221
4.113540 6.359786 2.120771 1.094339
4.118515 7.073042 2.033390 0.814544
4.125908 6.374089 2.119228 1.093350
4.139582 2.984718 2.042652 0.129151
4.139839 6.388130 2.116977 1.092524
4.151083 6.402346 2.113909 1.090892
4.155126 3.322509 1.894866 0.040053
4.163559 6.416351 2.110277 1.089481
4.168158 7.084080 2.033678 0.815177
4.175485 6.430305 2.106043 1.087768
4.178596 2.971978 2.043030 0.130731
4.187243 6.444048 2.101573 1.085724
4.199451 6.457577 2.096932 1.083448
4.206347 3.317447 1.895179 0.043924
4.210168 6.471197 2.091967 1.080749
4.217029 2.959124 2.043340 0.131763
4.220480 6.484983 2.086981 1.078046
4.222355 7.093919 2.033705 0.815165
4.233134 6.498711 2.082113 1.075735
4.245350 6.512348 2.077049 1.071982
4.254268 2.946553 2.043373 0.131109
4.256963 6.525782 2.072111 1.067648
4.257508 3.312328 1.895553 0.047784
4.270537 6.538945 2.067377 1.063672
4.279974 7.101532 2.033342 0.815470
4.286220 6.551442 2.062938 1.059754
4.291234 2.934192 2.043293 0.130302
4.291531 2.078042 1.879931 0.056782
4.295997 2.079014 1.879956 0.058232
4.302204 2.080375 1.880088 0.060791
4.303742 6.562719 2.058676 1.055448
4.308188 2.081664 1.880250 0.063656
4.308861 3.307933 1.895811 0.050511
4.312608 2.082380 1.880441 0.065903
4.320965 6.573748 2.055002 1.051708
4.324456 2.084085 1.880947 0.072046
4.325598 2.920997 2.043182 0.129118
4.334874 7.110679 2.032244 0.810375
4.337553 6.584441 2.051199 1.047886
4.338103 2.085763 1.881226 0.076720
4.353108 6.595133 2.047314 1.044569
4.353250 2.086796 1.881346 0.079631
4.359700 3.303508 1.896008 0.053267
4.359992 2.907437 2.043021 0.127223
4.368519 2.086959 1.881358 0.080291
4.369562 6.605175 2.043541 1.041562
4.382354 2.086521 1.881409 0.079787
4.385614 6.615063 2.039786 1.038878
4.388669 7.120175 2.030900 0.803147
4.393313 2.085517 1.881750 0.079037
4.394932 2.894429 2.042930 0.124997
4.401254 2.084353 1.882183 0.078765
4.401700 6.624892 2.036049 1.036680
4.407686 2.083469 1.882677 0.078828
4.410549 3.299759 1.896237 0.056263
4.412547 2.083134 1.883063 0.079059
4.416272 2.083141 1.883213 0.079532
4.419884 2.083306 1.883313 0.080385
4.420340 6.634216 2.032436 1.035491
4.423788 2.083625 1.883385 0.081434
4.427965 2.084066 1.883483 0.082517
4.429076 2.881520 2.042691 0.121939
4.432164 2.084655 1.883585 0.083511
4.436214 2.085333 1.883692 0.084446
4.438966 6.643417 2.029107 1.034239
4.439987 2.086067 1.883733 0.085251
4.444268 2.086808 1.883740 0.086066
4.444973 7.127193 2.029552 0.796773
4.448618 2.087812 1.883733 0.086798
4.452646 2.088903 1.883668 0.087682
4.456896 2.090312 1.883582 0.088241
4.457783 6.652727 2.025798 1.033204
4.461015 2.091555 1.883608 0.088883
4.461198 3.296115 1.896490 0.058779
4.461374 2.867937 2.042330 0.118396
4.464217 2.093110 1.883759 0.089495
4.467724 2.094761 1.883882 0.090201
4.471506 2.096516 1.884106 0.090718
4.475921 2.098289 1.884382 0.091080
4.478499 6.661460 2.022950 1.032673
4.480292 2.100383 1.884627 0.091577
4.484718 2.102627 1.884787 0.092284
4.490019 2.104929 1.884906 0.092911
4.495146 2.855066 2.041991 0.115016
4.495586 2.107171 1.884919 0.093315
4.500106 6.670096 2.020441 1.031470
4.500860 7.133348 2.027599 0.789108
4.500878 2.109202 1.884905 0.093772
4.505499 2.111022 1.885007 0.094278
4.509830 2.112642 1.885055 0.094573
4.512154 3.293233 1.896696 0.061216
4.513642 2.114201 1.885033 0.094819
4.517625 2.115730 1.885078 0.095084
4.518369 6.680055 2.018250 1.029893
4.521802 2.117145 1.885056 0.095185
4.526077 2.841500 2.041278 0.111064
4.526256 2.118533 1.885095 0.095371
4.530839 2.119999 1.885085 0.095447
4.536040 2.121581 1.885069 0.095507
4.541716 6.688534 2.016764 1.028831
4.542104 2.123365 1.885058 0.095427
4.548521 2.125510 1.884866 0.095043
4.555983 2.127798 1.884654 0.095054
4.556507 2.828366 2.040597 0.106054
4.556957 7.137670 2.025366 0.780725
4.563705 3.290631 1.896751 0.062872
4.564504 2.130440 1.884421 0.094747
4.568498 6.695300 2.015530 1.026175
4.573773 2.133416 1.884149 0.094692
4.583575 2.136737 1.883813 0.094460
4.589654 2.815750 2.040149 0.102355
4.594010 2.140465 1.883695 0.094705
4.598077 6.700234 2.014589 1.023340
4.605804 2.144145 1.883556 0.094916
4.615258 3.288734 1.896703 0.064533
4.617491 2.148350 1.883438 0.095375
4.618948 7.140189 2.022721 0.770019
4.622863 2.803904 2.039630 0.097030
4.626167 6.704770 2.013737 1.020130
4.629086 2.153136 1.883261 0.095877
4.641557 2.157878 1.883287 0.096446
4.653723 2.162950 1.883493 0.097111
4.656182 2.791912 2.039294 0.092626
4.657185 6.708588 2.012998 1.016940
4.666262 2.168150 1.883691 0.097697
4.666822 3.287145 1.896473 0.066090
4.670662 7.141072 2.019882 0.760143
4.678985 2.173716 1.883875 0.098040
4.688043 6.712478 2.012455 1.013091
4.691326 2.780424 2.039105 0.089619
4.692180 2.179276 1.884042 0.098100
4.706257 2.184903 1.884076 0.097957
4.717449 3.286037 1.896197 0.067458
4.720431 6.715771 2.012086 1.009736
4.721453 7.138864 2.016733 0.750037
4.722370 2.190320 1.884025 0.097832
4.723584 2.767931 2.038873 0.086092
4.739230 2.195929 1.883958 0.097144
4.751335 6.720796 2.011685 1.004936
4.756857 2.201722 1.883791 0.096021
4.757539 2.755786 2.039070 0.084319
4.767522 3.285861 1.895943 0.068790
4.769709 7.136863 2.013484 0.738428
4.775703 2.207658 1.883594 0.095036
4.784800 6.725234 2.011393 1.000060
4.790333 2.743533 2.038978 0.081054
4.795725 2.213832 1.883539 0.094042
4.812675 7.132852 2.009526 0.724964
4.816421 2.220328 1.883374 0.092832
4.816685 3.286065 1.895693 0.070535
4.819314 6.729198 2.011058 0.994999
4.822531 2.731401 2.038353 0.076951
4.838009 2.226970 1.883210 0.091616
4.854344 6.732958 2.010443 0.988933
4.854496 2.719171 2.037641 0.072508
4.855869 7.127272 2.005310 0.712594
4.860511 2.233903 1.882800 0.090036
4.864604 3.286767 1.895530 0.073227
4.884616 2.240386 1.882315 0.087587
4.887754 2.707195 2.036726 0.068749
4.889590 6.737365 2.009587 0.982777
4.899702 7.119651 2.001117 0.702459
4.909721 2.247239 1.881843 0.085420
4.911787 3.287029 1.895210 0.076321
4.919530 2.695357 2.035216 0.062829
4.925461 6.741482 2.008309 0.975804
4.935791 2.254196 1.881565 0.083192
4.943247 7.110698 1.996857 0.694055
4.949652 2.683033 2.033363 0.056124
4.958244 3.288656 1.894569 0.078918
4.962572 2.261836 1.881323 0.081611
4.962756 6.744704 2.006766 0.968620
4.982963 7.101096 1.993103 0.685370
4.984329 2.672737 2.030903 0.049117
4.990869 2.269430 1.881109 0.079764
5.000044 6.749075 2.004768 0.961063
5.004473 3.289525 1.893576 0.081388
5.018803 2.278063 1.880934 0.078265
5.019091 2.662076 2.028212 0.042376
5.019775 7.092087 1.989485 0.675893
5.040694 6.752197 2.002694 0.954013
5.048842 2.286595 1.880850 0.077269
5.050368 3.291078 1.892396 0.082910
5.051594 7.081669 1.986155 0.667482
5.056382 2.651353 2.024955 0.037952
5.079558 2.295996 1.880753 0.076673
5.079858 7.070895 1.982943 0.660054
5.083470 6.754222 2.000689 0.947511
5.092947 2.640892 2.021149 0.031755
5.096132 3.292028 1.891106 0.084721
5.104321 7.060368 1.979794 0.653816
5.112177 2.305311 1.880674 0.076771
5.124125 1.352325 1.917651 -0.374386
5.124666 1.350770 1.916090 -0.378980
5.126114 7.048409 1.976708 0.648557
5.126306 6.755725 1.998634 0.940154
5.127602 1.352785 1.919550 -0.367770
5.127610 1.348696 1.915278 -0.381160
5.129105 1.480514 1.915063 -0.404279
5.129521 2.630201 2.017334 0.025736
5.130398 1.347645 1.914906 -0.381655
5.132080 1.485255 1.917332 -0.385992
5.132512 1.483932 1.916047 -0.395631
5.133679 1.353022 1.921497 -0.359697
5.135085 1.346233 1.914607 -0.381817
5.136120 1.488011 1.918555 -0.376732
5.141155 1.353755 1.923491 -0.350564
5.141406 3.293341 1.889657 0.086113
5.141521 1.473123 1.914615 -0.403813
5.142203 1.490444 1.919270 -0.367717
5.143764 1.343882 1.914227 -0.381340
5.143877 1.466364 1.914177 -0.407826
5.145299 7.037362 1.973587 0.642754
5.145988 2.315481 1.880587 0.076864
5.149015 1.492362 1.920087 -0.359043
5.149277 1.355760 1.925323 -0.340577
5.154925 1.459275 1.914030 -0.410014
5.154993 1.462308 1.913893 -0.410521
5.155524 1.455799 1.913772 -0.412522
5.155983 1.457896 1.913785 -0.412306
5.156730 1.340747 1.913718 -0.380168
5.157911 1.358487 1.926630 -0.329809
5.158518 1.455431 1.913664 -0.413458
5.158560 1.453041 1.913741 -0.413646
5.158577 1.495001 1.920954 -0.347137
5.158672 1.431427 1.914311 -0.409043
5.162334 1.441338 1.913953 -0.413263
5.162739 1.451414 1.913924 -0.412313
5.164834 7.026921 1.970775 0.637940
5.165482 1.422885 1.914846 -0.402538
5.165887 2.618709 2.013064 0.020710
5.166083 1.496624 1.921749 -0.338578
5.166501 1.361617 1.927470 -0.318714
5.167219 1.457045 1.913640 -0.414608
5.169188 1.414723 1.916316 -0.384543
5.171283 6.757994 1.996932 0.934202
5.171681 1.428086 1.915708 -0.391605
5.173231 1.497973 1.923025 -0.329947
5.173260 1.336727 1.913009 -0.378455
5.173877 1.422982 1.915112 -0.399486
5.177158 1.365529 1.927698 -0.307519
5.179700 1.499053 1.924582 -0.322134
5.181651 7.017080 1.968037 0.633585
5.181658 2.325783 1.880472 0.076957
5.181927 1.414681 1.914759 -0.404465
5.183855 1.420333 1.915925 -0.389257
5.184317 1.499814 1.925999 -0.315487
5.184650 1.402824 1.916795 -0.379592
5.186131 3.293627 1.888363 0.089078
5.187458 1.500457 1.927268 -0.310589
5.189076 1.500815 1.927785 -0.308036
5.189880 1.501037 1.927981 -0.307083
5.189891 1.369282 1.927416 -0.296045
5.192109 1.413572 1.916238 -0.385983
5.192472 1.331904 1.912026 -0.376223
5.192679 1.423935 1.914628 -0.405877
5.192702 1.502025 1.928238 -0.303765
5.195683 7.007429 1.965592 0.629655
5.197095 1.503965 1.928841 -0.297881
5.200858 1.408039 1.916721 -0.380212
5.202088 1.505605 1.929756 -0.289775
5.202228 2.606696 2.009008 0.016848
5.202953 1.404590 1.916758 -0.380245
5.203840 1.372436 1.926618 -0.284337
5.206074 6.997607 1.963072 0.627167
5.208581 1.506926 1.930618 -0.280166
5.211983 1.400287 1.917024 -0.377242
5.212526 1.395811 1.917228 -0.375071
5.213427 1.326265 1.911033 -0.373796
5.215025 6.988009 1.960618 0.625702
5.215586 1.422541 1.926673 -0.302387
5.216310 1.507591 1.931212 -0.269684
5.217055 1.376071 1.926117 -0.272356
5.217462 1.425464 1.925300 -0.310471
5.217681 2.336580 1.880282 0.076872
5.218219 1.421820 1.928000 -0.294679
5.218499 6.759099 1.995200 0.928691
5.218858 1.394023 1.917403 -0.373125
5.219824 1.509488 1.931623 -0.258405
5.222773 1.392225 1.917476 -0.372494
5.223566 1.391106 1.917562 -0.371743
5.223598 1.390752 1.917593 -0.371587
5.223698 1.391284 1.917533 -0.371908
5.223706 1.390628 1.917624 -0.371471
5.223833 1.390491 1.917676 -0.371401
5.223851 1.390531 1.917653 -0.371437
5.223874 1.390464 1.917704 -0.371389
5.223961 1.390382 1.917732 -0.371329
5.223996 1.390334 1.917757 -0.371303
5.224022 1.390138 1.917814 -0.371165
5.224056 1.390359 1.917776 -0.371252
5.224076 1.390050 1.917871 -0.371105
5.224083 1.390098 1.917833 -0.371136
5.224109 1.390021 1.917895 -0.371090
5.224118 1.389892 1.917956 -0.371021
5.224132 1.390237 1.917795 -0.371176
5.224142 1.390054 1.917857 -0.371115
5.224151 1.389871 1.917973 -0.371003
5.224157 1.389980 1.917911 -0.371063
5.224173 1.389842 1.917998 -0.370983
5.224191 1.389807 1.918022 -0.370967
5.224198 1.389794 1.918041 -0.370959
5.224209 1.389946 1.917934 -0.371040
5.224218 1.389782 1.918063 -0.370951
5.224220 1.389748 1.918084 -0.370926
5.224235 1.389728 1.918102 -0.370916
5.224247 1.389721 1.918121 -0.370910
5.224252 1.389711 1.918147 -0.370907
5.224283 1.389708 1.918164 -0.370896
5.224286 1.389699 1.918185 -0.370893
5.224297 1.389676 1.918205 -0.370879
5.224378 1.389653 1.918230 -0.370868
5.224387 1.389644 1.918254 -0.370866
5.224388 1.389631 1.918272 -0.370857
5.224411 1.389611 1.918307 -0.370845
5.224414 1.389640 1.918287 -0.370867
5.224447 1.389555 1.918358 -0.370808
5.224456 1.389578 1.918325 -0.370823
5.224458 1.389544 1.918381 -0.370802
5.224463 1.389521 1.918429 -0.370787
5.224468 1.389566 1.918349 -0.370819
5.224473 1.389534 1.918413 -0.370799
5.224475 1.389468 1.918515 -0.370751
5.224493 1.389501 1.918457 -0.370778
5.224494 1.389454 1.918535 -0.370747
5.224505 1.389436 1.918560 -0.370734
5.224506 1.389485 1.918475 -0.370769
5.224520 1.389469 1.918497 -0.370761
5.224555 1.389391 1.918577 -0.370738
5.224624 1.389338 1.918596 -0.370698
5.224710 1.389265 1.918628 -0.370647
5.224826 1.389180 1.918653 -0.370594
5.224872 1.421683 1.929364 -0.284497
5.225449 1.511050 1.932079 -0.246958
5.227031 1.431502 1.925106 -0.304384
5.228638 1.380862 1.925367 -0.260362
5.228792 6.967664 1.958408 0.623620
5.229053 1.508349 1.932601 -0.235623
5.230169 1.421740 1.930128 -0.277891
5.231066 3.294951 1.886793 0.090507
5.234074 1.435767 1.925857 -0.295899
5.234604 1.422044 1.930817 -0.272052
5.235692 1.319959 1.909957 -0.371448
5.236158 6.959061 1.956435 0.622300
5.237061 1.503940 1.933321 -0.225627
5.238099 1.422302 1.931216 -0.266971
5.238401 2.594409 2.005335 0.014049
5.239572 1.429895 1.924618 -0.217791
5.239810 1.386639 1.924982 -0.248878
5.239820 1.436794 1.925289 -0.212784
5.241003 1.422538 1.931381 -0.262687
5.241461 1.440084 1.927071 -0.287038
5.242071 6.950193 1.954777 0.621283
5.243586 1.422944 1.931234 -0.259199
5.243699 1.497434 1.933663 -0.217236
5.245983 1.423493 1.930852 -0.256169
5.246519 1.423854 1.924301 -0.222554
5.248270 1.424078 1.930023 -0.252731
5.248544 1.444476 1.928561 -0.278095
5.248854 6.941151 1.953243 0.620194
5.249678 1.388776 1.924927 -0.236757
5.249992 1.430363 1.926334 -0.207868
5.250817 1.424752 1.929024 -0.248418
5.251102 1.424731 1.925067 -0.229999
5.251370 1.426734 1.927737 -0.243358
5.252227 1.427015 1.926478 -0.236906
5.253750 1.395004 1.925099 -0.226251
5.255056 1.403251 1.925418 -0.218115
5.255317 6.931818 1.951695 0.618955
5.255546 2.346959 1.880085 0.076848
5.255782 1.448787 1.929792 -0.269346
5.256901 1.412894 1.925752 -0.213321
5.259676 1.312856 1.908699 -0.369075
5.259917 1.421927 1.926406 -0.209114
5.261535 6.922281 1.949706 0.617364
5.262481 1.452611 1.930511 -0.260825
5.266223 6.760772 1.993240 0.922645
5.266819 1.487260 1.932589 -0.221628
5.267403 1.455691 1.930926 -0.253504
5.269147 6.912768 1.947340 0.614922
5.272170 1.458321 1.931206 -0.247419
5.273413 2.581564 2.001759 0.012407
5.275403 3.295722 1.885464 0.093028
5.275977 1.460346 1.931155 -0.242890
5.276116 1.478803 1.931345 -0.222664
5.276417 6.903078 1.944677 0.611449
5.277682 1.461460 1.930836 -0.240212
5.278056 1.461646 1.930391 -0.239731
5.280044 1.465757 1.929937 -0.229200
5.280459 1.463475 1.929656 -0.234346
5.280624 1.471302 1.930415 -0.225393
5.280856 1.461504 1.929805 -0.237911
5.282665 6.892728 1.941712 0.608590
5.283859 1.305289 1.907431 -0.367036
5.289582 6.882191 1.938748 0.604987
5.293666 2.357525 1.879804 0.075678
5.295131 6.870495 1.936063 0.602691
5.302933 6.857922 1.933709 0.600309
5.308397 1.297482 1.906153 -0.365535
5.309890 2.569506 1.998362 0.009724
5.311860 6.843981 1.931497 0.597747
5.317523 6.760132 1.991287 0.919178
5.320209 3.296339 1.883943 0.093438
5.321985 6.828638 1.929634 0.594896
5.331502 6.811972 1.928010 0.591815
5.333191 2.367620 1.879435 0.074201
5.333301 1.289426 1.904992 -0.364411
5.342168 6.794198 1.926613 0.588380
5.344466 2.556315 1.995348 0.007220
5.351974 6.774864 1.925669 0.586475
5.358364 1.281315 1.903695 -0.363675
5.365314 3.297373 1.882649 0.094772
5.367101 6.755374 1.924806 0.584018
5.369658 6.759409 1.989022 0.914568
5.372785 2.377937 1.879137 0.073022
5.378359 2.542571 1.992830 0.005718
5.381298 6.734649 1.924435 0.583105
5.382866 1.272794 1.902512 -0.362831
5.391020 1.335712 1.886888 -0.343666
5.394831 1.336326 1.886764 -0.345897
5.394907 1.329316 1.886837 -0.344923
5.397460 6.712859 1.924166 0.582445
5.399075 1.329719 1.886862 -0.345202
5.399109 1.324696 1.886916 -0.345412
5.399111 1.340923 1.886875 -0.342877
5.400903 1.319715 1.887007 -0.344691
5.401162 1.339661 1.886979 -0.342064
5.402355 1.343713 1.886695 -0.344055
5.403676 1.343697 1.886769 -0.343566
5.403979 1.344071 1.886841 -0.343403
5.404261 1.346918 1.886720 -0.343733
5.404575 1.347149 1.886657 -0.343972
5.406129 1.315971 1.887132 -0.343556
5.406279 1.312785 1.887020 -0.345432
5.406321 1.264580 1.901271 -0.362792
5.407081 1.351841 1.886419 -0.346003
5.409051 1.347854 1.886581 -0.343958
5.409101 1.344743 1.886460 -0.346404
5.409805 1.311785 1.887061 -0.345851
5.409972 1.310430 1.887112 -0.345677
5.409994 1.310088 1.887060 -0.345299
5.410760 3.298200 1.881602 0.096174
5.412184 1.310743 1.887110 -0.345968
5.412566 1.309783 1.887110 -0.346136
5.412920 1.326457 1.886779 -0.346739
5.413080 2.528947 1.990770 0.005282
5.413352 2.387727 1.878712 0.071740
5.414232 1.311278 1.886994 -0.346440
5.414519 1.309909 1.887122 -0.346312
5.414554 6.689660 1.924565 0.582277
5.415057 1.309431 1.887145 -0.346277
5.415464 1.309836 1.887159 -0.346331
5.415645 1.350542 1.886655 -0.342056
5.415694 1.309681 1.887202 -0.346344
5.415741 1.309739 1.887180 -0.346350
5.415756 1.309710 1.887221 -0.346363
5.415770 1.309714 1.887272 -0.346349
5.415797 1.309609 1.887248 -0.346345
5.415850 1.309615 1.887296 -0.346345
5.415893 1.309718 1.887315 -0.346370
5.415959 1.309644 1.887339 -0.346365
5.416013 1.309694 1.887363 -0.346390
5.416065 1.309658 1.887386 -0.346388
5.416176 1.309534 1.887414 -0.346357
5.416430 1.309618 1.887428 -0.346426
5.416469 1.309569 1.887459 -0.346426
5.416701 1.309701 1.887467 -0.346462
5.416775 1.309639 1.887498 -0.346454
5.416971 1.309631 1.887513 -0.346480
5.417094 1.309641 1.887517 -0.346507
5.417337 1.309653 1.887538 -0.346543
5.417496 1.309604 1.887554 -0.346550
5.417525 1.309555 1.887588 -0.346536
5.417615 1.309458 1.887600 -0.346537
5.417781 1.309489 1.887622 -0.346551
5.417933 1.309397 1.887674 -0.346546
5.417948 1.309453 1.887644 -0.346566
5.418062 1.309405 1.887683 -0.346572
5.418069 1.309323 1.887743 -0.346561
5.418085 1.309359 1.887709 -0.346571
5.418246 1.309362 1.887747 -0.346595
5.418332 1.309364 1.887762 -0.346607
5.418393 1.309369 1.887775 -0.346617
5.418426 1.309349 1.887790 -0.346617
5.418451 1.309339 1.887812 -0.346621
5.418468 1.309346 1.887829 -0.346627
5.418508 1.309292 1.887852 -0.346619
5.418569 1.309296 1.887868 -0.346634
5.418671 1.309310 1.887877 -0.346644
5.418699 1.309258 1.887926 -0.346634
5.418707 1.309284 1.887904 -0.346642
5.418778 1.309292 1.887947 -0.346652
5.418838 1.309324 1.888231 -0.346686
5.418840 1.309252 1.887964 -0.346653
5.418855 1.309276 1.887988 -0.346668
5.418856 1.309330 1.888198 -0.346688
5.418872 1.309267 1.888009 -0.346669
5.418881 1.309276 1.888019 -0.346673
5.418884 1.308295 1.895226 -0.346039
5.418893 1.309336 1.888246 -0.346706
5.418896 1.309262 1.888044 -0.346672
5.418898 1.308342 1.895135 -0.346124
5.418901 1.309349 1.888279 -0.346709
5.418911 1.309255 1.888069 -0.346673
5.418931 1.309274 1.888119 -0.346685
5.418945 1.309274 1.888077 -0.346681
5.418959 1.309331 1.888262 -0.346711
5.418964 1.309262 1.888094 -0.346680
5.418966 1.308439 1.895096 -0.346269
5.418969 1.309276 1.888150 -0.346690
5.418980 1.308249 1.895583 -0.345903
5.419044 1.308513 1.894865 -0.346340
5.419049 1.309300 1.888350 -0.346752
5.419052 1.309321 1.888279 -0.346750
5.419061 1.309324 1.888330 -0.346760
5.419080 1.309247 1.888577 -0.346764
5.419101 1.309290 1.888389 -0.346763
5.419103 1.308550 1.894478 -0.346352
5.419119 1.309285 1.888373 -0.346763
5.419122 1.309298 1.888358 -0.346763
5.419130 1.309321 1.888242 -0.346748
5.419136 1.309216 1.888608 -0.346802
5.419141 1.309263 1.888591 -0.346804
5.419143 1.309260 1.888465 -0.346773
5.419146 1.309240 1.888568 -0.346767
5.419149 1.309343 1.888258 -0.346769
5.419165 1.309249 1.888526 -0.346780
5.419179 1.309200 1.888668 -0.346806
5.419181 1.309280 1.888495 -0.346782
5.419187 1.308217 1.896101 -0.345743
5.419192 1.309292 1.888384 -0.346776
5.419197 1.309236 1.888625 -0.346811
5.419199 1.309265 1.888409 -0.346775
5.419206 1.309181 1.888721 -0.346812
5.419213 1.309229 1.888643 -0.346813
5.419221 1.309203 1.888684 -0.346812
5.419225 1.309266 1.888395 -0.346775
5.419253 1.308637 1.893873 -0.346399
5.419288 1.309142 1.888742 -0.346818
5.419302 1.309190 1.888698 -0.346823
5.419345 1.308685 1.893323 -0.346413
5.419400 1.309180 1.888754 -0.346834
5.419407 1.309165 1.888781 -0.346831
5.419424 1.309146 1.888796 -0.346838
5.419430 1.308727 1.892750 -0.346426
5.419467 1.309074 1.888854 -0.346865
5.419474 1.309085 1.888910 -0.346870
5.419490 1.309149 1.888813 -0.346851
5.419514 1.308976 1.888970 -0.346866
5.419520 1.308762 1.892134 -0.346431
5.419521 1.309029 1.888929 -0.346869
5.419544 1.308996 1.889046 -0.346882
5.419549 1.309140 1.888833 -0.346859
5.419550 1.309044 1.888949 -0.346877
5.419553 1.309118 1.888865 -0.346878
5.419564 1.308778 1.891715 -0.346422
5.419570 1.308947 1.888992 -0.346870
5.419574 1.309098 1.888887 -0.346879
5.419581 1.308999 1.889146 -0.346876
5.419606 1.308967 1.889070 -0.346888
5.419611 1.308794 1.891562 -0.346432
5.419613 1.309000 1.889095 -0.346878
5.419617 1.308192 1.896857 -0.345477
5.419629 1.308969 1.889299 -0.346877
5.419629 1.308992 1.889548 -0.346870
5.419633 1.308973 1.889004 -0.346877
5.419634 1.308941 1.889031 -0.346878
5.419634 1.308943 1.889447 -0.346877
5.419634 1.308953 1.889363 -0.346875
5.419642 1.308964 1.889119 -0.346887
5.419643 1.308974 1.889343 -0.346878
5.419647 1.308942 1.889392 -0.346877
5.419647 1.308970 1.889206 -0.346885
5.419648 1.308953 1.889398 -0.346875
5.419654 1.308975 1.889261 -0.346885
5.419658 1.308936 1.889416 -0.346880
5.419663 1.308968 1.889159 -0.346885
5.419668 1.308949 1.889324 -0.346882
5.419671 1.308957 1.889230 -0.346888
5.419672 1.308926 1.889458 -0.346880
5.419677 1.308813 1.891499 -0.346455
5.419689 1.308939 1.889272 -0.346891
5.419690 1.308931 1.889447 -0.346878
5.419693 1.308944 1.889400 -0.346871
5.419714 1.308963 1.889179 -0.346894
5.419732 1.308963 1.889494 -0.346881
5.419740 1.308961 1.889384 -0.346862
5.419772 1.308986 1.889438 -0.346844
5.419774 1.308828 1.891311 -0.346481
5.419785 1.308983 1.889974 -0.346882
5.419838 1.308968 1.890463 -0.346902
5.419877 1.308964 1.890557 -0.346881
5.419888 1.308841 1.891359 -0.346540
5.419932 1.308933 1.890582 -0.346884
5.419960 1.308852 1.891458 -0.346606
5.420012 1.308862 1.891516 -0.346687
5.420017 1.308920 1.890912 -0.346924
5.420030 1.308906 1.891267 -0.346897
5.420040 1.308864 1.891568 -0.346735
5.420061 1.308867 1.891667 -0.346777
5.420065 1.308869 1.891833 -0.346800
5.420067 1.308889 1.891410 -0.346840
5.420078 1.308875 1.891743 -0.346826
5.420135 1.308170 1.897602 -0.345183
5.420826 1.308201 1.898279 -0.344804
5.421360 1.308240 1.898485 -0.344552
5.422048 1.308353 1.898367 -0.344314
5.422236 1.355696 1.886796 -0.339573
5.422709 1.308497 1.898105 -0.344043
5.423673 6.757628 1.986781 0.912399
5.423838 1.308756 1.897400 -0.343580
5.425247 1.309104 1.896127 -0.343190
5.426983 1.309531 1.894990 -0.342805
5.427720 1.362422 1.886762 -0.339890
5.428674 1.256389 1.899923 -0.362835
5.429224 1.310061 1.894011 -0.342569
5.431499 6.664811 1.925212 0.582455
5.432287 1.310825 1.893347 -0.342489
5.432775 1.369300 1.886859 -0.337259
5.435846 1.311535 1.892973 -0.342427
5.439806 1.311927 1.893122 -0.342266
5.441668 1.375205 1.886765 -0.333455
5.443806 1.312623 1.893425 -0.342262
5.447558 1.313660 1.894041 -0.342842
5.447760 2.515271 1.989182 0.004424
5.450192 1.248570 1.898850 -0.363338
5.450439 1.294283 1.896693 -0.357267
5.450595 1.297174 1.896381 -0.357354
5.451070 6.638318 1.925656 0.582435
5.451209 1.291339 1.896983 -0.356700
5.451404 1.315006 1.894613 -0.343809
5.451667 1.300014 1.896077 -0.357476
5.451778 1.381648 1.886486 -0.330618
5.452777 1.287861 1.897118 -0.355939
5.453513 1.303090 1.895702 -0.357354
5.453943 2.398029 1.878283 0.071206
5.455324 1.283747 1.897183 -0.354955
5.455559 1.316522 1.894837 -0.344826
5.456450 3.299301 1.880733 0.097037
5.456563 1.305294 1.895242 -0.355062
5.459306 1.279192 1.896698 -0.353964
5.459574 1.317395 1.894555 -0.347019
5.461029 1.308528 1.894508 -0.354588
5.462757 1.317076 1.894177 -0.350015
5.463621 1.312041 1.894139 -0.353917
5.464143 1.388002 1.886099 -0.328812
5.464980 1.274430 1.895625 -0.353167
5.466910 1.314770 1.894109 -0.352204
5.470233 1.241111 1.898190 -0.363985
5.472112 6.609881 1.925730 0.582421
5.472684 1.269413 1.894198 -0.352618
5.476515 1.394156 1.885610 -0.325933
5.479704 6.753876 1.984508 0.911984
5.482713 1.264327 1.892874 -0.352421
5.483658 2.502299 1.988129 0.001775
5.488128 1.400439 1.885350 -0.322210
5.488903 1.234127 1.897741 -0.364822
5.491882 2.410104 1.877723 0.070175
5.495178 1.259284 1.891762 -0.352698
5.496979 6.580189 1.925897 0.581241
5.498376 1.405929 1.885331 -0.316647
5.502459 3.300724 1.879972 0.097225
5.506627 1.227462 1.897213 -0.365642
5.507495 1.410002 1.885491 -0.309468
5.509502 1.254332 1.890749 -0.353944
5.515915 1.412728 1.885902 -0.301283
5.517397 2.488622 1.987335 -0.001571
5.523592 1.414885 1.886586 -0.292745
5.524021 6.549331 1.925887 0.580257
5.524106 1.221069 1.896471 -0.366150
5.524163 1.248647 1.889947 -0.355018
5.530154 1.416614 1.887358 -0.283814
5.530291 2.422240 1.877160 0.070172
5.536214 1.418084 1.888217 -0.274684
5.538082 6.751818 1.982010 0.911506
5.539041 1.242556 1.889428 -0.356148
5.541715 1.215253 1.895351 -0.366816
5.542156 1.419628 1.889166 -0.265286
5.548529 3.302257 1.879337 0.096571
5.549147 1.421339 1.890037 -0.255832
5.551006 2.474882 1.986996 -0.005781
5.552609 6.517803 1.925798 0.578479
5.554729 1.236524 1.888698 -0.357938
5.559289 1.424308 1.890824 -0.246894
5.559651 1.210080 1.894021 -0.367883
5.567581 2.434894 1.876809 0.072601
5.567623 1.427293 1.891671 -0.237466
5.568302 1.229383 1.887653 -0.358635
5.576206 1.430524 1.892521 -0.227879
5.577218 1.204644 1.892600 -0.368048
5.583168 1.223460 1.886226 -0.360540
5.583537 6.486144 1.925771 0.575769
5.584512 2.460597 1.986889 -0.009678
5.585961 1.435662 1.893300 -0.219010
5.592878 1.199204 1.890976 -0.367112
5.594187 3.302473 1.878810 0.095241
5.596147 1.217240 1.885052 -0.361288
5.596818 6.746279 1.979612 0.911695
5.598282 1.441572 1.894069 -0.210874
5.606759 2.446971 1.876650 0.075158
5.607262 1.211181 1.884195 -0.361381
5.608049 1.194670 1.889073 -0.366103
5.613799 1.448209 1.894771 -0.203824
5.614907 6.454768 1.925703 0.573430
5.618087 1.206136 1.883502 -0.361582
5.618817 2.447160 1.986733 -0.016155
5.622455 1.191534 1.887166 -0.365689
5.627370 1.201722 1.883033 -0.362065
5.630071 1.455173 1.895620 -0.196915
5.633272 1.189263 1.885507 -0.364709
5.634499 1.197470 1.882877 -0.362324
5.638451 3.302973 1.878335 0.093740
5.639397 1.193736 1.883022 -0.362454
5.641254 1.188271 1.884264 -0.363368
5.642136 1.190786 1.883501 -0.362704
5.645576 2.459567 1.876779 0.077864
5.647892 1.463185 1.896458 -0.191426
5.649387 6.424140 1.925427 0.569923
5.651800 2.432571 1.986462 -0.022211
5.656817 6.739698 1.977271 0.912402
5.667467 1.471469 1.897263 -0.186971
5.681059 3.304547 1.877886 0.090101
5.683551 2.418106 1.986146 -0.028732
5.687031 6.394260 1.925079 0.566679
5.687449 1.480072 1.898042 -0.182944
5.689097 2.470669 1.877359 0.079940
5.710348 1.488679 1.898756 -0.180018
5.713253 2.403594 1.985722 -0.035821
5.717492 6.733824 1.974692 0.912307
5.723098 3.305177 1.877331 0.086129
5.728639 2.484216 1.878032 0.081927
5.736095 1.497489 1.899283 -0.179269
5.740839 2.389086 1.984913 -0.043974
5.741056 6.356106 1.924721 0.565532
5.763351 1.506839 1.899549 -0.178098
5.765231 3.305956 1.876897 0.082704
5.768555 2.375390 1.983840 -0.053200
5.773822 2.495243 1.878424 0.083037
5.778455 6.724437 1.972289 0.912780
5.785523 6.328677 1.924449 0.564028
5.786000 1.518540 1.899407 -0.176996
5.796403 2.361318 1.982822 -0.061520
5.800590 1.532561 1.898853 -0.176917
5.806577 3.306777 1.876466 0.079389
5.816577 2.508092 1.878563 0.084634
5.817695 1.546159 1.898515 -0.173222
5.821081 2.345988 1.981618 -0.069047
5.829472 6.300957 1.924365 0.563661
5.841694 1.558768 1.898299 -0.170632
5.843135 6.717117 1.969460 0.911313
5.845095 2.329889 1.980365 -0.075186
5.847139 3.306721 1.876079 0.075654
5.861639 2.520201 1.878652 0.086007
5.865587 1.571836 1.898386 -0.169612
5.867972 2.313013 1.979158 -0.080574
5.876657 6.273962 1.924158 0.562649
5.887108 3.306385 1.875761 0.072491
5.891571 2.295756 1.977749 -0.084499
5.893658 1.583541 1.898909 -0.169342
5.903277 6.704039 1.967042 0.911185
5.907278 2.532762 1.878683 0.086266
5.910620 2.277489 1.976385 -0.088129
5.918542 1.596086 1.899799 -0.169417
5.926086 3.306304 1.875295 0.068871
5.926206 6.247389 1.924237 0.561546
5.930544 2.259370 1.975345 -0.091212
5.938323 1.609704 1.900989 -0.168679
5.950982 2.241601 1.974050 -0.094159
5.953938 2.545236 1.878713 0.086419
5.959097 1.622907 1.902415 -0.167689
5.964972 6.690702 1.964722 0.911850
5.965010 3.306470 1.874944 0.066899
5.974523 2.224323 1.973209 -0.094571
5.977022 6.221009 1.924177 0.560467
5.979096 1.636163 1.903916 -0.167415
5.994576 2.206538 1.972216 -0.094325
5.995694 1.650162 1.905462 -0.167740
6.001459 2.557347 1.878740 0.086321
6.002878 3.305924 1.874575 0.065187
6.010135 1.664237 1.907522 -0.166635
6.011839 2.188887 1.970536 -0.096342
6.025046 1.678257 1.909735 -0.166059
6.028212 2.171901 1.968154 -0.099897
6.028312 6.194741 1.924332 0.561968
6.028385 6.677102 1.962309 0.909422
6.037420 1.692775 1.912314 -0.165844
6.040286 3.304974 1.874326 0.065066
6.043184 2.155417 1.965170 -0.103914
6.045813 1.707880 1.914928 -0.165089
6.047232 2.570127 1.878616 0.085040
6.057188 2.138789 1.961441 -0.106726
6.060695 1.722295 1.917627 -0.164500
6.070094 2.122266 1.957618 -0.109557
6.076629 1.736506 1.919991 -0.164338
6.076688 3.304576 1.874106 0.063288
6.079888 6.168571 1.924283 0.563632
6.081685 2.105695 1.953976 -0.111337
6.088071 1.751236 1.922010 -0.164641
6.090117 6.660921 1.960263 0.909023
6.091826 2.089292 1.950527 -0.114141
6.095991 2.581227 1.878501 0.083257
6.100588 1.765869 1.923733 -0.164336
6.101794 2.073026 1.947343 -0.117157
6.109488 1.780781 1.925268 -0.163356
6.109741 2.056382 1.944464 -0.119001
6.112204 3.302926 1.874092 0.062058
6.116041 2.039739 1.941694 -0.121216
6.119606 1.795613 1.926357 -0.165580
6.121979 2.023323 1.939113 -0.124871
6.128140 1.810812 1.927017 -0.166696
6.130108 1.826886 1.927549 -0.167143
6.131112 6.142331 1.924392 0.565548
6.131394 2.007403 1.936696 -0.129315
6.135414 1.991194 1.934661 -0.133490
6.138141 1.974663 1.932837 -0.137449
6.139604 1.842710 1.927916 -0.166338
6.141666 1.958630 1.931070 -0.143074
6.144490 2.592565 1.878318 0.080973
6.145406 1.942117 1.929824 -0.147700
6.145928 3.298968 1.874067 0.061198
6.147133 1.925646 1.928872 -0.152794
6.147484 1.858598 1.928269 -0.164176
6.147579 1.908711 1.928402 -0.156172
6.148727 1.875325 1.928315 -0.162346
6.149824 1.892136 1.928178 -0.160178
6.153300 6.644137 1.958525 0.908237
6.180230 3.296933 1.874132 0.060855
6.183244 6.116599 1.924218 0.567786
6.190249 2.605064 1.878065 0.078232
6.212658 3.293468 1.874189 0.060932
6.218690 6.627821 1.956740 0.904606
6.234427 6.090582 1.924302 0.570280
6.237719 2.616515 1.877858 0.075312
6.244732 3.291350 1.874349 0.061488
6.275776 3.289881 1.874271 0.059962
6.284859 2.627392 1.877437 0.070721
6.285064 6.611035 1.954596 0.900650
6.287400 6.064991 1.924125 0.572117
6.305472 3.287092 1.874283 0.058603
6.331300 2.639146 1.877123 0.067012
6.334370 3.283805 1.874466 0.058291
6.339419 6.039070 1.923759 0.572657
6.351577 6.594583 1.952438 0.892697
6.362544 3.280772 1.874565 0.056834
6.378250 2.649967 1.876592 0.061710
6.388738 3.276649 1.874810 0.055824
6.389173 6.012514 1.923677 0.574028
6.414557 3.276172 1.874744 0.052558
6.415768 6.575875 1.950318 0.883661
6.424773 2.661306 1.876227 0.056766
6.436995 5.985344 1.923671 0.575850
6.437574 3.272138 1.874884 0.051219
6.459740 3.268425 1.874893 0.049307
6.470480 2.673515 1.875847 0.053395
6.479696 3.264258 1.874795 0.047327
6.480702 5.957174 1.924304 0.576803
6.483346 6.556856 1.948437 0.874372
6.497765 3.259677 1.874693 0.045440
6.513915 2.687054 1.875684 0.051550
6.516613 3.255957 1.874438 0.043703
6.530199 5.930599 1.924418 0.574700
6.534949 3.252438 1.874204 0.041545
6.553606 6.540030 1.946326 0.863599
6.553965 3.249473 1.874078 0.039866
6.559398 2.699166 1.875355 0.048518
6.572724 3.247267 1.873820 0.037641
6.576546 5.903814 1.924498 0.573238
6.591525 3.244132 1.873704 0.036935
6.601563 2.713120 1.875293 0.047719
6.610609 3.240322 1.873630 0.036072
6.615227 6.516944 1.944813 0.854563
6.626218 5.878833 1.924130 0.568805
6.630518 3.236343 1.873677 0.035290
6.643947 2.726996 1.875268 0.047404
6.651618 3.232634 1.873657 0.034481
6.674153 3.229297 1.873491 0.033823
6.675559 6.492611 1.943733 0.844671
6.679563 5.855575 1.923726 0.564724
6.691026 2.738365 1.875070 0.045956
6.696509 3.224615 1.873279 0.031836
6.721105 3.220074 1.873076 0.030635
6.733514 5.832921 1.923294 0.560425
6.734631 2.751354 1.874963 0.045290
6.736396 6.466944 1.942657 0.834581
6.746418 3.215119 1.872883 0.028746
6.772584 3.209231 1.872774 0.027974
6.776580 2.764951 1.874736 0.044967
6.784186 5.809417 1.922690 0.556292
6.797111 6.440539 1.941736 0.823147
6.799413 3.203085 1.872641 0.025594
6.819697 2.777060 1.874484 0.043765
6.828815 3.197531 1.872365 0.022888
6.833633 5.785200 1.922104 0.553608
6.857047 6.412200 1.941169 0.813350
6.857588 3.190895 1.872025 0.019148
6.861940 2.789607 1.874176 0.042455
6.882980 5.761382 1.921047 0.547798
6.888775 3.184319 1.871689 0.016463
6.902434 2.802270 1.873855 0.041505
6.913908 6.381819 1.940811 0.803214
6.919358 3.177064 1.871232 0.012762
6.934898 5.737920 1.920011 0.544196
6.942120 2.814051 1.873557 0.039904
6.951533 3.169815 1.870888 0.009630
6.973498 6.350822 1.940524 0.794040
6.978808 2.826105 1.873048 0.036018
6.981440 3.160989 1.870516 0.005408
6.982307 5.712469 1.919150 0.542585
7.010330 2.839131 1.872432 0.031516
7.010360 3.151310 1.870233 0.001281
7.027681 6.316395 1.940640 0.789859
7.037229 3.140042 1.870070 -0.001804
7.038055 5.689732 1.917501 0.536608
7.040903 2.852806 1.871747 0.027085
7.062069 3.128345 1.869841 -0.006728
7.070555 2.866384 1.871023 0.021554
7.085024 6.281772 1.940630 0.785340
7.085460 3.115659 1.869693 -0.010658
7.093071 5.665132 1.915927 0.531990
7.094781 2.881498 1.870342 0.016195
7.106190 3.101753 1.869505 -0.014009
7.126033 3.087549 1.869233 -0.018040
7.128252 2.892173 1.869734 0.008741
7.142276 3.072048 1.869095 -0.021432
7.142299 6.246090 1.940764 0.783596
7.149848 5.639396 1.914364 0.529051
7.151547 2.905033 1.869075 -0.000718
7.161022 3.056723 1.868845 -0.025693
7.167439 2.921241 1.868927 -0.006873
7.178093 3.040069 1.868722 -0.028111
7.182968 2.936998 1.868887 -0.013933
7.193509 3.023211 1.868550 -0.031160
7.199567 6.209826 1.941007 0.782166
7.200072 2.952983 1.869027 -0.019535
7.202319 3.005422 1.868544 -0.031019
7.203586 5.610842 1.912865 0.527267
7.205270 2.969827 1.868792 -0.025658
7.207994 2.987789 1.868805 -0.027837
7.249638 6.171332 1.941262 0.782412
7.259975 5.581609 1.911504 0.525289
7.297676 6.131785 1.941769 0.782407
7.321955 5.552265 1.910292 0.524917
7.347487 6.092157 1.942104 0.780460
7.383771 5.521166 1.909266 0.525318
7.399520 6.052975 1.942175 0.775544
7.449088 5.489433 1.908305 0.525424
7.451229 6.013657 1.942094 0.768152
7.499851 5.973085 1.941989 0.763658
7.518250 5.457072 1.907478 0.526911
7.548883 5.932825 1.941780 0.758192
7.587025 5.422465 1.906714 0.527620
7.596186 5.891863 1.941855 0.755640
7.636168 5.849810 1.941911 0.753307
7.661693 5.387694 1.906010 0.529366
7.676862 5.807721 1.941983 0.752274
7.719083 5.766002 1.942264 0.752145
7.736047 5.351279 1.905538 0.532532
7.759982 5.724330 1.942661 0.752763
7.800622 5.682833 1.943152 0.752351
7.809047 5.312934 1.905123 0.534932
7.836237 5.640981 1.943869 0.757191
7.876068 5.593136 1.944238 0.755892
7.886118 5.274460 1.904921 0.537530
7.911367 5.550808 1.944274 0.751728
7.938196 5.507198 1.944269 0.749755
7.960146 5.234018 1.904667 0.539514
7.974996 5.465251 1.944086 0.744611
8.004847 5.422437 1.943917 0.740596
8.036892 5.193221 1.904427 0.540826
8.041004 5.380239 1.943503 0.732526
8.071091 5.337681 1.943225 0.725703
8.099760 5.295577 1.942564 0.714864
8.112644 5.151577 1.904347 0.542910
8.130385 5.253848 1.941997 0.703323
8.159171 5.212067 1.941251 0.690814
8.184959 5.169416 1.940646 0.679155
8.189952 5.109743 1.904301 0.545487
8.214422 5.126921 1.939969 0.667798
8.241581 5.084849 1.939122 0.655280
8.268202 5.042731 1.938329 0.644213
8.268876 5.067925 1.904206 0.547514
8.291980 5.001016 1.937462 0.632531
8.312348 3.546616 1.905721 0.194068
8.316360 3.532245 1.903940 0.178268
8.317086 4.959517 1.936754 0.622321
8.327671 3.536607 1.907535 0.211534
8.338974 4.917895 1.935927 0.614312
8.347182 5.025601 1.904403 0.549635
8.355845 3.526955 1.908985 0.225989
8.357467 4.876281 1.935266 0.609480
8.364462 3.534666 1.902239 0.166933
8.375792 3.510118 1.909740 0.233847
8.378616 4.836296 1.934411 0.602122
8.378872 3.476569 1.911084 0.253094
8.381344 3.493553 1.910508 0.244334
8.395617 3.460798 1.911643 0.260393
8.396617 4.797156 1.933598 0.595836
8.406477 3.528436 1.900206 0.152891
8.408854 3.443605 1.911784 0.262703
8.414783 4.758137 1.932859 0.590519
8.424931 4.982878 1.904372 0.549898
8.426467 4.719058 1.932429 0.587142
8.439977 3.431570 1.911450 0.258751
8.447031 3.531889 1.897677 0.136364
8.448664 4.681390 1.931939 0.580345
8.472700 3.420659 1.911276 0.255905
8.473548 4.643960 1.931423 0.573461
8.489612 4.605266 1.931097 0.569187
8.499720 3.523524 1.895416 0.127578
8.504255 4.940372 1.904295 0.549240
8.504871 3.414051 1.910762 0.247424
8.508338 4.567175 1.930797 0.563668
8.526467 4.529567 1.930462 0.558543
8.530476 3.405621 1.910225 0.238116
8.537600 3.420473 1.910027 0.233675
8.538819 4.491905 1.930350 0.554170
8.552993 3.434932 1.910298 0.235146
8.553590 3.519768 1.892752 0.115988
8.558987 3.450102 1.910387 0.236422
8.562058 4.456677 1.929634 0.544464
8.565389 3.464716 1.910634 0.239567
8.571282 3.478088 1.911133 0.245140
8.572407 4.420570 1.929277 0.537457
8.574935 3.535351 1.912752 0.261557
8.575751 3.515676 1.912218 0.256355
8.575761 3.596617 1.913290 0.267949
8.575835 3.600521 1.913421 0.268755
8.575931 3.526044 1.912506 0.259182
8.576099 3.587553 1.913032 0.266717
8.576102 3.592284 1.913189 0.267187
8.576231 3.604047 1.913469 0.269552
8.576253 3.491856 1.911416 0.248325
8.576290 3.607249 1.913684 0.270275
8.576351 3.577088 1.912968 0.265819
8.576521 3.609826 1.913561 0.271035
8.576534 3.611851 1.913521 0.271600
8.576630 3.634620 1.913190 0.275628
8.576637 3.613251 1.913377 0.272064
8.576644 3.543504 1.913129 0.264076
8.576668 3.614038 1.913247 0.272290
8.576752 3.640666 1.913325 0.276683
8.576802 3.614666 1.913127 0.272436
8.576826 3.629423 1.913061 0.275075
8.576840 3.617085 1.913041 0.272962
8.576923 3.615676 1.913085 0.272715
8.576955 3.582514 1.913058 0.266305
8.577135 3.647717 1.913528 0.277760
8.577187 3.504587 1.911796 0.252122
8.577187 3.571325 1.913104 0.265497
8.577208 3.619014 1.912998 0.273346
8.577324 3.624988 1.913020 0.274376
8.577346 3.558247 1.913282 0.265327
8.577391 3.621592 1.912939 0.273723
8.577509 3.551226 1.913206 0.264788
8.577887 3.564994 1.913184 0.265450
8.578567 3.655276 1.913773 0.279119
8.580254 3.663096 1.913947 0.281118
8.580568 4.896808 1.904091 0.547255
8.581809 3.671382 1.914114 0.283284
8.582459 4.385061 1.928877 0.530465
8.582680 3.680134 1.914259 0.286040
8.583592 3.689424 1.914327 0.288989
8.583808 3.719671 1.914558 0.301580
8.584299 3.698978 1.914311 0.292724
8.584947 3.730867 1.914819 0.306599
8.585256 3.709128 1.914428 0.296778
8.587429 3.742868 1.915099 0.311918
8.589227 3.769167 1.915557 0.323542
8.589294 3.755338 1.915306 0.317943
8.591460 3.783860 1.915855 0.329529
8.592593 4.350626 1.928415 0.523242
8.594840 3.799714 1.916399 0.335428
8.595771 3.816170 1.916861 0.341710
8.600992 3.510930 1.889922 0.102246
8.601055 3.833227 1.917789 0.349335
8.604100 3.851832 1.918924 0.355648
8.609774 4.319795 1.927280 0.509338
8.611550 3.870322 1.920383 0.364019
8.614125 3.890102 1.921844 0.371123
8.620415 4.288036 1.926772 0.499125
8.621302 3.910545 1.923429 0.377437
8.626505 3.931761 1.925040 0.383817
8.627460 3.953423 1.925723 0.390741
8.631442 4.256909 1.926283 0.490443
8.632684 3.974667 1.926092 0.399828
8.634829 3.996322 1.926231 0.409109
8.634973 3.494358 1.887338 0.088875
8.638075 4.017836 1.926280 0.419899
8.641465 4.227746 1.925554 0.479232
8.646971 4.040483 1.926213 0.429309
8.651263 4.198594 1.925282 0.471525
8.651860 4.064118 1.925997 0.438512
8.657553 4.853098 1.903913 0.545158
8.661919 4.169822 1.925000 0.465010
8.665670 3.476188 1.884988 0.075612
8.665680 4.089282 1.925392 0.443751
8.667068 4.141446 1.925203 0.460288
8.670623 4.114910 1.925121 0.451766
8.696848 3.460084 1.882544 0.059496
8.713895 3.437698 1.880798 0.047943
8.720442 3.413717 1.879511 0.037698
8.726010 3.389086 1.878536 0.028734
8.729633 3.364571 1.877600 0.018836
8.736107 4.809785 1.903441 0.540349
8.736330 3.340102 1.876636 0.008684
8.741372 3.314590 1.875810 0.000535
8.747487 3.288925 1.875054 -0.007391
8.752750 3.262457 1.874596 -0.011788
8.755509 3.235635 1.874135 -0.014888
8.757199 3.208663 1.873970 -0.014417
8.760316 3.181758 1.873808 -0.013259
8.765949 3.155186 1.873651 -0.014382
8.771137 3.128647 1.873654 -0.014694
8.774797 3.102661 1.873486 -0.018885
8.779411 3.076679 1.873306 -0.023239
8.783918 3.050615 1.873222 -0.027051
8.788979 3.024847 1.872977 -0.032364
8.794879 2.998742 1.872748 -0.036711
8.798867 2.972492 1.872389 -0.041589
8.804725 2.945907 1.872179 -0.044819
8.809063 2.918741 1.872080 -0.046657
8.811455 2.891535 1.872507 -0.042292
8.811461 4.765209 1.903376 0.538155
8.816317 2.863686 1.872705 -0.040294
8.825561 2.835803 1.872957 -0.038525
8.835089 2.808062 1.873653 -0.034791
8.841617 2.780107 1.874652 -0.030157
8.845357 2.751219 1.875680 -0.025827
8.852037 2.722252 1.876641 -0.023277
8.859395 2.693115 1.877711 -0.019374
8.870195 2.664060 1.878627 -0.016856
8.884183 2.635356 1.879402 -0.015711
8.887960 4.720506 1.903443 0.537590
8.896492 2.606595 1.879670 -0.017103
8.908437 2.578249 1.880000 -0.018097
8.923804 2.550385 1.880442 -0.018009
8.941542 2.523118 1.880894 -0.018709
8.955111 2.495871 1.881439 -0.017834
8.962686 4.674925 1.903516 0.536953
8.966562 2.469172 1.882068 -0.015239
8.978735 2.443106 1.882759 -0.011304
8.990016 2.418069 1.883536 -0.004094
9.004271 2.393026 1.884290 0.001430
9.021070 2.368744 1.885062 0.007776
9.035713 2.344276 1.885676 0.013015
9.042331 4.630347 1.903556 0.535530
9.051819 2.320162 1.886274 0.017842
9.067579 2.295825 1.886660 0.021856
9.084757 2.271792 1.886961 0.025614
9.101487 2.247980 1.887426 0.029769
9.117800 4.584284 1.903482 0.535456
9.122663 2.225108 1.887728 0.034178
9.144413 2.202552 1.888240 0.037464
9.167952 2.180852 1.888927 0.042483
9.191420 4.537592 1.903424 0.535557
9.193670 2.159617 1.889419 0.046891
9.223054 2.138978 1.889762 0.048954
9.253757 2.119080 1.890144 0.052600
9.266008 4.490872 1.903202 0.535519
9.285385 2.099668 1.890606 0.056855
9.316418 2.079893 1.891245 0.060155
9.340295 4.443706 1.902962 0.535737
9.349149 2.060555 1.891703 0.063900
9.380888 2.040844 1.892075 0.068042
9.412053 2.021218 1.892306 0.073614
9.419440 4.397738 1.902822 0.536124
9.446790 2.002121 1.892537 0.078893
9.481907 1.982689 1.892769 0.083771
9.497424 4.351456 1.902526 0.534712
9.519037 1.963604 1.892973 0.089134
9.558805 1.944961 1.893253 0.095353
9.576073 4.305027 1.902464 0.532763
9.595682 1.924839 1.893591 0.100778
9.632407 1.904627 1.894134 0.107369
9.653243 4.258266 1.902496 0.529824
9.673305 1.884315 1.894685 0.110909
9.712763 1.863356 1.895811 0.117383
9.729946 4.211126 1.902685 0.527767
9.750123 1.840869 1.896948 0.119206
9.787043 1.817996 1.898361 0.119714
9.808946 4.164564 1.902861 0.523565
9.820964 1.793824 1.899988 0.120343
9.856727 1.769590 1.901716 0.120416
9.876412 4.115137 1.903174 0.519674
9.892406 1.744894 1.903469 0.120067
9.924764 1.718718 1.905012 0.119997
9.946721 4.066128 1.903507 0.516402
9.958684 1.692826 1.906396 0.121342
9.994848 1.666895 1.907595 0.122805
10.030427 1.640397 1.909014 0.124689
10.038387 4.001978 1.903535 0.510419
10.065011 1.613244 1.910320 0.127036
10.096447 1.585491 1.911821 0.130010
10.112449 3.953990 1.903750 0.507359
10.130086 1.558020 1.913107 0.133133
10.164355 1.530868 1.914334 0.137925
10.183016 3.905182 1.903694 0.501871
10.197713 1.503731 1.915407 0.142266
10.231406 1.476619 1.916203 0.145530
10.247379 3.854890 1.903717 0.496579
10.265846 1.449463 1.916637 0.149103
10.300330 1.422002 1.916820 0.151573
10.314350 3.805104 1.903569 0.489255
10.332690 1.393755 1.916714 0.152647
10.365132 1.365419 1.916555 0.152888
10.392167 3.757653 1.903185 0.480856
10.396867 1.336868 1.916377 0.153205
10.427848 1.308000 1.916138 0.152157
10.456787 1.278616 1.916105 0.151199
10.466023 3.709247 1.902755 0.471285
10.483690 1.249038 1.916172 0.149026
10.510343 1.219677 1.916209 0.146314
10.536322 1.190271 1.916202 0.143419
10.547546 3.662672 1.902179 0.461037
10.562217 1.161008 1.916108 0.141110
10.587379 1.131942 1.916197 0.138856
10.613451 1.103167 1.916416 0.137238
10.623132 3.614983 1.901463 0.448864
10.639788 1.074481 1.916588 0.137194
10.674268 1.037314 1.917079 0.137890
10.696584 3.566926 1.900764 0.435792
10.704075 1.008323 1.917674 0.139503
10.734176 0.979322 1.918254 0.142061
10.766958 0.950793 1.918604 0.145286
10.771090 3.519186 1.899915 0.421536
10.801754 0.922915 1.918914 0.149143
10.835922 0.895375 1.919225 0.154234
10.850996 3.472431 1.899120 0.407855
10.873137 0.868260 1.919610 0.159234
10.910049 0.841397 1.920062 0.164946
10.932599 3.426388 1.898091 0.392995
10.948398 0.815186 1.920573 0.170791
10.986930 0.789303 1.920817 0.176479
11.012712 3.379827 1.897221 0.379717
11.024675 0.763568 1.921310 0.181759
11.062372 0.738129 1.921801 0.187128
11.090632 3.332458 1.896533 0.369951
11.101006 0.712511 1.922249 0.191019
11.139234 0.687301 1.922699 0.194210
11.172539 3.287876 1.895578 0.357349
11.179718 0.662323 1.923289 0.197328
11.221169 0.637454 1.923745 0.199488
11.256772 3.245360 1.894722 0.345630
11.265412 0.613274 1.924505 0.201190
11.309938 0.588919 1.925036 0.202275
11.334220 3.201619 1.894144 0.338247
11.356088 0.564804 1.925424 0.203118
11.404267 0.541135 1.925495 0.202760
11.415405 3.160201 1.893676 0.331586
11.454620 0.517836 1.925242 0.202756
11.493000 3.119187 1.893247 0.324514
11.507404 0.495043 1.924765 0.201501
11.562855 0.473062 1.924099 0.200260
11.574000 3.079719 1.893351 0.324857
11.616411 0.450923 1.923389 0.197481
11.661329 3.043573 1.893424 0.325238
11.672280 0.430135 1.922585 0.194511
11.728419 0.409984 1.921841 0.192058
11.758265 3.012665 1.893341 0.324379
11.782821 0.389744 1.921360 0.189120
11.837104 0.370039 1.920892 0.186188
11.847360 2.982483 1.894316 0.338500
11.891535 0.350686 1.920474 0.183679
11.940316 2.953391 1.895042 0.349028
11.946468 0.331751 1.920182 0.181644
12.003708 0.314136 1.920120 0.180271
12.027850 2.928251 1.896512 0.369326
12.061197 0.297019 1.920189 0.178807
12.113878 2.900218 1.897716 0.384877
12.118105 0.279933 1.920374 0.177503
12.173742 0.262449 1.920796 0.176560
12.200574 2.878391 1.899273 0.406103
12.232279 0.246158 1.921076 0.175899
12.283670 2.852926 1.900611 0.422367
12.291343 0.230436 1.921211 0.175945
12.351549 0.215892 1.921267 0.176414
12.360836 2.824868 1.901635 0.434611
12.411756 0.201123 1.921313 0.175853
12.446217 2.800004 1.901744 0.434527
12.471579 0.187139 1.921143 0.175067
12.473510 2.210485 1.885238 0.120603
12.473973 2.225515 1.884728 0.119104
12.474139 2.196250 1.885819 0.125003
12.478567 2.182922 1.886424 0.128966
12.480924 2.240068 1.884295 0.116246
12.484368 2.170413 1.887036 0.133332
12.491995 2.254189 1.883816 0.115350
12.493756 2.158714 1.887481 0.136452
12.503144 2.148199 1.887831 0.139879
12.503936 2.267874 1.883595 0.115406
12.514666 2.138102 1.887817 0.141414
12.519491 2.280560 1.883398 0.116086
12.521313 2.772816 1.901661 0.431915
12.528206 2.128452 1.887686 0.143268
12.532431 0.173471 1.921011 0.173205
12.537093 2.292081 1.883096 0.118941
12.542433 2.118881 1.887501 0.144441
12.555960 2.302653 1.882690 0.122261
12.557546 2.109409 1.887322 0.145115
12.572677 2.312687 1.882377 0.127314
12.574968 2.100359 1.887020 0.145046
12.590822 2.322019 1.882212 0.132468
12.591900 0.159786 1.920876 0.170613
12.592425 2.747216 1.901133 0.424076
12.593961 2.090694 1.886808 0.146056
12.609023 2.331093 1.882197 0.138088
12.611543 2.081392 1.886133 0.144036
12.626606 2.339616 1.882456 0.144741
12.630471 2.071837 1.885659 0.144419
12.645311 2.347140 1.882915 0.150965
12.648747 2.061825 1.885210 0.144598
12.649978 0.146289 1.920558 0.167644
12.663151 2.353871 1.883664 0.157355
12.663164 2.725922 1.900283 0.411861
12.668309 2.052696 1.884712 0.142620
12.678717 2.359696 1.884573 0.164417
12.687358 2.043888 1.884225 0.140617
12.695297 2.364405 1.885518 0.171762
12.705775 2.035248 1.883931 0.137859
12.708314 0.133286 1.920297 0.163842
12.710279 2.368287 1.886571 0.179650
12.723886 2.026314 1.883687 0.135591
12.725065 2.372489 1.887572 0.186851
12.728026 2.702154 1.899921 0.406165
12.744059 2.017931 1.883512 0.133674
12.744082 2.375776 1.888453 0.192377
12.762490 2.378887 1.889275 0.197852
12.763507 2.009463 1.883379 0.132203
12.767118 0.121017 1.920008 0.160229
12.781048 2.381070 1.889954 0.203115
12.782210 2.000944 1.883273 0.131035
12.795179 2.681306 1.899750 0.402559
12.799749 2.383723 1.890473 0.207898
12.801643 1.992668 1.883211 0.130806
12.820696 2.386247 1.890809 0.211420
12.820927 1.984881 1.883212 0.131219
12.826571 0.109016 1.919696 0.156399
12.840822 1.977778 1.883137 0.130766
12.842855 2.388137 1.891083 0.215228
12.852117 2.658056 1.899839 0.402590
12.859484 1.971018 1.883006 0.130391
12.866727 2.390618 1.891311 0.218371
12.878398 1.964554 1.882887 0.130746
12.884950 0.097040 1.919344 0.151779
12.892149 2.391890 1.891493 0.222341
12.894731 1.957356 1.882884 0.132344
12.908573 2.636837 1.900063 0.405554
12.912299 1.950489 1.883017 0.133787
12.918727 2.394534 1.891487 0.226321
12.931042 1.943529 1.883049 0.134389
12.945296 0.086812 1.919067 0.148797
12.947020 2.395067 1.891231 0.229078
12.950304 1.936251 1.883003 0.134963
12.955602 2.614490 1.900483 0.410318
12.969984 1.928734 1.883016 0.136016
12.972881 2.395194 1.891281 0.233801
12.988190 1.920210 1.883113 0.136813
12.998334 2.395673 1.891181 0.237164
13.004748 0.076361 1.918643 0.145540
13.008953 2.595961 1.900482 0.410173
13.009341 1.912073 1.883184 0.137118
13.021413 2.395512 1.891059 0.241092
13.028719 1.902743 1.883368 0.138261
13.043652 2.396280 1.890852 0.244750
13.047924 2.574745 1.900501 0.409299
13.048717 1.893026 1.883497 0.139035
13.063250 2.397504 1.890730 0.248267
13.063737 0.066308 1.918092 0.141850
13.071002 1.883386 1.883695 0.139813
13.081884 2.398536 1.890640 0.251318
13.086070 2.555994 1.900336 0.406078
13.092268 1.873020 1.883781 0.140668
13.099331 2.399933 1.890604 0.254033
13.115862 1.862766 1.883799 0.140294
13.115973 2.401848 1.890548 0.255644
13.122890 0.056531 1.917506 0.139374
13.127018 2.541597 1.899956 0.400139
13.131390 2.403679 1.890517 0.256987
13.139199 1.851840 1.883833 0.139988
13.145422 2.405515 1.890359 0.258354
13.158073 2.526647 1.899503 0.393557
13.158364 2.407203 1.890147 0.259509
13.163967 1.840730 1.883845 0.139963
13.170347 2.409232 1.889602 0.260366
13.181044 2.511753 1.899096 0.387428
13.181333 0.047883 1.916820 0.136718
13.182418 2.410539 1.888930 0.261187
13.187747 1.828595 1.883829 0.139617
13.192095 2.413212 1.888680 0.262751
13.200544 2.498541 1.898640 0.380745
13.200855 2.415483 1.888847 0.265090
13.210507 2.417706 1.889334 0.266741
13.211548 1.815860 1.883789 0.139122
13.217070 2.487782 1.898070 0.372612
13.219060 2.420244 1.889878 0.268760
13.227240 2.422518 1.890444 0.271260
13.234800 1.803634 1.883654 0.137827
13.236842 2.423818 1.891003 0.273524
13.237889 0.038447 1.916573 0.136554
13.238817 2.481813 1.897387 0.363976
13.245740 2.426077 1.891352 0.275781
13.248699 2.473949 1.896745 0.355688
13.254366 2.429201 1.891497 0.277344
13.262002 2.468755 1.896098 0.347657
13.262714 1.790667 1.883503 0.137071
13.265197 2.431709 1.891531 0.279030
13.269584 2.462725 1.895584 0.340826
13.274227 2.434643 1.891591 0.281570
13.277786 2.458724 1.895152 0.334366
13.280881 2.437865 1.891691 0.284672
13.285133 2.455817 1.894658 0.327067
13.286908 2.441602 1.891790 0.287720
13.287495 2.452577 1.894148 0.319795
13.288197 1.776560 1.883407 0.136574
13.290019 2.444433 1.892172 0.292882
13.291680 2.450287 1.893618 0.312600
13.292619 2.446622 1.892582 0.298805
13.292889 2.448618 1.893112 0.305557
13.293397 0.030002 1.916210 0.134697
13.314681 1.762346 1.883447 0.136031
13.342633 1.748086 1.883527 0.136231
13.347101 0.021748 1.916140 0.133857
13.372272 1.734373 1.883580 0.136203
13.398242 0.012527 1.916003 0.131066
13.400033 1.720329 1.883725 0.137887
13.425966 1.705804 1.883893 0.140451
13.448898 0.003973 1.915837 0.128568
13.453051 1.691169 1.884305 0.143895
13.481506 1.676471 1.884598 0.147402
13.498652 -0.004441 1.915713 0.125670
13.514375 1.662663 1.884820 0.148164
13.542296 1.647043 1.885028 0.149875
13.547282 -0.012805 1.915530 0.122425
13.571826 1.631488 1.885314 0.152233
13.593348 -0.021674 1.915255 0.119011
13.604311 1.616265 1.885379 0.152375
13.631860 1.599623 1.885590 0.154500
13.636919 -0.030057 1.915110 0.115586
13.660970 1.583237 1.885748 0.155705
13.679304 -0.037774 1.915130 0.112378
13.690161 1.567198 1.885800 0.155661
13.716806 1.550575 1.885924 0.156132
13.719233 -0.045378 1.915143 0.108921
13.739287 1.533315 1.886160 0.157990
13.756928 -0.052791 1.915318 0.105664
13.767643 1.517507 1.886314 0.158240
13.791640 1.500791 1.886301 0.156647
13.793309 -0.059802 1.915164 0.102650
13.812271 1.483516 1.886365 0.154657
13.827918 -0.066405 1.915051 0.098995
13.838413 1.467338 1.886403 0.153371
13.861881 -0.072678 1.914805 0.095962
13.862882 1.450702 1.886561 0.153798
13.887560 1.434126 1.886765 0.154742
13.894822 -0.079153 1.914602 0.093246
13.914697 1.418307 1.887060 0.157057
13.928199 -0.084844 1.914399 0.090929
13.940416 1.401923 1.887028 0.156319
13.961116 -0.090412 1.914187 0.089016
13.968350 1.386453 1.887396 0.159987
13.993096 -0.095705 1.914058 0.087557
13.994539 1.370450 1.887781 0.164007
14.021549 1.354664 1.888096 0.168177
14.024531 -0.100413 1.913945 0.086565
14.051480 1.339434 1.888384 0.171399
14.054856 -0.104996 1.913686 0.086121
14.083749 1.324969 1.888559 0.173878
14.083841 -0.109164 1.913483 0.085999
14.112175 -0.112798 1.913142 0.085918
14.116483 1.310726 1.888840 0.176992
14.138685 -0.116802 1.912767 0.085375
14.143280 1.295684 1.889339 0.182998
14.165182 -0.120637 1.912368 0.084504
14.172934 1.281158 1.889827 0.188123
14.191824 -0.124347 1.911894 0.083672
14.201599 1.265687 1.890180 0.191243
14.218463 -0.127402 1.910955 0.082264
14.229946 1.249991 1.890532 0.195022
14.246100 -0.130727 1.909720 0.080643
14.257098 1.234203 1.890938 0.199093
14.274091 -0.134382 1.908410 0.079076
14.287597 1.218894 1.891239 0.201800
14.301764 -0.138739 1.907100 0.077207
14.311333 1.202413 1.891664 0.206397
14.328934 -0.142488 1.905688 0.075472
14.339220 1.186590 1.892048 0.210149
14.354844 -0.146136 1.904460 0.072740
14.365771 1.170348 1.892301 0.212278
14.381251 -0.149115 1.903169 0.070069
14.395912 1.154892 1.892433 0.212980
14.414273 -0.152857 1.901496 0.066533
14.419998 1.138145 1.892761 0.215694
14.442834 -0.155362 1.899740 0.063659
14.444824 1.121394 1.892854 0.216736
14.470944 1.104843 1.893017 0.217362
14.471359 -0.157378 1.897430 0.060092
14.494425 1.088295 1.893334 0.220275
14.500042 -0.158835 1.894908 0.055924
14.523040 1.071890 1.893153 0.217645
14.527513 -0.161176 1.892253 0.050673
14.549241 1.054684 1.893281 0.219113
14.556294 -0.163107 1.890216 0.046144
14.574936 1.037467 1.893298 0.220729
14.582944 -0.165475 1.888376 0.040988
14.598653 1.019745 1.893334 0.221605
14.609912 -0.163873 1.887132 0.036877
14.626347 1.003497 1.893533 0.225356
14.634543 -0.162923 1.886275 0.032358
14.653828 0.987160 1.893444 0.225638
14.656470 -0.165384 1.885600 0.027710
14.677440 -0.167296 1.885178 0.022908
14.679535 0.970986 1.893689 0.228385
14.696714 -0.168880 1.884825 0.017734
14.707072 0.955658 1.894007 0.232033
14.714885 -0.169122 1.884486 0.013073
14.729914 -0.170381 1.884264 0.008505
14.730832 0.940048 1.894427 0.236232
14.744038 -0.171444 1.884310 0.004503
14.757142 0.924643 1.894586 0.237916
14.757738 -0.171734 1.884615 0.001167
14.771713 -0.172444 1.885015 -0.001852
14.785407 0.909993 1.894889 0.240337
14.786074 -0.174239 1.885411 -0.004319
14.801749 -0.175904 1.885675 -0.007139
14.811059 0.894931 1.895309 0.244270
14.819208 -0.177423 1.885983 -0.009563
14.837423 -0.179769 1.885941 -0.011501
14.838248 0.879789 1.895558 0.245486
14.855890 -0.182446 1.885906 -0.013195
14.862327 0.864139 1.895744 0.247469
14.876100 -0.184550 1.885909 -0.014268
14.884658 0.848230 1.895810 0.247472
14.898292 -0.187261 1.885949 -0.014721
14.908150 0.832792 1.895924 0.248988
14.922671 -0.189621 1.885833 -0.015681
14.929940 0.816939 1.895791 0.248192
14.946803 -0.192820 1.885877 -0.015020
14.952601 0.801274 1.895776 0.247158
14.972748 0.785360 1.896220 0.249947
14.973291 -0.195442 1.886041 -0.013489
14.994240 0.769540 1.896326 0.248968
15.000624 -0.198148 1.886018 -0.013349
15.015351 0.753680 1.896763 0.249850
15.030027 -0.201670 1.886029 -0.012853
15.037073 0.738031 1.897069 0.249442
15.058198 0.722370 1.897360 0.247844
15.059342 -0.204676 1.886009 -0.011010
15.076304 0.706415 1.897421 0.244634
15.088893 -0.207363 1.885863 -0.011277
15.091191 0.689696 1.897666 0.243759
15.114294 0.675611 1.897456 0.237768
15.115945 -0.210781 1.885764 -0.010060
15.133400 0.659935 1.897491 0.233498
15.141819 -0.213442 1.885850 -0.008987
15.151210 0.643863 1.897655 0.229652
15.166044 -0.215061 1.885950 -0.006954
15.167996 0.627424 1.897864 0.226320
15.186395 0.612161 1.897539 0.219929
15.188831 -0.216257 1.885762 -0.004724
15.207017 0.596671 1.897137 0.215462
15.210007 -0.218306 1.885425 -0.003469
15.230544 0.582398 1.896485 0.210375
15.230761 -0.219216 1.885028 -0.003029
15.250661 -0.219957 1.884879 -0.002698
15.251701 0.567105 1.895987 0.207766
15.269934 -0.220079 1.884702 -0.003412
15.277192 0.552963 1.895381 0.204757
15.287313 -0.218551 1.884080 -0.005235
15.302436 0.538574 1.894952 0.203806
15.304986 -0.219265 1.883286 -0.006026
15.322238 -0.219231 1.882619 -0.007443
15.330982 0.525095 1.894543 0.200920
15.340473 -0.220161 1.882563 -0.007962
15.356568 0.511178 1.894232 0.198403
15.359507 -0.218774 1.882708 -0.010155
15.380658 -0.217335 1.883220 -0.012347
15.383554 0.497671 1.894038 0.197231
15.403471 -0.215993 1.883598 -0.014318
15.408239 0.483781 1.894133 0.199016
15.427611 -0.213733 1.883998 -0.015441
15.434113 0.470535 1.894238 0.200310
15.451865 -0.210669 1.884049 -0.013902
15.461250 0.458010 1.894392 0.201758
15.475521 -0.207420 1.883739 -0.012773
15.487019 0.445394 1.894673 0.203014
15.497300 -0.204340 1.883551 -0.009821
15.511512 0.432670 1.895100 0.204795
15.515190 -0.200585 1.883673 -0.004670
15.535076 -0.198252 1.883795 -0.000298
15.536632 0.420353 1.895445 0.206058
15.549376 -0.193758 1.883975 0.005132
15.562364 0.408313 1.895675 0.206405
15.562754 -0.189126 1.884261 0.010834
15.574181 -0.185848 1.884661 0.018054
15.587110 -0.180579 1.885165 0.023863
15.588670 0.396800 1.895621 0.204906
15.598744 -0.175193 1.885705 0.029991
15.611263 -0.170274 1.886102 0.036308
15.613485 0.385068 1.895571 0.204067
15.621170 -0.165968 1.886672 0.043729
15.632145 -0.160856 1.887087 0.050260
15.637824 0.373711 1.895571 0.203409
15.641801 -0.154084 1.887551 0.055987
15.654260 -0.147046 1.888036 0.061060
15.656409 -0.139815 1.888718 0.068395
15.659557 0.361981 1.895373 0.202328
15.665952 -0.131784 1.889307 0.074772
15.672353 -0.122751 1.889838 0.081090
15.679029 0.350533 1.894783 0.198126
15.680711 -0.112806 1.890280 0.086859
15.686897 -0.102577 1.890799 0.093844
15.697591 -0.091682 1.891219 0.100245
15.703636 0.340584 1.894178 0.193907
15.706275 -0.078957 1.891446 0.105079
15.722325 -0.067281 1.891816 0.111056
15.724421 0.328482 1.893515 0.192624
15.731249 -0.053551 1.892165 0.116068
15.745406 0.316456 1.892812 0.189794
15.748205 -0.040641 1.892406 0.119878
15.760740 -0.026726 1.892559 0.122705
15.768343 0.304304 1.892338 0.190986
15.774450 -0.014779 1.892976 0.129977
15.788330 0.291054 1.892144 0.191620
15.790943 -0.002601 1.893284 0.135407
15.803058 0.010403 1.893579 0.141044
15.807544 0.278325 1.891599 0.186414
15.811524 0.023114 1.893958 0.147963
15.823411 0.033934 1.894490 0.156922
15.827999 0.264673 1.891514 0.185584
15.840905 0.046886 1.894541 0.159516
15.852210 0.251677 1.891742 0.188382
15.852731 0.060837 1.894547 0.162718
15.868997 0.073936 1.894759 0.166976
15.873952 0.237802 1.891642 0.185896
15.879781 0.088250 1.894985 0.171037
15.890271 0.102370 1.895128 0.175797
15.890326 0.223651 1.891333 0.181437
15.892793 0.117105 1.894963 0.180747
15.902141 0.208149 1.891442 0.182021
15.908441 0.131222 1.894380 0.183188
15.912290 0.192656 1.891534 0.180811
15.916387 0.161187 1.892657 0.182672
15.920465 0.145781 1.893280 0.179938
15.922008 0.177161 1.892122 0.184012