-3.180927 4.562559 2.183164 0.165690
-3.180145 4.583749 2.186482 0.161454
-3.178833 4.541913 2.179873 0.170110
-3.178193 4.440794 2.162161 0.190292
-3.178192 4.501448 2.172960 0.178889
-3.177956 4.461277 2.165785 0.187479
-3.177934 4.521497 2.176477 0.174323
-3.177769 4.481357 2.169397 0.183400
-3.176822 4.605805 2.189250 0.160150
-3.174401 4.420447 2.158270 0.192824
-3.171349 4.628035 2.191802 0.159695
-3.166064 4.400430 2.153920 0.195959
-3.162678 4.650119 2.194392 0.158270
-3.157243 4.380476 2.149217 0.199469
-3.154103 4.672015 2.197303 0.155557
-3.152145 4.360479 2.144686 0.203387
-3.147399 4.694118 2.199977 0.153985
-3.140376 4.340181 2.140653 0.205895
-3.134145 4.715353 2.202986 0.149845
-3.131669 4.320229 2.136097 0.211979
-3.124975 4.300123 2.131604 0.218697
-3.124005 4.736430 2.206266 0.144226
-3.118548 4.280245 2.126676 0.226216
-3.118235 4.757864 2.209841 0.138951
-3.109823 4.260680 2.121332 0.233803
-3.107324 4.778629 2.214121 0.132057
-3.103415 4.799625 2.218875 0.124709
-3.102548 4.241161 2.115560 0.241373
-3.093691 4.820632 2.223537 0.117042
-3.090407 4.221329 2.109901 0.246634
-3.084636 4.201266 2.103630 0.252185
-3.081723 4.841560 2.228850 0.108639
-3.080609 4.181088 2.096569 0.258546
-3.072663 4.160461 2.089074 0.263985
-3.069330 4.862874 2.234095 0.100237
-3.065171 4.139923 2.080480 0.270654
-3.053232 4.884641 2.239267 0.092937
-3.049351 4.120501 2.071705 0.278110
-3.041868 4.907467 2.244488 0.087095
-3.028710 4.102299 2.063278 0.285179
-3.028097 4.930762 2.249347 0.084450
-3.015624 4.954014 2.254105 0.084117
-3.011134 4.084889 2.054877 0.293775
-2.997375 4.976344 2.258705 0.085276
-2.987693 4.068444 2.047327 0.301019
-2.977183 4.997984 2.263648 0.085892
-2.966997 4.053256 2.040041 0.310179
-2.960514 5.019750 2.268382 0.088252
-2.948228 4.037799 2.033149 0.318475
-2.938065 5.040698 2.273194 0.088983
-2.931169 4.022555 2.026777 0.326995
-2.914714 5.061617 2.277531 0.089918
-2.910583 4.008309 2.020878 0.335368
-2.891596 3.994088 2.015863 0.343914
-2.884416 5.081328 2.281581 0.089525
-2.869797 3.980706 2.011605 0.352210
-2.856976 5.101662 2.285064 0.089368
-2.854279 3.967019 2.007853 0.361637
-2.837085 3.953720 2.004480 0.370944
-2.829858 5.122281 2.288448 0.089450
-2.822163 3.941025 2.000866 0.380962
-2.805836 3.928499 1.997461 0.390255
-2.803562 5.143167 2.292065 0.087653
-2.789164 3.916669 1.994012 0.400030
-2.773870 3.904719 1.990657 0.409614
-2.771274 5.163211 2.295517 0.084078
-2.757443 3.893091 1.987305 0.419112
-2.742516 3.881631 1.984073 0.428747
-2.739280 5.183599 2.299219 0.079489
-2.725619 3.869761 1.981068 0.437240
-2.711065 3.858340 1.978118 0.445977
-2.704580 5.203568 2.302822 0.073830
-2.697640 3.845978 1.975599 0.453339
-2.679573 3.834294 1.973176 0.460500
-2.669666 5.223221 2.306596 0.066707
-2.661816 3.822227 1.970849 0.467237
-2.645266 3.810210 1.968319 0.474150
-2.632965 5.242982 2.310014 0.060094
-2.627154 3.798637 1.965841 0.480606
-2.607653 3.787215 1.963382 0.486355
-2.595520 5.261599 2.313741 0.051330
-2.585469 3.776169 1.961074 0.491267
-2.557432 5.280871 2.317110 0.043864
-2.556159 3.767675 1.958401 0.496048
-2.525029 3.759437 1.955977 0.500433
-2.521535 5.299559 2.320966 0.034080
-2.495813 3.749715 1.953861 0.504076
-2.484008 5.317828 2.324775 0.024539
-2.464303 3.740143 1.952014 0.506935
-2.448426 5.336345 2.328580 0.014999
-2.433187 3.730217 1.950727 0.510557
-2.411883 5.354959 2.332313 0.006560
-2.398866 3.721150 1.949418 0.514136
-2.374921 5.372919 2.336102 -0.002239
-2.361088 3.712262 1.948582 0.516520
-2.337968 5.390813 2.339824 -0.010621
-2.324654 3.702061 1.947663 0.519115
-2.301314 5.408902 2.343413 -0.018547
-2.289097 3.691321 1.946715 0.520915
-2.262108 5.426909 2.346438 -0.024188
-2.252731 3.680993 1.945459 0.522458
-2.221700 5.443817 2.349507 -0.030619
-2.213950 3.671012 1.944011 0.523352
-2.180965 5.460922 2.352258 -0.035771
-2.174477 3.660231 1.942836 0.523311
-2.138866 5.477871 2.354934 -0.040222
-2.130958 3.650770 1.941676 0.523867
-2.094236 5.494279 2.357877 -0.044046
-2.086353 3.642135 1.940263 0.525163
-2.044246 5.508524 2.361335 -0.048447
-2.041938 3.632529 1.938984 0.526360
-1.997150 3.622283 1.937777 0.527723
-1.993218 5.522701 2.364844 -0.051153
-1.952012 3.612542 1.936450 0.530501
-1.942444 5.536494 2.368497 -0.052589
-1.906208 3.603501 1.935042 0.532731
-1.888877 5.547394 2.372054 -0.054890
-1.861062 3.594277 1.933819 0.534806
-1.842470 5.561394 2.375477 -0.055564
-1.814502 3.586072 1.932631 0.536051
-1.793356 5.573138 2.378159 -0.056796
-1.769092 3.577273 1.931504 0.537678
-1.745692 5.584319 2.380767 -0.059207
-1.722835 3.568613 1.930574 0.538233
-1.697512 5.593673 2.383616 -0.062467
-1.675038 3.561080 1.929432 0.539662
-1.651992 5.604170 2.386296 -0.063721
-1.627754 3.552495 1.928600 0.540290
-1.604215 5.612576 2.388108 -0.064143
-1.579565 3.544020 1.927891 0.540263
-1.556514 5.620746 2.389764 -0.063800
-1.531231 3.535665 1.927125 0.540121
-1.507654 5.628268 2.391039 -0.063423
-1.483058 3.528117 1.926476 0.538782
-1.458237 5.635760 2.391874 -0.061934
-1.435948 3.520963 1.925937 0.537390
-1.406760 5.642041 2.393549 -0.063205
-1.390863 3.512685 1.925563 0.535505
-1.355205 5.649369 2.393995 -0.060957
-1.345396 3.505287 1.925265 0.533797
-1.303365 5.657843 2.394947 -0.059134
-1.300204 3.498331 1.925084 0.532176
-1.255814 3.490288 1.924869 0.531698
-1.249570 5.665446 2.396198 -0.057257
-1.209101 3.483051 1.924755 0.531575
-1.196128 5.674088 2.397340 -0.054428
-1.162338 3.474184 1.924638 0.533022
-1.139158 5.680307 2.398283 -0.052721
-1.113771 3.465775 1.925025 0.534536
-1.081300 5.686468 2.399784 -0.051118
-1.060337 3.459725 1.926628 0.534476
-1.022355 5.691206 2.400169 -0.048070
-1.005548 3.453552 1.928338 0.535001
-0.963012 5.694790 2.400475 -0.044390
-0.948537 3.447666 1.930808 0.535086
-0.904700 5.698865 2.399724 -0.039120
-0.890273 3.440393 1.933478 0.535671
-0.846683 5.702921 2.398476 -0.033221
-0.832660 3.430740 1.935534 0.537888
-0.788512 5.706751 2.397044 -0.027614
-0.774880 3.420269 1.938356 0.539280
-0.728278 5.708905 2.396546 -0.024724
-0.716186 3.409454 1.940910 0.542005
-0.668498 5.712346 2.395391 -0.020278
-0.655270 3.398595 1.943260 0.544807
-0.606844 5.715097 2.394570 -0.017306
-0.594329 3.386754 1.945763 0.544970
-0.544017 5.718147 2.394238 -0.014816
-0.530572 3.377349 1.947414 0.546506
-0.479140 5.720817 2.394129 -0.013585
-0.468299 3.367021 1.948976 0.546524
-0.412722 5.724088 2.394277 -0.014206
-0.406969 3.357213 1.950358 0.545377
-0.348369 3.347006 1.951691 0.543250
-0.345359 5.726891 2.395114 -0.017484
-0.293714 3.335706 1.951992 0.543135
-0.277782 5.730348 2.396661 -0.023076
-0.240702 3.324853 1.951551 0.544030
-0.209677 5.733376 2.398453 -0.030334
-0.187979 3.315008 1.950165 0.546680
-0.142079 5.735491 2.401099 -0.040210
-0.134728 3.305691 1.949039 0.548519
-0.083316 3.295810 1.948118 0.549681
-0.073509 5.738920 2.403596 -0.049852
-0.031990 3.285846 1.946944 0.551271
-0.003626 5.742174 2.406294 -0.060293
0.019960 3.276075 1.945643 0.552349
0.068203 5.745501 2.408919 -0.070870
0.071984 3.266896 1.944503 0.551961
0.125326 3.258623 1.943447 0.551678
0.141532 5.748653 2.411629 -0.081371
0.178825 3.250266 1.942689 0.550489
0.217677 5.752490 2.413967 -0.090512
0.233650 3.242690 1.942249 0.547987
0.289229 3.235454 1.941662 0.546015
0.295406 5.755439 2.416348 -0.099996
0.345536 3.229150 1.941487 0.542839
0.375154 5.758309 2.418317 -0.108248
0.402426 3.223312 1.941415 0.540087
0.455757 5.761764 2.419810 -0.115675
0.458804 3.217742 1.941902 0.535581
0.515790 3.211906 1.942120 0.532602
0.537229 5.765028 2.420843 -0.121715
0.573210 3.205565 1.942499 0.529957
0.619520 5.768529 2.421402 -0.126228
0.631601 3.199686 1.942979 0.527878
0.690768 3.194373 1.943517 0.526393
0.701096 5.773606 2.422232 -0.129482
0.750309 3.189313 1.944480 0.525059
0.780949 5.781547 2.422870 -0.129971
0.810363 3.184957 1.945679 0.524389
0.817966 6.026174 2.396360 -0.144341
0.820249 6.003655 2.389612 -0.126014
0.821853 6.048793 2.403034 -0.162458
0.823912 5.980843 2.382753 -0.107820
0.824248 5.956620 2.376238 -0.091369
0.825351 6.069756 2.409831 -0.181771
0.830019 5.932188 2.369917 -0.075787
0.830023 6.089693 2.416682 -0.201693
0.832012 5.910326 2.362921 -0.056860
0.839394 5.887948 2.356151 -0.038623
0.840941 6.108381 2.423507 -0.222277
0.843336 5.864938 2.349595 -0.020662
0.850125 5.842003 2.342867 -0.002922
0.850560 6.129206 2.429992 -0.240586
0.858958 5.819760 2.336146 0.015480
0.859626 5.789830 2.423913 -0.131112
0.866294 6.148411 2.436354 -0.259284
0.869432 5.796382 2.329611 0.032365
0.870385 3.179866 1.947166 0.524072
0.881458 5.773987 2.323016 0.050488
0.885178 6.168439 2.442333 -0.276293
0.895441 5.751446 2.316422 0.068518
0.896917 6.190516 2.448262 -0.291246
0.911999 5.728876 2.309710 0.086502
0.921433 6.214137 2.452733 -0.301306
0.926762 5.705935 2.303121 0.103787
0.931012 3.175426 1.949312 0.523268
0.936612 5.798657 2.425311 -0.133155
0.946500 5.683650 2.296562 0.121557
0.948132 6.238840 2.456961 -0.309646
0.968433 5.659925 2.290326 0.137548
0.977735 6.264418 2.460731 -0.315778
0.987322 5.635326 2.284083 0.153342
0.992787 3.172858 1.951591 0.524347
1.006644 5.609783 2.277961 0.167602
1.010947 6.289282 2.464748 -0.322986
1.011427 5.808317 2.427521 -0.137428
1.032158 5.583867 2.272181 0.180591
1.046503 6.314589 2.468562 -0.328807
1.054522 3.169931 1.954336 0.526131
1.060333 5.557775 2.266330 0.193229
1.082478 6.339938 2.472496 -0.335020
1.084819 5.818916 2.430042 -0.142569
1.087904 5.531076 2.260758 0.205118
1.116126 5.503966 2.255401 0.216380
1.116967 6.365907 2.476125 -0.339227
1.117081 3.167574 1.957442 0.528558
1.146778 5.476746 2.249989 0.227459
1.151607 6.391776 2.479479 -0.342460
1.156374 5.830308 2.432929 -0.148300
1.179220 3.164276 1.960439 0.531593
1.180858 5.449486 2.244828 0.237342
1.187019 6.417676 2.482638 -0.344304
1.216828 5.422196 2.239819 0.247117
1.225145 5.843452 2.436132 -0.154720
1.225951 6.443077 2.485614 -0.345638
1.241786 3.161832 1.963944 0.533731
1.257725 5.394629 2.235704 0.253866
1.265429 6.467919 2.488769 -0.346033
1.294032 5.855516 2.439347 -0.163058
1.296375 5.366502 2.231832 0.261388
1.304270 3.161296 1.967806 0.536061
1.305409 6.492276 2.491567 -0.345203
1.336686 5.338952 2.228235 0.270761
1.348143 6.515592 2.493988 -0.343346
1.359258 5.869628 2.442953 -0.171765
1.366173 3.163617 1.972705 0.536921
1.377188 5.311241 2.225135 0.280263
1.386944 6.539040 2.496767 -0.341058
1.420726 5.284065 2.222347 0.290445
1.420813 5.884868 2.446379 -0.179588
1.423753 6.562281 2.499665 -0.338583
1.427872 3.162462 1.977865 0.535659
1.459887 5.256391 2.219379 0.302598
1.462427 6.583900 2.502157 -0.333735
1.482898 5.900626 2.449845 -0.187441
1.489557 3.159926 1.982599 0.535341
1.498136 5.227626 2.217046 0.313541
1.500756 6.605149 2.505252 -0.330736
1.539364 6.625628 2.508311 -0.327108
1.540619 5.199283 2.215087 0.324503
1.543423 5.917554 2.453386 -0.194458
1.551670 3.158405 1.987317 0.534068
1.577746 6.645673 2.511508 -0.324329
1.588773 5.171671 2.213618 0.335608
1.603566 5.935028 2.456825 -0.200871
1.612813 3.155468 1.991629 0.532492
1.617972 6.664674 2.515115 -0.323013
1.633298 5.142569 2.212222 0.346869
1.654731 6.684625 2.518619 -0.322075
1.664685 5.952526 2.460113 -0.206363
1.672847 3.151660 1.995721 0.530283
1.683703 5.114160 2.210999 0.358895
1.687932 6.705235 2.521589 -0.320110
1.724947 5.971237 2.463526 -0.210313
1.727805 6.725495 2.524323 -0.320676
1.732648 3.147865 1.999260 0.528935
1.740447 5.085642 2.209935 0.369051
1.768784 6.745132 2.526530 -0.322107
1.787629 5.989051 2.467009 -0.213476
1.791224 3.143206 2.002453 0.527903
1.806759 5.058900 2.209106 0.379264
1.811714 6.764703 2.528376 -0.323018
1.848242 3.137372 2.005457 0.526549
1.851515 6.006872 2.470350 -0.215492
1.855379 6.784502 2.530141 -0.323589
1.876154 5.031966 2.208582 0.388848
1.900563 6.803860 2.531632 -0.323158
1.904110 3.131317 2.007985 0.525797
1.915311 6.025080 2.473964 -0.217003
1.944542 6.823121 2.532973 -0.321643
1.945566 5.004327 2.208024 0.397949
1.957923 3.124636 2.009833 0.526289
1.979800 6.043254 2.477826 -0.217471
1.991315 6.840909 2.534184 -0.319465
2.009728 3.116593 2.011333 0.526790
2.014326 4.975361 2.207738 0.405165
2.038002 6.857719 2.535200 -0.316608
2.043214 6.061958 2.481943 -0.218079
2.061038 3.108867 2.012293 0.527170
2.082212 6.873853 2.535806 -0.312953
2.084464 4.946718 2.207458 0.412625
2.107932 6.080672 2.486214 -0.218105
2.109283 3.099461 2.012569 0.528356
2.125228 6.889102 2.536833 -0.309909
2.155528 3.089220 2.012514 0.530574
2.158367 4.919593 2.206861 0.420967
2.166125 6.903749 2.538072 -0.307018
2.174453 6.098373 2.490398 -0.219553
2.200657 3.078925 2.012146 0.533032
2.206699 6.917404 2.539755 -0.304500
2.237328 4.895194 2.206348 0.430688
2.240839 6.116168 2.494424 -0.221189
2.244799 3.069287 2.011456 0.536621
2.247300 6.929783 2.541922 -0.303040
2.286905 3.058984 2.010925 0.540742
2.287422 6.941645 2.544393 -0.301754
2.308776 6.132765 2.498705 -0.223823
2.316416 4.870168 2.206034 0.438794
2.326981 6.953459 2.547130 -0.300049
2.329264 3.048490 2.010637 0.545326
2.370168 6.964019 2.550249 -0.299462
2.370653 3.037549 2.010303 0.550298
2.373880 6.149762 2.503870 -0.229178
2.397298 4.846036 2.205891 0.445819
2.411393 3.026915 2.010069 0.555657
2.413047 6.974652 2.554046 -0.299342
2.438456 6.167054 2.508929 -0.232420
2.450767 3.015347 2.009883 0.559597
2.455576 6.985300 2.558163 -0.298833
2.476972 4.821198 2.205767 0.451868
2.490349 3.004345 2.009576 0.562906
2.499449 6.185389 2.513956 -0.234884
2.500208 6.994581 2.562457 -0.299716
2.528649 2.992561 2.009344 0.564870
2.545562 7.003521 2.567148 -0.300276
2.554305 4.795355 2.206183 0.456870
2.560278 6.202240 2.519256 -0.238700
2.565800 2.980417 2.009051 0.566268
2.591951 7.011926 2.571502 -0.300864
2.605094 2.969342 2.008887 0.567497
2.619631 6.218046 2.524801 -0.243827
2.636181 4.771575 2.206406 0.461466
2.638480 7.020358 2.575475 -0.301675
2.644930 2.958480 2.008925 0.568411
2.678291 6.232526 2.530102 -0.248933
2.684179 2.947243 2.009120 0.569017
2.686692 7.027880 2.578965 -0.302978
2.716347 4.747152 2.207416 0.463355
2.722241 2.935242 2.009504 0.568064
2.734579 6.247294 2.534545 -0.252522
2.735437 7.035503 2.581941 -0.303985
2.760168 2.923046 2.009644 0.566263
2.785978 7.041968 2.584375 -0.305232
2.789109 6.261696 2.538552 -0.254986
2.796612 4.722949 2.208264 0.465044
2.797907 2.910825 2.009822 0.562869
2.833276 2.897864 2.009736 0.558414
2.838366 7.047046 2.586135 -0.307274
2.840794 6.276497 2.541806 -0.256304
2.870665 2.885249 2.009040 0.555256
2.877876 4.699801 2.209240 0.466973
2.892045 7.051766 2.587427 -0.308262
2.892775 6.290145 2.544790 -0.257729
2.906160 2.872034 2.008468 0.551707
2.944309 6.303177 2.547224 -0.259047
2.945324 2.860030 2.007957 0.547563
2.947160 7.056032 2.588523 -0.309573
2.955510 4.675166 2.210789 0.465992
2.979012 2.845426 2.007189 0.544559
2.992377 6.317044 2.549451 -0.260745
3.003672 7.060258 2.589351 -0.309594
3.011343 2.829920 2.006413 0.541829
3.036295 4.652143 2.212475 0.465317
3.038151 6.331249 2.551609 -0.262973
3.043414 2.813799 2.005562 0.539541
3.061895 7.063891 2.590150 -0.309360
3.072411 2.796444 2.004726 0.537315
3.083490 6.345290 2.553497 -0.264775
3.105015 2.779590 2.003951 0.535670
3.114586 4.628177 2.214226 0.463979
3.121110 7.066933 2.590872 -0.308483
3.129067 6.359403 2.555053 -0.265666
3.140870 2.763415 2.003326 0.534402
3.172411 2.745673 2.002519 0.534582
3.174953 6.373554 2.556497 -0.266651
3.181590 7.069049 2.591667 -0.307596
3.196314 4.606001 2.216489 0.461892
3.205183 2.727989 2.001989 0.534821
3.219226 6.387882 2.557455 -0.266104
3.238407 2.710234 2.001537 0.535322
3.242905 7.070157 2.592481 -0.305903
3.260713 6.402884 2.558692 -0.265873
3.269508 2.691968 2.001237 0.536768
3.278659 4.584415 2.218604 0.459847
3.300960 2.673693 2.001276 0.538910
3.301937 6.417937 2.560092 -0.266771
3.304698 7.071115 2.593105 -0.303653
3.332552 2.655826 2.001213 0.542266
3.342755 6.433104 2.561084 -0.266950
3.357422 4.561293 2.220884 0.456809
3.364433 2.637892 2.001615 0.544990
3.366596 7.071620 2.593969 -0.300632
3.383648 6.448018 2.561771 -0.266463
3.395539 2.619919 2.001735 0.548946
3.425324 2.601367 2.001801 0.551797
3.425542 6.462303 2.562775 -0.266729
3.428720 7.071574 2.594491 -0.297315
3.435153 4.538687 2.224195 0.451134
3.453549 2.582600 2.001556 0.555395
3.466217 6.476983 2.563872 -0.265462
3.482608 2.563613 2.001516 0.557234
3.490819 7.070727 2.594713 -0.293305
3.505353 6.491989 2.565142 -0.262942
3.509114 4.514697 2.227301 0.445286
3.511466 2.544545 2.001436 0.558556
3.540947 2.525608 2.001272 0.559882
3.545754 6.505839 2.566798 -0.260406
3.552199 7.070038 2.593958 -0.287429
3.568897 2.506530 2.001015 0.561230
3.587278 6.519508 2.568984 -0.258870
3.591128 4.494929 2.230339 0.440654
3.591305 2.486523 2.000704 0.561856
3.613985 2.467124 1.999864 0.563444
3.614751 7.068285 2.593425 -0.282829
3.628330 6.533026 2.571370 -0.256223
3.636584 2.447866 1.999007 0.564817
3.658581 2.428696 1.998170 0.567288
3.662148 4.470732 2.233636 0.434314
3.670451 6.546202 2.574093 -0.254415
3.676126 7.067549 2.592652 -0.275483
3.680431 2.409748 1.997721 0.569552
3.703067 2.390685 1.997630 0.571455
3.712075 6.559667 2.577321 -0.252645
3.725162 2.371380 1.997491 0.573920
3.736397 4.447948 2.236344 0.429620
3.737833 7.066460 2.591859 -0.267491
3.746917 2.351607 1.997352 0.575699
3.751997 6.573700 2.580757 -0.250174
3.772831 2.332254 1.996876 0.577568
3.794511 6.586985 2.584293 -0.247541
3.801738 7.064311 2.591867 -0.259888
3.802712 2.313208 1.996033 0.579470
3.810348 4.425023 2.238329 0.426587
3.832836 2.293384 1.995410 0.580022
3.838183 6.600305 2.588074 -0.245341
3.864695 7.062099 2.592037 -0.251385
3.868090 2.274407 1.994877 0.579086
3.882778 6.613345 2.591858 -0.241847
3.884589 4.402470 2.239911 0.424592
3.896267 2.254349 1.995351 0.573366
3.927948 7.060442 2.592604 -0.241515
3.928996 2.234452 1.994951 0.569768
3.929401 6.625933 2.595814 -0.239020
3.955532 4.378899 2.241254 0.422505
3.962028 2.214566 1.994436 0.565484
3.981058 6.636962 2.600139 -0.238344
3.991201 2.193915 1.993722 0.560880
3.991463 7.057171 2.592878 -0.231527
4.017320 1.025381 1.905890 0.649552
4.020703 1.034393 1.906468 0.648452
4.020944 1.016236 1.905951 0.648378
4.023407 2.173701 1.992889 0.556678
4.027776 1.007139 1.905275 0.649766
4.032725 4.358643 2.242392 0.420948
4.032980 6.648451 2.605015 -0.239051
4.037882 1.040385 1.906741 0.648995
4.038026 0.998535 1.904088 0.652123
4.052485 0.990589 1.902185 0.656359
4.053223 2.153051 1.992028 0.551997
4.054319 7.053713 2.592889 -0.219679
4.057446 1.044182 1.908142 0.646163
4.069383 0.984007 1.901250 0.658927
4.080716 1.044069 1.908766 0.645393
4.084109 2.132254 1.990378 0.550312
4.087925 0.978065 1.901141 0.661192
4.088040 6.658901 2.609711 -0.240868
4.094722 1.003829 1.893602 0.624386
4.100641 1.040389 1.909476 0.644242
4.108348 4.337931 2.243650 0.419344
4.108539 0.974145 1.901689 0.663802
4.109333 0.997586 1.894484 0.619169
4.110250 0.997765 1.891062 0.629527
4.110957 2.110735 1.988486 0.549603
4.115453 0.965903 1.902435 0.662853
4.117397 1.036293 1.909624 0.644662
4.117579 7.048877 2.593080 -0.208164
4.120786 0.957962 1.902268 0.662617
4.125325 0.984156 1.889920 0.628294
4.126941 0.992634 1.888852 0.635048
4.127559 0.992137 1.892537 0.623189
4.128563 0.950882 1.901888 0.661900
4.129933 1.032358 1.909453 0.644888
4.135622 0.944694 1.901007 0.661959
4.136412 0.985115 1.886756 0.640832
4.136723 2.089071 1.986591 0.548425
4.136980 0.976401 1.888032 0.631518
4.140073 1.029655 1.908717 0.645849
4.143061 0.939753 1.899971 0.662471
4.144172 6.669621 2.614559 -0.244100
4.145575 1.027228 1.908029 0.646317
4.145612 0.979678 1.884856 0.648806
4.148400 0.945212 1.900158 0.681797
4.148498 1.025923 1.907885 0.646438
4.150079 0.935665 1.900062 0.662152
4.151122 0.973734 1.882771 0.656879
4.152868 1.024345 1.908031 0.646953
4.154051 0.970784 1.886569 0.635193
4.154451 0.944745 1.900258 0.681094
4.154532 0.941214 1.899804 0.681688
4.156254 0.945080 1.901318 0.677264
4.156992 1.035653 1.897868 0.620335
4.157758 0.967404 1.880443 0.663852
4.158526 0.956375 1.875418 0.676481
4.158875 0.942322 1.900232 0.680318
4.159089 2.066899 1.984418 0.548805
4.159178 1.024012 1.895307 0.623448
4.159459 0.960242 1.878043 0.669366
4.159746 0.933992 1.900731 0.663562
4.159850 0.951161 1.873608 0.681090
4.160238 0.950326 1.872183 0.686806
4.160727 0.949685 1.870319 0.694562
4.160770 0.949565 1.869106 0.697520
4.160905 0.949990 1.871451 0.691360
4.161056 0.949359 1.867584 0.701982
4.161225 1.020806 1.908400 0.647542
4.161246 0.948557 1.866023 0.708360
4.163496 0.954771 1.902452 0.676377
4.164830 0.944845 1.838306 0.827218
4.165475 0.940778 1.901100 0.676037
4.165993 0.948313 1.864919 0.716282
4.166083 0.942031 1.900341 0.679814
4.166503 0.939732 1.900430 0.678609
4.167665 0.964237 1.886185 0.638603
4.168696 1.031329 1.894092 0.630108
4.168950 0.951429 1.868087 0.708747
4.169000 0.933196 1.901914 0.665245
4.169275 1.026393 1.893192 0.633792
4.171613 0.954841 1.871186 0.700676
4.171653 0.935114 1.901086 0.674019
4.171772 1.003054 1.884589 0.655769
4.172268 0.940731 1.900521 0.678506
4.172940 1.031957 1.899757 0.617415
4.173486 0.958022 1.873789 0.692266
4.173524 0.947605 1.901733 0.676620
4.173778 1.015717 1.908672 0.648648
4.174181 0.959118 1.838485 0.831864
4.174646 0.967429 1.839026 0.832868
4.174688 0.939679 1.900466 0.678245
4.175348 1.012000 1.887420 0.650136
4.175548 1.018474 1.896680 0.620565
4.175706 0.941886 1.900618 0.678511
4.175820 0.961379 1.876006 0.683638
4.176231 1.018786 1.897802 0.619683
4.176890 0.931315 1.903239 0.665768
4.177257 1.022051 1.901304 0.614237
4.177434 1.018893 1.898823 0.619164
4.177971 1.012155 1.895007 0.623813
4.178027 1.016545 1.895551 0.622560
4.178203 0.965216 1.878242 0.674818
4.178667 0.932762 1.901652 0.670727
4.178690 1.027373 1.901443 0.613418
4.178924 1.019130 1.900135 0.616908
4.179206 1.007020 1.894386 0.625496
4.179226 1.019281 1.890532 0.641976
4.180117 0.922226 1.901862 0.665708
4.180145 0.968780 1.880663 0.665663
4.180559 0.950628 1.837955 0.830792
4.181321 2.044718 1.981997 0.550278
4.181866 1.000376 1.881537 0.664537
4.182068 0.924015 1.901648 0.667149
4.182114 0.958059 1.886704 0.640415
4.182342 7.044698 2.593797 -0.196381
4.182342 0.922437 1.901666 0.666430
4.182519 0.925689 1.901741 0.667782
4.182640 0.928995 1.904398 0.665291
4.183135 1.001758 1.893504 0.628559
4.183402 4.317411 2.244735 0.417465
4.183738 0.922611 1.901632 0.666506
4.183788 0.973029 1.882937 0.657166
4.184144 0.922459 1.901615 0.666449
4.184238 0.924706 1.901895 0.666567
4.184355 0.922584 1.901614 0.666523
4.184437 0.922340 1.901587 0.666417
4.184475 0.922415 1.901586 0.666418
4.184500 0.922343 1.901559 0.666401
4.184611 0.922495 1.901562 0.666391
4.184684 0.922905 1.901610 0.666742
4.184700 0.922334 1.901535 0.666313
4.184842 0.995683 1.892035 0.631500
4.184954 0.922303 1.901510 0.666313
4.184989 0.922327 1.901491 0.666294
4.185018 0.922158 1.901462 0.666218
4.185040 0.922409 1.901545 0.666366
4.185066 0.922244 1.901432 0.666244
4.185086 0.922370 1.901513 0.666321
4.185148 0.922275 1.901423 0.666253
4.185153 0.922213 1.901373 0.666192
4.185157 0.922246 1.901406 0.666236
4.185252 0.922241 1.901478 0.666283
4.185270 0.922333 1.901400 0.666236
4.185309 0.922209 1.901316 0.666155
4.185320 0.922234 1.901342 0.666181
4.185365 0.922247 1.901306 0.666154
4.185391 0.922277 1.901284 0.666127
4.185392 0.922221 1.901262 0.666119
4.185404 0.922263 1.901339 0.666182
4.185406 0.922214 1.901232 0.666104
4.185410 0.922281 1.901364 0.666204
4.185416 0.922240 1.901251 0.666115
4.185446 0.922232 1.901226 0.666109
4.185531 0.922291 1.901179 0.666110
4.185540 0.922244 1.901288 0.666148
4.185542 0.922275 1.901214 0.666127
4.185548 0.922257 1.901197 0.666113
4.185594 0.922226 1.901145 0.666069
4.185609 0.922227 1.901132 0.666066
4.185613 0.922246 1.901159 0.666093
4.185625 0.922233 1.901124 0.666072
4.185676 0.922287 1.901078 0.666057
4.185691 0.922250 1.901113 0.666077
4.185694 0.922229 1.901094 0.666063
4.185715 0.922282 1.901064 0.666053
4.185780 0.926410 1.904948 0.665302
4.185782 0.922287 1.901038 0.666053
4.185789 0.922293 1.901048 0.666060
4.185810 0.922319 1.901016 0.666050
4.185862 0.922358 1.901003 0.666064
4.185914 0.922328 1.900988 0.666054
4.185954 0.922311 1.900902 0.666020
4.185963 0.922292 1.900878 0.666003
4.185989 0.922343 1.900975 0.666068
4.186009 0.922321 1.900944 0.666046
4.186010 0.922313 1.900959 0.666048
4.186029 0.922302 1.900933 0.666039
4.186040 0.922293 1.900860 0.666014
4.186065 0.922304 1.900846 0.665990
4.186065 0.922289 1.900822 0.665981
4.186090 0.922328 1.900812 0.665983
4.186112 0.954650 1.903165 0.673600
4.186114 0.922292 1.900763 0.665960
4.186146 0.922297 1.900724 0.665948
4.186150 0.922323 1.900788 0.665983
4.186150 0.922323 1.900750 0.665959
4.186160 0.922310 1.900705 0.665942
4.186216 0.922293 1.900683 0.665950
4.186289 0.922321 1.900698 0.665965
4.186311 0.922356 1.900567 0.665904
4.186329 0.922338 1.900596 0.665916
4.186352 0.922344 1.900600 0.665914
4.186358 0.922345 1.900587 0.665916
4.186371 0.922342 1.900607 0.665917
4.186375 0.922349 1.900637 0.665934
4.186375 0.922337 1.900584 0.665909
4.186385 0.922304 1.900699 0.665961
4.186390 0.922346 1.900689 0.665958
4.186412 0.922356 1.900450 0.665858
4.186442 0.922353 1.900439 0.665856
4.186455 0.922356 1.900427 0.665854
4.186460 0.922325 1.900679 0.665954
4.186460 0.922350 1.900504 0.665875
4.186468 0.922352 1.900417 0.665850
4.186478 0.922341 1.900555 0.665891
4.186495 0.922343 1.900577 0.665902
4.186499 0.922348 1.900414 0.665851
4.186516 0.922341 1.900592 0.665905
4.186544 0.922394 1.900377 0.665864
4.186546 0.922320 1.900603 0.665908
4.186556 0.922356 1.900390 0.665861
4.186566 0.922404 1.900343 0.665856
4.186568 0.922377 1.900359 0.665852
4.186627 0.922389 1.900326 0.665850
4.186640 0.922422 1.900309 0.665849
4.186642 0.922438 1.900277 0.665855
4.186647 0.977193 1.885430 0.648536
4.186698 0.922413 1.900257 0.665840
4.186716 0.922425 1.900242 0.665847
4.186736 0.922392 1.900290 0.665839
4.186835 0.922427 1.900237 0.665819
4.186868 0.942511 1.838103 0.827094
4.186955 0.922374 1.900214 0.665815
4.187014 0.989098 1.890051 0.635646
4.187069 0.922394 1.900201 0.665818
4.187112 0.922398 1.900174 0.665851
4.187210 0.922406 1.900159 0.665838
4.187220 0.922388 1.900141 0.665826
4.187240 0.922421 1.900097 0.665813
4.187288 0.922453 1.900134 0.665839
4.187337 0.922394 1.900109 0.665815
4.187386 0.922418 1.900080 0.665823
4.187447 0.922364 1.900050 0.665791
4.187471 0.922453 1.900066 0.665831
4.187535 0.922360 1.900035 0.665791
4.187600 0.922382 1.900020 0.665797
4.187604 0.922351 1.900005 0.665780
4.187608 0.922398 1.899992 0.665789
4.187678 0.922355 1.899960 0.665764
4.187679 0.922382 1.899944 0.665774
4.187689 0.982203 1.887739 0.640879
4.187707 0.922415 1.899973 0.665801
4.187836 0.922387 1.899928 0.665786
4.187857 0.922397 1.899914 0.665786
4.187862 0.922412 1.899896 0.665794
4.187866 0.922400 1.899877 0.665782
4.187871 0.922390 1.899799 0.665744
4.187885 0.922373 1.899784 0.665740
4.187886 0.922412 1.899865 0.665782
4.187891 0.922387 1.899830 0.665761
4.187897 0.922392 1.899815 0.665759
4.187901 0.922709 1.896069 0.664717
4.187903 0.922393 1.899846 0.665771
4.187928 0.922721 1.895888 0.664632
4.187941 0.922385 1.899768 0.665736
4.187953 0.922714 1.896020 0.664639
4.187957 0.922412 1.899718 0.665724
4.187959 0.922412 1.899679 0.665712
4.187966 0.922435 1.899541 0.665666
4.187969 0.922412 1.899219 0.665531
4.187970 0.922409 1.899654 0.665706
4.187971 0.922394 1.899732 0.665732
4.187973 0.922430 1.899640 0.665699
4.187974 0.922408 1.899753 0.665737
4.187976 0.922432 1.899349 0.665574
4.187980 0.922403 1.899691 0.665718
4.187984 0.922424 1.899464 0.665640
4.187985 0.922423 1.899208 0.665527
4.187986 0.922424 1.899488 0.665649
4.187986 0.922678 1.896499 0.664734
4.187988 0.922631 1.897028 0.664933
4.187988 0.922420 1.899319 0.665564
4.187990 0.922422 1.899396 0.665613
4.187996 0.922419 1.899603 0.665689
4.187997 0.922409 1.899336 0.665583
4.187998 0.922416 1.899277 0.665553
4.187998 0.922418 1.899425 0.665629
4.187998 0.922427 1.899590 0.665685
4.188001 0.922417 1.899343 0.665602
4.188001 0.922652 1.896878 0.664815
4.188002 0.922421 1.899260 0.665548
4.188002 0.922409 1.899617 0.665690
4.188004 0.922426 1.899560 0.665677
4.188005 0.922415 1.899413 0.665624
4.188005 0.922418 1.899515 0.665659
4.188008 0.922414 1.899466 0.665644
4.188016 0.922645 1.897055 0.664839
4.188016 0.922473 1.898719 0.665406
4.188021 0.922407 1.899379 0.665616
4.188022 0.922409 1.899221 0.665538
4.188027 0.922422 1.899354 0.665584
4.188028 0.922409 1.899414 0.665628
4.188031 0.922661 1.896961 0.664790
4.188034 0.922562 1.897770 0.665143
4.188038 0.922694 1.896604 0.664685
4.188041 0.922542 1.897986 0.665212
4.188050 0.922758 1.895901 0.664470
4.188060 0.922512 1.898369 0.665325
4.188069 0.922828 1.895133 0.664219
4.188122 0.922857 1.894811 0.664040
4.188180 0.922872 1.894791 0.663930
4.188257 0.922854 1.895108 0.663913
4.188314 0.922838 1.895317 0.663905
4.188319 0.924416 1.905342 0.665846
4.188369 0.922822 1.895531 0.663919
4.188408 0.922804 1.895690 0.663928
4.188487 0.922743 1.896297 0.664024
4.188682 0.928539 1.901478 0.670037
4.188720 0.922630 1.897233 0.664115
4.188948 1.009815 1.908609 0.649500
4.188992 0.922456 1.898429 0.664251
4.189261 0.922232 1.899708 0.664350
4.189310 0.922153 1.900486 0.664541
4.189501 0.922053 1.901161 0.664684
4.189582 0.921972 1.901844 0.664849
4.189593 0.922705 1.902247 0.664503
4.189597 0.922959 1.905651 0.666192
4.189663 0.921923 1.902181 0.664931
4.189728 1.000710 1.879365 0.672972
4.189804 0.921855 1.902478 0.665026
4.189959 0.921728 1.902977 0.665205
4.189997 0.921619 1.903789 0.665407
4.190248 0.921451 1.904742 0.665697
4.190733 0.926217 1.901962 0.666938
4.190741 0.922043 1.905604 0.666479
4.190836 0.921192 1.905489 0.665993
4.190976 0.921783 1.905639 0.666549
4.191144 0.921043 1.905992 0.666190
4.191353 0.921411 1.905765 0.666643
4.191470 0.920912 1.906167 0.666331
4.191706 0.920868 1.906010 0.666436
4.191709 0.930789 1.901862 0.669026
4.193425 1.002665 1.878340 0.679687
4.193993 0.949594 1.838109 0.829531
4.194108 0.968345 1.838489 0.835518
4.194681 0.937661 1.901223 0.674353
4.195079 0.952643 1.887553 0.643169
4.195365 1.002012 1.875597 0.691558
4.195906 1.001082 1.873825 0.698029
4.196023 1.003091 1.878032 0.683671
4.196153 1.002440 1.877322 0.686902
4.196294 1.002913 1.878233 0.684418
4.196867 0.936085 1.837932 0.824967
4.197318 0.994769 1.859861 0.749552
4.197484 0.996037 1.862319 0.741162
4.197502 0.937683 1.901140 0.674544
4.197568 1.000502 1.872321 0.705871
4.197569 2.022364 1.979314 0.553218
4.198073 0.950196 1.904398 0.667072
4.198368 0.997105 1.865304 0.732577
4.198741 0.998386 1.868203 0.723681
4.198854 0.999736 1.870565 0.714620
4.198949 0.993800 1.858184 0.757716
4.199738 0.989257 1.850034 0.792757
4.201154 0.988166 1.849266 0.798457
4.201720 0.948843 1.839180 0.824266
4.202039 0.990484 1.851927 0.786337
4.202048 0.993369 1.857059 0.765804
4.202248 6.680777 2.618941 -0.246192
4.202598 0.943392 1.838486 0.825284
4.202669 0.942701 1.837818 0.828102
4.202987 0.963056 1.907009 0.661462
4.204330 0.991801 1.854068 0.780395
4.204686 1.002986 1.907759 0.652294
4.204746 0.993053 1.855936 0.773444
4.206124 0.947230 1.888196 0.644419
4.207560 0.976788 1.838751 0.837791
4.208382 0.986767 1.849001 0.803623
4.210243 0.940466 1.839527 0.819383
4.210294 0.939285 1.839511 0.818883
4.210612 0.941517 1.839172 0.821150
4.211074 0.946732 1.838942 0.824324
4.211383 0.938726 1.839428 0.818861
4.211513 0.940142 1.839445 0.818728
4.212200 0.969339 1.837859 0.838662
4.212370 0.938426 1.839357 0.818886
4.212512 0.957309 1.905186 0.666706
4.213235 0.939184 1.839398 0.818877
4.213796 0.980187 1.841621 0.827851
4.213990 0.948248 1.838568 0.826636
4.214738 0.942406 1.888615 0.646529
4.214994 0.963838 1.837465 0.838349
4.215411 0.982513 1.843106 0.823456
4.215563 0.977024 1.839861 0.833292
4.215751 2.000713 1.976418 0.557391
4.216425 0.941421 1.838791 0.822775
4.216529 0.937775 1.839249 0.818885
4.216675 0.944220 1.838784 0.823909
4.217066 0.936920 1.837406 0.827512
4.217104 0.984052 1.844287 0.820066
4.217177 0.963529 1.905306 0.668151
4.217664 0.971694 1.906268 0.667094
4.218724 0.984786 1.845599 0.818064
4.218840 0.985322 1.849233 0.807790
4.219087 0.984715 1.846777 0.817518
4.219515 0.995018 1.906859 0.654259
4.220032 0.984973 1.847967 0.816075
4.220355 0.939414 1.839395 0.818710
4.221318 0.937748 1.889865 0.647597
4.221439 0.985137 1.848827 0.812694
4.222797 0.971668 1.838271 0.837831
4.222849 0.937098 1.839502 0.817464
4.223315 0.971562 1.837884 0.839430
4.223997 0.936371 1.839254 0.817489
4.224026 0.936399 1.839304 0.817593
4.224215 0.936338 1.839286 0.817575
4.224275 0.936296 1.839251 0.817557
4.224633 0.936154 1.839315 0.817628
4.225455 0.935866 1.839531 0.817023
4.227462 0.934453 1.891392 0.648613
4.228948 1.978561 1.973873 0.560214
4.231686 0.931918 1.893093 0.649437
4.232180 0.976948 1.907321 0.664922
4.233578 0.986811 1.905514 0.656897
4.234955 0.929979 1.894154 0.650141
4.238796 0.927522 1.894674 0.650799
4.243764 0.924576 1.895005 0.652128
4.243910 1.957072 1.971072 0.564664
4.245066 0.981711 1.908793 0.662105
4.245417 0.977902 1.904250 0.659183
4.245695 7.037397 2.593892 -0.184353
4.249202 0.920592 1.895547 0.654056
4.256622 1.935754 1.968567 0.568550
4.257520 0.985822 1.910508 0.659227
4.258150 0.916949 1.896233 0.656460
4.258672 0.968919 1.903600 0.660246
4.259235 4.297523 2.245981 0.416634
4.261895 6.692268 2.623224 -0.248460
4.267186 0.989499 1.912500 0.655600
4.267562 1.914809 1.966359 0.571847
4.268031 0.913505 1.896631 0.659475
4.271401 0.960251 1.903283 0.660298
4.274402 0.992078 1.914487 0.651065
4.278340 0.908527 1.896511 0.661877
4.278841 0.951835 1.902294 0.661717
4.280373 0.993595 1.916218 0.646090
4.280589 1.894562 1.964443 0.574893
4.285325 0.995843 1.917923 0.641575
4.287031 0.944822 1.900331 0.664093
4.289330 0.997659 1.919451 0.636879
4.291172 0.937278 1.898797 0.664266
4.291934 0.999037 1.923011 0.622437
4.291954 0.903443 1.896386 0.664053
4.292213 0.999225 1.920805 0.632213
4.293100 0.999776 1.924038 0.617763
4.293262 0.999706 1.922042 0.627204
4.293731 1.875079 1.962700 0.578765
4.294645 1.000538 1.925141 0.613065
4.295158 0.929900 1.897491 0.666584
4.296092 1.001262 1.926185 0.608193
4.296953 1.002123 1.927311 0.603009
4.297409 1.001037 1.929358 0.591437
4.298087 1.002380 1.928287 0.597357
4.302236 0.922878 1.896944 0.668783
4.303522 0.908063 1.896178 0.668984
4.308460 0.915578 1.896451 0.670592
4.309141 1.003432 1.930277 0.586993
4.309409 1.856170 1.961483 0.581655
4.311039 7.029651 2.594084 -0.173189
4.317945 1.009183 1.929628 0.589992
4.321991 1.836926 1.960688 0.583562
4.322331 1.015501 1.928841 0.594018
4.324080 6.704219 2.627159 -0.249447
4.328433 1.022004 1.928016 0.598091
4.331022 4.275906 2.246952 0.416239
4.337908 1.818076 1.960264 0.585180
4.339729 1.028561 1.927733 0.600356
4.351645 1.035255 1.928572 0.598479
4.355190 1.799421 1.960205 0.586332
4.359791 1.042074 1.930049 0.594492
4.365263 1.049848 1.931647 0.590890
4.370042 1.780371 1.960880 0.585959
4.372767 1.066108 1.935219 0.582939
4.373155 1.056973 1.933476 0.586037
4.376695 1.073809 1.937716 0.576367
4.377860 7.020978 2.594306 -0.163397
4.383946 1.082503 1.940059 0.570620
4.384188 1.761403 1.961918 0.585150
4.389131 6.716001 2.631359 -0.252398
4.393498 1.090951 1.942442 0.564514
4.400971 1.742674 1.963063 0.584846
4.401788 1.099777 1.944849 0.558370
4.408375 1.109560 1.947173 0.552809
4.408414 4.257574 2.247754 0.417414
4.416907 1.724050 1.964651 0.582999
4.417363 1.119032 1.949454 0.547275
4.425503 1.129066 1.951737 0.541999
4.432673 1.705398 1.965984 0.582028
4.435858 1.139900 1.953602 0.538609
4.444339 7.012284 2.594083 -0.152357
4.446163 1.686737 1.967525 0.579791
4.447254 1.150466 1.955681 0.534312
4.456991 1.668024 1.969009 0.577047
4.459019 1.161620 1.957596 0.530739
4.460112 6.725348 2.635043 -0.255030
4.470218 1.649369 1.970023 0.575631
4.475477 1.172183 1.959364 0.527060
4.477815 1.630210 1.970590 0.574430
4.480008 4.236770 2.249293 0.415605
4.488927 1.611552 1.970603 0.573757
4.492232 1.183164 1.960786 0.523997
4.494770 1.592955 1.970273 0.573324
4.497845 1.574812 1.969901 0.572593
4.505071 1.557219 1.968933 0.572430
4.508290 1.194823 1.961747 0.522221
4.511703 7.003487 2.593679 -0.142285
4.512855 1.540232 1.967318 0.574855
4.515664 1.523210 1.966138 0.576316
4.522130 1.506740 1.964823 0.578816
4.524088 1.206866 1.962567 0.521340
4.528110 1.490374 1.963962 0.578832
4.532948 1.474268 1.963083 0.578933
4.533525 6.735225 2.638475 -0.256733
4.539016 1.218935 1.963530 0.519791
4.541920 1.458677 1.962108 0.579284
4.546770 1.442939 1.961666 0.578604
4.552476 1.231403 1.964548 0.518342
4.553753 1.427521 1.961640 0.576920
4.557402 1.383394 1.964979 0.560865
4.558040 4.220214 2.250414 0.414913
4.558172 1.397824 1.963649 0.567121
4.558282 1.412462 1.962461 0.572874
4.563839 1.368933 1.965753 0.555150
4.566082 1.244041 1.965445 0.518015
4.572848 1.354673 1.966294 0.549062
4.576748 1.257215 1.966313 0.517998
4.577760 1.340271 1.966770 0.543010
4.579391 6.993676 2.592834 -0.132676
4.584691 1.326262 1.967050 0.537004
4.586099 1.270715 1.967010 0.519061
4.587294 1.312045 1.967085 0.532093
4.589028 1.284107 1.966929 0.523696
4.590165 1.297926 1.966980 0.527932
4.608767 6.746158 2.641598 -0.256959
4.632629 4.202850 2.251413 0.412687
4.647110 6.984301 2.591820 -0.122751
4.688682 6.754322 2.644064 -0.255909
4.707285 4.186908 2.252037 0.411035
4.711669 6.971743 2.590285 -0.113480
4.769525 6.763790 2.646509 -0.255134
4.774080 6.957149 2.588936 -0.105094
4.781238 4.172200 2.252507 0.409003
4.836797 6.943340 2.587629 -0.095899
4.850808 4.156112 2.252690 0.405692
4.853898 6.770637 2.649264 -0.256833
4.900870 6.930222 2.587269 -0.087016
4.918842 4.140770 2.252788 0.402202
4.939682 6.776585 2.652447 -0.260171
4.964812 6.915900 2.587877 -0.080018
4.985552 4.126116 2.252686 0.398132
5.028591 6.781627 2.654892 -0.260309
5.030385 6.902776 2.588916 -0.072583
5.049837 4.111298 2.252380 0.394140
5.097414 6.889919 2.590701 -0.066219
5.113067 4.096679 2.252047 0.389334
5.118244 6.788304 2.657779 -0.261815
5.161437 6.874485 2.592957 -0.061024
5.176353 4.082712 2.251681 0.384294
5.209087 6.796119 2.660619 -0.263188
5.228813 6.860308 2.595616 -0.056730
5.237569 4.068539 2.251408 0.378298
5.293910 6.843890 2.598376 -0.054868
5.298055 4.054158 2.250998 0.372758
5.302248 6.802355 2.663829 -0.266286
5.354086 6.824593 2.600837 -0.053989
5.360135 4.040949 2.250566 0.367864
5.398987 6.804991 2.666195 -0.267923
5.417084 6.806760 2.603790 -0.056276
5.422630 4.027853 2.249870 0.364054
5.479677 6.788385 2.606134 -0.058115
5.484457 4.015003 2.249337 0.359983
5.498463 6.807941 2.668266 -0.268007
5.545840 4.002825 2.248927 0.356295
5.547287 6.771937 2.608091 -0.059971
5.600482 6.807085 2.670699 -0.271562
5.606182 3.990489 2.248279 0.354328
5.617078 6.756283 2.609075 -0.059920
5.665907 3.978840 2.248060 0.351684
5.685904 6.739719 2.609971 -0.061287
5.705984 6.805953 2.671810 -0.269761
5.723648 3.966773 2.247749 0.349032
5.756390 6.723924 2.609767 -0.060088
5.781178 3.955271 2.247281 0.347182
5.813538 6.801375 2.673429 -0.271791
5.828100 6.708722 2.608951 -0.058193
5.837163 3.943703 2.246858 0.345134
5.893135 3.933055 2.246291 0.344185
5.900111 6.693040 2.607666 -0.056012
5.923632 6.795029 2.674449 -0.273051
5.948649 3.923242 2.245327 0.344558
5.970568 6.675618 2.606480 -0.055145
6.002798 3.913168 2.244576 0.344157
6.036432 6.788873 2.674570 -0.271201
6.043108 6.659589 2.604709 -0.051809
6.055418 3.902888 2.243341 0.345173
6.105552 2.967413 2.173779 0.378610
6.105561 2.967539 2.173964 0.378638
6.105595 2.967278 2.173503 0.378553
6.105641 2.967741 2.174148 0.378607
6.105672 2.968108 2.173525 0.377866
6.105678 2.967184 2.173153 0.378453
6.105716 2.968057 2.173725 0.378049
6.105727 2.967911 2.174166 0.378467
6.105739 2.968015 2.174036 0.378247
6.105754 2.968151 2.173537 0.377727
6.105901 2.967041 2.172852 0.378317
6.105919 2.968225 2.173707 0.377670
6.106205 2.968292 2.175472 0.379031
6.106225 3.891994 2.242287 0.345394
6.106260 2.968324 2.174060 0.377716
6.106279 2.966937 2.172887 0.378138
6.106349 2.968303 2.175488 0.378849
6.106430 2.968312 2.175481 0.378741
6.106455 2.966895 2.173179 0.378029
6.106458 2.968342 2.174606 0.377881
6.106504 2.968317 2.175587 0.378678
6.106557 2.968304 2.175873 0.378679
6.106581 2.968299 2.175999 0.378670
6.106599 2.968341 2.175145 0.378089
6.106639 2.968299 2.176064 0.378606
6.106642 2.968320 2.175660 0.378282
6.106684 2.968308 2.175997 0.378478
6.107050 2.966882 2.173728 0.377569
6.107445 2.966883 2.174148 0.377364
6.109702 2.966982 2.174752 0.375619
6.111806 2.966964 2.175193 0.373698
6.113432 6.642069 2.602685 -0.048509
6.116468 2.966979 2.176015 0.368992
6.118777 2.966566 2.176200 0.366224
6.121376 2.966063 2.176489 0.363568
6.126312 2.966253 2.177142 0.359318
6.131278 2.967156 2.177785 0.355444
6.139964 2.969076 2.179584 0.348375
6.148956 2.971700 2.181453 0.342058
6.150304 6.778288 2.673901 -0.268846
6.156725 3.881822 2.240998 0.346958
6.157191 2.974704 2.183513 0.336218
6.161870 2.976838 2.185550 0.330230
6.168196 2.979859 2.187134 0.325975
6.173940 2.983066 2.188273 0.323237
6.177709 2.985624 2.188964 0.321419
6.179203 2.987278 2.189333 0.320268
6.179837 2.988624 2.189683 0.319221
6.180277 2.989885 2.189968 0.318353
6.180877 2.991059 2.190169 0.317556
6.182064 2.992248 2.190290 0.316994
6.183849 2.993412 2.190343 0.316629
6.185306 6.623908 2.599987 -0.043337
6.186411 2.994351 2.190174 0.316671
6.187944 2.995046 2.190092 0.316539
6.189034 2.995470 2.190030 0.316479
6.190051 2.995929 2.189937 0.316480
6.191450 2.996425 2.189839 0.316434
6.193591 2.997109 2.189819 0.316357
6.196378 2.997952 2.189808 0.316361
6.199699 2.998966 2.190221 0.316675
6.202771 3.000021 2.190905 0.316758
6.205734 3.871346 2.239526 0.349035
6.206179 3.000912 2.191558 0.316866
6.210036 3.001971 2.192017 0.316855
6.215607 3.003409 2.192400 0.316628
6.221944 3.005470 2.192822 0.316025
6.228811 3.007427 2.193155 0.315152
6.235093 3.009294 2.193305 0.314039
6.240412 3.011245 2.193239 0.313486
6.245102 3.012992 2.193374 0.312911
6.249730 3.014479 2.193587 0.312201
6.250502 6.604814 2.596818 -0.037676
6.253488 3.860907 2.238056 0.350953
6.254012 3.016197 2.193749 0.311550
6.259007 3.017705 2.193736 0.311198
6.263505 3.019514 2.193721 0.310565
6.265505 6.765455 2.673518 -0.268997
6.269442 3.021707 2.193734 0.310168
6.276347 3.024361 2.193899 0.309875
6.285885 3.027008 2.194267 0.309829
6.295895 3.029971 2.194755 0.309768
6.299076 3.850078 2.236529 0.352927
6.305766 3.032884 2.195070 0.310037
6.315472 3.035818 2.195482 0.310305
6.316902 6.587090 2.593614 -0.031272
6.325777 3.038265 2.195744 0.310812
6.335079 3.040989 2.195918 0.311879
6.344137 3.839916 2.234823 0.355710
6.345143 3.043405 2.195933 0.313458
6.354803 3.045980 2.195954 0.315165
6.365456 3.048328 2.195910 0.316490
6.374428 3.051412 2.195904 0.317619
6.381960 6.750762 2.671919 -0.265227
6.382282 6.569300 2.590558 -0.025001
6.383093 3.054488 2.195876 0.318710
6.388522 3.830160 2.233191 0.358806
6.391924 3.057368 2.195885 0.319413
6.400820 3.060040 2.196030 0.319329
6.408750 3.062847 2.196205 0.319588
6.417126 3.065414 2.196403 0.319550
6.426297 3.068156 2.196499 0.319475
6.431947 3.820368 2.231555 0.361812
6.436274 3.071009 2.196613 0.319342
6.446543 3.074161 2.196893 0.319157
6.447102 6.551841 2.587819 -0.018987
6.458873 3.077347 2.197065 0.319090
6.471036 3.081174 2.197317 0.319306
6.474807 3.810436 2.230041 0.364502
6.484925 3.084513 2.197457 0.319888
6.498001 3.088183 2.197570 0.320795
6.499377 6.733145 2.670250 -0.263024
6.509862 3.091622 2.197649 0.321782
6.510040 6.534053 2.585429 -0.013917
6.516807 3.800188 2.228643 0.366821
6.521416 3.095171 2.197790 0.322711
6.533124 3.098770 2.198016 0.323415
6.544226 3.102072 2.198293 0.323654
6.554513 3.105396 2.198676 0.323557
6.559401 3.790596 2.227306 0.369308
6.565836 3.108517 2.199130 0.322817
6.572048 6.517126 2.583113 -0.008730
6.576132 3.112181 2.199570 0.322265
6.586687 3.115617 2.199977 0.321780
6.597094 3.118887 2.200390 0.321295
6.601268 3.780732 2.226054 0.371015
6.606763 3.122547 2.200687 0.321338
6.616390 3.126548 2.200978 0.321452
6.618671 6.714377 2.668659 -0.261300
6.627952 3.130433 2.201081 0.321966
6.632907 6.500727 2.580899 -0.003637
6.639491 3.134920 2.201228 0.322737
6.642405 3.770972 2.224830 0.372722
6.651532 3.139610 2.201268 0.324020
6.664360 3.144441 2.201207 0.325527
6.677319 3.149523 2.201057 0.327510
6.682686 3.761622 2.224064 0.373261
6.689806 3.155154 2.200954 0.329583
6.690911 6.484478 2.578842 0.000220
6.704913 3.159899 2.200578 0.332377
6.717544 3.166240 2.200604 0.334284
6.720870 3.751851 2.223225 0.373489
6.730495 3.172743 2.200791 0.335867
6.734777 6.690297 2.666700 -0.259827
6.743218 3.179473 2.201088 0.336582
6.746438 6.468858 2.576835 0.003789
6.754109 3.186615 2.201442 0.337318
6.757955 3.742655 2.222357 0.373887
6.764710 3.193750 2.201924 0.337846
6.776120 3.200626 2.202366 0.337852
6.787320 3.207329 2.202906 0.337621
6.793222 3.733348 2.221404 0.374627
6.801392 3.213348 2.203725 0.336579
6.801801 6.454837 2.574875 0.007927
6.817204 3.219149 2.204561 0.335720
6.828102 3.724383 2.220708 0.375284
6.833168 3.224956 2.205343 0.335385
6.850750 3.230482 2.206086 0.335339
6.852433 6.439716 2.572989 0.010460
6.854079 6.665912 2.664478 -0.257674
6.862223 3.715608 2.220135 0.376285
6.868759 3.236192 2.206691 0.335879
6.887310 3.241930 2.207275 0.336564
6.896167 3.707834 2.219385 0.378652
6.901650 6.425089 2.571525 0.012137
6.906525 3.247453 2.207755 0.337758
6.925554 3.253271 2.208124 0.339371
6.928460 3.699768 2.218703 0.380460
6.946535 3.258402 2.208428 0.340899
6.950281 6.411669 2.569858 0.014479
6.958982 3.691753 2.217821 0.382630
6.967704 3.263581 2.208500 0.343110
6.970130 6.637059 2.661830 -0.255960
6.988046 3.683847 2.216929 0.384621
6.990643 3.268406 2.208592 0.345164
6.997005 6.398383 2.568426 0.015932
7.012818 3.273644 2.208695 0.347034
7.015666 3.676206 2.216186 0.386297
7.036661 3.278405 2.208729 0.348463
7.041588 3.668755 2.215409 0.387374
7.043758 6.385715 2.566964 0.017349
7.059423 3.284531 2.208834 0.349379
7.066240 3.662029 2.214748 0.388706
7.079553 3.292167 2.209175 0.349250
7.085800 6.606456 2.658849 -0.252828
7.089477 3.655786 2.214335 0.389305
7.090010 6.372692 2.565735 0.017695
7.102677 3.298214 2.209835 0.346866
7.110234 3.650002 2.213889 0.390041
7.123197 3.305655 2.210314 0.345576
7.129502 3.644775 2.213580 0.390342
7.136157 6.359648 2.564629 0.017319
7.146746 3.311848 2.210586 0.344606
7.146936 3.640109 2.213376 0.390501
7.162367 3.635794 2.213198 0.390433
7.168132 3.318998 2.210869 0.343797
7.176390 3.631850 2.212913 0.390502
7.182409 6.346359 2.563489 0.017126
7.188736 3.628200 2.212624 0.390746
7.190572 3.325670 2.211210 0.343184
7.193014 6.570310 2.655650 -0.251173
7.199836 3.624807 2.212391 0.390886
7.209372 3.621701 2.212044 0.391023
7.216014 3.330640 2.211171 0.343894
7.218356 3.618972 2.211650 0.391598
7.227028 3.616015 2.211299 0.391955
7.227656 6.332234 2.562568 0.015704
7.235141 3.613058 2.211241 0.392380
7.242709 3.334915 2.211309 0.343563
7.244298 3.609855 2.211438 0.393111
7.254268 3.605973 2.211622 0.393860
7.264715 3.601595 2.211838 0.394686
7.266246 3.340984 2.211028 0.345715
7.275177 3.596916 2.212069 0.395546
7.277480 6.315706 2.561811 0.013199
7.284901 3.592064 2.212346 0.396312
7.290914 3.346554 2.210636 0.348090
7.294236 6.530702 2.652354 -0.250183
7.294586 3.587457 2.212594 0.397438
7.304307 3.583258 2.212825 0.399020
7.312879 3.578898 2.213043 0.400216
7.314706 3.352950 2.210247 0.350721
7.321028 3.574402 2.213196 0.401315
7.322788 6.301517 2.561105 0.011624
7.329506 3.570263 2.213190 0.402655
7.337770 3.359874 2.209715 0.353721
7.337850 3.566138 2.213151 0.403765
7.345518 3.562047 2.213005 0.404815
7.352896 3.557974 2.212844 0.405614
7.360147 3.553836 2.212685 0.406168
7.366526 6.286776 2.560365 0.009626
7.367532 3.362886 2.209054 0.355800
7.367754 3.549692 2.212464 0.406774
7.375706 3.545372 2.212255 0.406753
7.384166 3.540953 2.212033 0.407006
7.392995 3.536308 2.211858 0.406811
7.394988 3.367235 2.208293 0.359263
7.398162 6.490971 2.648785 -0.247548
7.402532 3.532003 2.211531 0.406614
7.410923 6.272204 2.559342 0.008963
7.412919 3.527141 2.211258 0.405750
7.420142 3.373235 2.207870 0.362837
7.424075 3.521913 2.211022 0.404659
7.434996 3.515922 2.211082 0.402414
7.441768 3.379176 2.207062 0.368692
7.447524 3.509460 2.210980 0.400893
7.453865 6.257273 2.558374 0.007725
7.460361 3.502336 2.210998 0.398707
7.464799 3.384638 2.206452 0.373749
7.472824 3.494191 2.210543 0.397597
7.481144 3.391932 2.205623 0.380107
7.483449 3.485196 2.210071 0.396542
7.493167 6.447861 2.644193 -0.242629
7.494594 3.475864 2.209584 0.395348
7.495180 3.400975 2.205434 0.384627
7.495659 6.242179 2.557155 0.007189
7.502690 3.465713 2.208715 0.395356
7.508168 3.410381 2.205362 0.388744
7.510558 3.421709 2.205860 0.391382
7.510779 3.455368 2.207973 0.394977
7.513396 3.433025 2.206435 0.393640
7.513940 3.444338 2.207076 0.394879
7.537657 6.227425 2.555840 0.007319
7.580632 6.213051 2.554481 0.007610
7.584199 6.403134 2.641054 -0.244048
7.622054 6.198149 2.553204 0.006504
7.664496 6.183535 2.551772 0.006248
7.668939 6.356783 2.637323 -0.243733
7.707552 6.168583 2.550479 0.005893
7.748486 6.309517 2.634804 -0.247640
7.752018 6.153221 2.549376 0.005194
7.797489 6.137095 2.548346 0.003890
7.824864 6.261283 2.632189 -0.251894
7.845920 6.120736 2.547397 0.002043
7.891559 6.102270 2.546852 -0.002153
7.894941 6.211942 2.630134 -0.258862
7.938844 6.082575 2.545573 -0.004343
7.962410 6.161959 2.627159 -0.262887
7.986321 6.061480 2.543489 -0.003935
8.019788 6.110471 2.623827 -0.266893
8.033528 3.685118 2.303017 0.123978
8.034304 3.696064 2.304726 0.123551
8.034381 3.674480 2.301212 0.124399
8.035632 3.664179 2.299417 0.125023
8.035988 3.707405 2.306457 0.122742
8.037218 3.719253 2.308004 0.122530
8.037683 3.654164 2.297800 0.125032
8.038687 6.040649 2.541037 -0.001770
8.040061 3.731496 2.309616 0.122134
8.041714 3.644258 2.296461 0.125046
8.042941 3.744284 2.311381 0.121012
8.046265 3.757296 2.313088 0.119696
8.046548 3.634848 2.295175 0.124940
8.051594 3.625603 2.293951 0.125327
8.051636 3.771536 2.314632 0.118449
8.057925 3.786230 2.316068 0.117862
8.058112 3.616621 2.292732 0.126614
8.064398 3.801543 2.317677 0.116170
8.066026 3.607464 2.291653 0.127810
8.069159 6.058042 2.619676 -0.268275
8.071116 3.817807 2.319489 0.114589
8.076506 3.598341 2.290865 0.129079
8.076739 3.834868 2.321277 0.112693
8.081478 3.852663 2.323334 0.111156
8.085865 3.870640 2.326079 0.106933
8.087733 3.588957 2.290397 0.130749
8.091423 3.889605 2.328556 0.104076
8.094322 6.019207 2.538841 -0.000449
8.096828 3.909338 2.331353 0.100810
8.102745 3.580330 2.289976 0.133873
8.103435 3.929555 2.334601 0.096087
8.114457 3.950450 2.337883 0.091781
8.118364 3.571365 2.289918 0.136660
8.125833 3.972075 2.341206 0.087223
8.133983 3.562191 2.290087 0.138874
8.138688 3.994439 2.344490 0.083462
8.148923 3.553114 2.290071 0.140101
8.150646 5.967047 2.612683 -0.272002
8.156400 4.017348 2.347570 0.079905
8.157080 5.999207 2.536453 0.002709
8.163069 3.544294 2.289840 0.141403
8.170617 4.041115 2.350964 0.076017
8.179042 3.536441 2.289083 0.143463
8.185778 4.065909 2.354282 0.072585
8.191350 5.912846 2.608146 -0.272626
8.194492 3.528432 2.288426 0.144597
8.202585 4.091300 2.357981 0.067497
8.209294 3.520450 2.287547 0.145362
8.216802 4.118002 2.361895 0.062474
8.218766 5.977108 2.534129 0.005260
8.224369 3.513001 2.286780 0.146051
8.226002 4.145637 2.365827 0.057259
8.228485 5.858260 2.603506 -0.273122
8.238297 4.174294 2.369847 0.053595
8.238975 3.505622 2.286026 0.146214
8.247568 4.203719 2.373647 0.049553
8.254853 5.803142 2.598632 -0.273075
8.254863 3.498672 2.285284 0.146115
8.271317 3.491891 2.284671 0.145932
8.272885 4.232735 2.377040 0.046879
8.278663 5.747682 2.593583 -0.272409
8.283990 5.955189 2.532320 0.005763
8.285130 4.263347 2.380524 0.043240
8.286940 3.485134 2.284014 0.146012
8.293106 5.692428 2.588186 -0.270474
8.294187 4.294718 2.384299 0.038787
8.294356 4.326505 2.389025 0.031217
8.295232 4.359338 2.393925 0.023264
8.300274 4.393022 2.399038 0.014273
8.303967 4.428098 2.404295 0.005913
8.304353 3.479399 2.283517 0.145990
8.309716 5.637268 2.581855 -0.264923
8.318552 4.464450 2.409263 -0.000818
8.321612 3.473742 2.283157 0.145241
8.326545 5.582218 2.575353 -0.258695
8.328980 4.501887 2.414725 -0.009176
8.339276 4.540416 2.420520 -0.018583
8.339609 3.468342 2.282894 0.144552
8.341679 5.528231 2.567634 -0.247848
8.344675 5.930898 2.530016 0.007470
8.346063 4.579886 2.426463 -0.028747
8.354010 5.474254 2.560053 -0.237472
8.357768 3.462964 2.282614 0.143504
8.360750 4.620551 2.431913 -0.036179
8.372624 5.421911 2.551372 -0.222360
8.378266 3.458447 2.282566 0.142134
8.378379 5.368513 2.543986 -0.212356
8.381935 5.315373 2.536751 -0.203411
8.385840 5.263157 2.529200 -0.192319
8.390400 5.211468 2.521449 -0.181597
8.398036 3.452716 2.282046 0.142117
8.399496 5.160609 2.513450 -0.169452
8.407810 5.110607 2.505409 -0.157059
8.413408 5.061328 2.497295 -0.144747
8.415677 5.910276 2.527716 0.010415
8.418938 4.657291 2.434314 -0.034495
8.420747 3.447868 2.281565 0.141942
8.424310 4.699427 2.440281 -0.044344
8.426916 4.741994 2.446800 -0.055579
8.429101 5.014526 2.488675 -0.128413
8.433759 4.785769 2.452989 -0.065835
8.434805 4.967118 2.480989 -0.115439
8.439415 4.920586 2.473616 -0.102526
8.442326 4.830391 2.459006 -0.075824
8.443336 3.442246 2.280919 0.142587
8.444059 4.875459 2.465923 -0.087669
8.466390 3.436042 2.280234 0.143149
8.483464 5.887833 2.524953 0.014913
8.491092 3.430608 2.279252 0.145122
8.517655 3.425666 2.278366 0.147028
8.544405 3.421118 2.277098 0.150501
8.547683 5.863158 2.522508 0.016995
8.573851 3.418298 2.275905 0.154485
8.603841 3.417472 2.274484 0.159959
8.610997 5.837650 2.520194 0.018659
8.637624 3.416026 2.273496 0.163141
8.673325 3.414824 2.272744 0.165716
8.675773 5.812212 2.518397 0.019515
8.707568 3.413883 2.271253 0.171426
8.741262 3.413202 2.269361 0.178473
8.745626 5.788159 2.516582 0.021199
8.775826 3.414803 2.267670 0.185798
8.810976 5.761812 2.514996 0.020682
8.813635 3.414206 2.266099 0.191518
8.850596 3.414937 2.264497 0.198573
8.874546 5.734294 2.513630 0.019017
8.890218 3.415500 2.263349 0.204506
8.927418 3.418511 2.262022 0.212744
8.943128 5.707993 2.512626 0.016192
8.967597 3.416573 2.260533 0.219931
9.006114 3.415562 2.258755 0.228426
9.016819 5.682745 2.511335 0.014604
9.047966 3.414088 2.257582 0.234129
9.088757 3.413838 2.256423 0.240507
9.089178 5.656354 2.510473 0.010642
9.128788 3.413055 2.255189 0.246968
9.162271 5.629718 2.509564 0.005834
9.169218 3.408791 2.254294 0.250869
9.211634 3.408395 2.253973 0.254227
9.234949 5.602091 2.508429 0.001276
9.254705 3.407495 2.254507 0.254327
9.294576 3.401870 2.255068 0.252455
9.309833 5.574358 2.506704 -0.001382
9.329046 3.392651 2.255472 0.250081
9.368054 3.385843 2.255964 0.248053
9.385891 5.546785 2.504976 -0.004317
9.400045 3.375541 2.256473 0.243814
9.427841 3.363021 2.256417 0.240561
9.458174 5.517298 2.503081 -0.007295
9.460643 3.352010 2.256213 0.237669
9.488116 3.338750 2.255560 0.235250
9.520239 3.326671 2.255149 0.232491
9.526065 5.485897 2.500879 -0.009871
9.543828 3.311553 2.254365 0.230261
9.567180 3.295917 2.253379 0.228862
9.589214 3.279590 2.251789 0.229308
9.594840 5.454088 2.498511 -0.012111
9.607694 3.262453 2.250642 0.226806
9.630824 3.245823 2.248682 0.227389
9.653925 3.229442 2.246031 0.230498
9.669548 5.423909 2.496246 -0.014190
9.672604 3.212307 2.243178 0.233682
9.689984 3.195507 2.239853 0.239005
9.706310 3.178089 2.236632 0.243972
9.721089 3.160891 2.232934 0.251005
9.738548 3.143199 2.229441 0.257244
9.741870 5.392422 2.493597 -0.015355
9.761494 3.126578 2.225642 0.264927
9.782849 3.109366 2.221663 0.272910
9.811563 3.092944 2.217943 0.280526
9.811599 5.359571 2.490825 -0.016372
9.833211 3.073899 2.214683 0.286541
9.861872 3.055548 2.211769 0.292551
9.882578 5.326435 2.487732 -0.016208
9.893453 3.037197 2.208914 0.298569
9.924032 3.017741 2.205979 0.303638
9.959202 5.292476 2.484525 -0.015744
9.959440 2.999963 2.202276 0.311379
9.994948 2.980919 2.198559 0.317808
10.032157 5.258785 2.481099 -0.014122
10.037987 2.964278 2.194704 0.325603
10.067764 2.943059 2.190722 0.331485
10.106437 2.922840 2.187142 0.335592
10.108925 5.225732 2.477229 -0.010471
10.140852 2.901248 2.183498 0.339715
10.181653 2.880737 2.180508 0.340312
10.186548 5.192092 2.473637 -0.008398
10.218929 2.859516 2.177247 0.341503
10.256391 2.838596 2.174144 0.341752
10.267007 5.159282 2.469424 -0.003197
10.292400 2.817769 2.170904 0.343004
10.322956 2.795953 2.168476 0.342044
10.342802 5.124326 2.465067 0.002372
10.350893 2.774009 2.165778 0.342700
10.385302 2.753774 2.163797 0.341850
10.412258 2.732806 2.162716 0.337355
10.420971 5.089699 2.460453 0.009142
10.437497 2.711583 2.160275 0.338152
10.469806 2.692010 2.157958 0.339481
10.495507 2.671019 2.155853 0.339573
10.497003 5.053791 2.455634 0.016548
10.521064 2.649995 2.153466 0.340639
10.547681 2.628983 2.151354 0.341451
10.573471 2.607966 2.148889 0.343650
10.575632 5.018308 2.450427 0.025763
10.605446 2.587952 2.146565 0.345376
10.631759 2.566730 2.143521 0.349223
10.653107 4.981794 2.445205 0.035051
10.660441 2.545255 2.141081 0.350689
10.693294 2.523741 2.138827 0.350524
10.727989 2.502080 2.136716 0.350904
10.732429 4.944982 2.440278 0.043776
10.772337 2.482137 2.135179 0.349711
10.811550 4.907060 2.435588 0.051458
10.811630 2.460050 2.133773 0.348176
10.854470 2.438377 2.132754 0.345189
10.889178 4.868211 2.430930 0.058931
10.897912 2.416396 2.131804 0.342236
10.942320 2.394140 2.130681 0.340122
10.971408 4.830075 2.426435 0.066285
10.985601 2.371192 2.129393 0.337762
11.028694 2.347810 2.127534 0.337658
11.061722 4.795527 2.421246 0.078202
11.076847 2.325594 2.126325 0.336156
11.123129 2.302573 2.124933 0.335327
11.149895 4.758483 2.416265 0.087886
11.168657 2.279197 2.123083 0.336072
11.210593 2.254841 2.120941 0.336547
11.234188 4.719075 2.411451 0.095631
11.252061 2.230388 2.118459 0.337439
11.289532 2.205045 2.115873 0.337164
11.317048 4.678327 2.406790 0.101770
11.327476 2.179984 2.113098 0.337641
11.364879 2.155182 2.110111 0.339691
11.400766 2.130714 2.106363 0.343560
11.403793 4.638541 2.401883 0.109188
11.432338 2.105850 2.102085 0.347713
11.464730 2.081004 2.097658 0.350712
11.486239 4.596726 2.397213 0.115338
11.493270 2.055191 2.093257 0.352378
11.517553 2.028482 2.088903 0.353086
11.538525 2.001150 2.084561 0.352791
11.556065 1.973215 2.080087 0.352659
11.563238 4.553807 2.391906 0.122983
11.573744 1.944955 2.076278 0.350308
11.589725 1.916058 2.072914 0.346991
11.605278 1.886499 2.069793 0.342998
11.620623 1.857364 2.067135 0.338199
11.636641 1.828598 2.064847 0.332578
11.637573 4.510777 2.386047 0.132346
11.653802 1.800146 2.062907 0.326774
11.672106 1.772349 2.060960 0.321865
11.691315 1.744711 2.059031 0.317822
11.708195 4.466708 2.380429 0.139887
11.709980 1.717429 2.057258 0.314129
11.727680 1.690159 2.055372 0.310591
11.743712 1.663195 2.053810 0.306031
11.759923 1.635895 2.052180 0.301724
11.772730 4.421674 2.374542 0.147559
11.773681 1.608920 2.050831 0.296520
11.789902 1.582136 2.049723 0.290681
11.806928 1.555450 2.049017 0.284064
11.824703 1.528859 2.048695 0.276453
11.836073 4.376470 2.369021 0.153824
11.846024 1.502430 2.048422 0.269265
11.867678 1.475820 2.048007 0.262680
11.889161 1.449507 2.047841 0.255328
11.906418 4.332682 2.363920 0.159399
11.913234 1.422866 2.047159 0.250623
11.938320 1.396489 2.046382 0.246573
11.963976 1.370337 2.045744 0.242447
11.974437 4.288528 2.359182 0.163545
11.989321 1.344181 2.045114 0.238160
12.013157 1.317866 2.044105 0.234869
12.036168 1.291697 2.042935 0.231342
12.045441 4.245208 2.354131 0.168971
12.060532 1.265646 2.041365 0.229402
12.084525 1.239568 2.039208 0.227986
12.109485 1.213937 2.037006 0.226619
12.120911 4.203416 2.348639 0.176557
12.134206 1.188419 2.034652 0.225466
12.159322 1.163077 2.032186 0.224813
12.185731 1.138016 2.029800 0.223350
12.196135 4.161393 2.343532 0.182689
12.211141 1.112643 2.027160 0.223311
12.239296 1.087870 2.024228 0.224946
12.266499 1.062988 2.021710 0.225720
12.268291 4.119236 2.337900 0.191094
12.297264 1.038554 2.019608 0.226547
12.326849 1.013830 2.017671 0.227281
12.338043 4.074964 2.331919 0.200138
12.359358 0.989723 2.016443 0.226617
12.391073 0.965525 2.014984 0.225568
12.401737 4.031359 2.325924 0.209505
12.425005 0.942102 2.014128 0.222953
12.459694 0.918899 2.012899 0.221085
12.467522 3.987885 2.320172 0.217399
12.494524 0.895948 2.011785 0.217946
12.532163 0.873705 2.010485 0.214924
12.532715 3.944580 2.314051 0.226582
12.571220 0.852195 2.009380 0.211150
12.597325 3.901456 2.307691 0.237349
12.610342 0.831208 2.008164 0.206755
12.647810 0.810396 2.006762 0.202678
12.664108 3.857989 2.302116 0.244779
12.687523 0.790609 2.005406 0.198982
12.726421 0.771036 2.003879 0.196402
12.731762 3.814426 2.296736 0.251847
12.764919 0.751813 2.002443 0.194532
12.801480 3.771110 2.291519 0.257871
12.803956 0.733112 2.001144 0.193329
12.843430 0.714782 2.000016 0.192650
12.869009 3.727267 2.286255 0.263586
12.882871 0.696679 1.998724 0.192328
12.921401 0.678604 1.997394 0.192090
12.936197 3.683400 2.281002 0.268816
12.961673 0.661098 1.996056 0.191743
12.999097 3.638380 2.276199 0.271439
13.001284 0.643501 1.994624 0.191576
13.042778 0.625937 1.993414 0.190833
13.063232 3.593848 2.271844 0.272056
13.085744 0.608598 1.991801 0.190740
13.123370 3.549088 2.267260 0.273636
13.127223 0.591034 1.990560 0.189881
13.170937 0.573864 1.989227 0.189298
13.179629 3.504437 2.263801 0.271191
13.215687 0.557221 1.987638 0.189107
13.234169 3.460247 2.260598 0.268001
13.260045 0.540384 1.986238 0.188386
13.295645 3.418509 2.258228 0.262740
13.303940 0.523396 1.985038 0.187864
13.349297 3.374200 2.256430 0.254202
13.350211 0.507128 1.983687 0.187461
13.372112 2.216322 2.195675 0.067837
13.372140 2.204390 2.195746 0.063672
13.376067 2.192321 2.195552 0.061300
13.376602 2.228651 2.195678 0.072121
13.383518 2.180749 2.195691 0.058521
13.385762 2.169184 2.195758 0.056281
13.389276 2.240366 2.195966 0.076723
13.393355 2.158041 2.195011 0.056770
13.395561 2.253581 2.196552 0.080453
13.396767 0.490949 1.982600 0.186168
13.399578 2.147139 2.194124 0.057152
13.404153 3.333875 2.254861 0.246355
13.408132 2.137113 2.193039 0.058211
13.413503 2.266175 2.197901 0.081335
13.415053 2.127337 2.192159 0.058258
13.424910 2.118478 2.190757 0.060871
13.431505 2.278912 2.198459 0.084903
13.437614 2.109340 2.189299 0.062188
13.443637 0.474819 1.981195 0.185398
13.450381 2.100213 2.187275 0.065743
13.450646 2.292390 2.199149 0.087853
13.452523 3.294577 2.254590 0.233679
13.463985 2.090358 2.185150 0.068695
13.473270 2.303773 2.199402 0.091653
13.478690 2.080623 2.182950 0.071916
13.491952 0.459163 1.979785 0.185176
13.494203 3.254960 2.254197 0.221208
13.495027 2.070615 2.181343 0.073609
13.500944 2.317478 2.200210 0.093744
13.511233 2.060355 2.180265 0.073761
13.528117 2.332775 2.202049 0.092571
13.530935 2.049527 2.179452 0.073508
13.533814 3.217652 2.254994 0.204657
13.539560 0.443141 1.978606 0.184031
13.550088 2.040090 2.179044 0.073071
13.559902 2.348163 2.204041 0.091560
13.567885 2.030939 2.179144 0.070853
13.577276 3.181305 2.255464 0.189427
13.588176 2.022868 2.178753 0.071229
13.588441 0.427510 1.977213 0.183336
13.593706 2.364437 2.205389 0.093334
13.607564 2.014894 2.178578 0.070273
13.626414 2.381635 2.208445 0.088225
13.629769 2.008583 2.178066 0.071024
13.631623 3.148789 2.256909 0.172045
13.638164 0.411974 1.976117 0.182261
13.646090 2.001217 2.178018 0.069022
13.663589 2.399257 2.211336 0.083975
13.664104 1.994940 2.177817 0.067481
13.679747 3.115505 2.258303 0.154541
13.681761 1.988853 2.177118 0.066686
13.688783 0.396394 1.974887 0.181429
13.695106 2.418996 2.215039 0.076911
13.698366 1.982856 2.176169 0.065314
13.716941 1.978091 2.174718 0.066574
13.717506 2.438409 2.220264 0.063596
13.734376 1.973311 2.173493 0.066050
13.737419 3.087008 2.260833 0.134012
13.741328 0.381279 1.974083 0.180600
13.748750 2.459790 2.224730 0.053783
13.751153 1.968354 2.172630 0.065674
13.765508 2.482021 2.230417 0.039501
13.768913 1.963797 2.172383 0.064822
13.784497 3.056358 2.263029 0.114260
13.787470 1.959403 2.172598 0.064272
13.794925 2.505164 2.235508 0.027561
13.795769 0.366879 1.973318 0.180779
13.807316 1.955413 2.172997 0.064164
13.808301 3.030761 2.266138 0.093464
13.823691 2.529929 2.240710 0.015676
13.825256 1.950483 2.173295 0.063863
13.838543 2.997691 2.267909 0.074891
13.840223 2.556460 2.246642 0.001829
13.844560 1.946326 2.173292 0.064066
13.848753 0.352243 1.973145 0.179827
13.858270 2.583703 2.252975 -0.013060
13.864640 1.942762 2.173048 0.064549
13.865950 2.965628 2.270299 0.054796
13.883215 1.938429 2.172681 0.064713
13.884929 2.614061 2.258320 -0.022592
13.888703 2.931576 2.271852 0.037619
13.902977 1.934980 2.172407 0.064933
13.903314 0.338724 1.973278 0.178401
13.904066 2.897113 2.273359 0.019854
13.915038 2.645604 2.263883 -0.031663
13.919305 2.863747 2.275425 0.000337
13.923325 1.931933 2.171927 0.066380
13.935180 2.680686 2.268884 -0.037166
13.939558 2.755678 2.275713 -0.036837
13.944019 1.928480 2.171687 0.066509
13.945539 2.829889 2.276768 -0.016236
13.947747 2.717661 2.273265 -0.040391
13.954445 2.792869 2.276547 -0.027711
13.958646 0.325677 1.973751 0.176447
13.965438 1.925284 2.171248 0.067818
13.987442 1.922021 2.170929 0.069038
14.010163 1.919006 2.170569 0.070436
14.015530 0.314255 1.973966 0.175391
14.033015 1.915269 2.170218 0.071594
14.057709 1.912169 2.169857 0.073634
14.071604 0.303013 1.974483 0.173691
14.081980 1.908521 2.169519 0.074961
14.106959 1.904739 2.169076 0.076371
14.127102 0.292113 1.974794 0.172812
14.132102 1.900853 2.168695 0.077448
14.157061 1.896884 2.168243 0.078928
14.182208 0.282072 1.974807 0.172383
14.182299 1.893053 2.167909 0.079958
14.207879 1.888708 2.167420 0.081398
14.233503 0.271998 1.974822 0.171645
14.233650 1.883312 2.167540 0.079778
14.261925 1.878301 2.167257 0.078719
14.284735 0.262731 1.974545 0.171482
14.291425 1.872541 2.166381 0.078968
14.322534 1.866539 2.165533 0.078707
14.334055 0.253188 1.973930 0.171830
14.355256 1.861473 2.164129 0.081250
14.382937 0.244264 1.973154 0.172773
14.387487 1.854192 2.163153 0.081159
14.421777 1.847885 2.162108 0.083032
14.431029 0.235684 1.972054 0.173946
14.459769 1.840184 2.161305 0.083848
14.477737 0.227003 1.970952 0.174736
14.496411 1.834815 2.160769 0.084780
14.523335 0.218142 1.969819 0.175805
14.532453 1.828808 2.159962 0.086754
14.567823 0.209387 1.968479 0.177413
14.568831 1.822313 2.158917 0.089625
14.606415 1.815408 2.158342 0.090876
14.610996 0.199807 1.967329 0.178384
14.644880 1.807787 2.157434 0.093582
14.655456 0.191568 1.966488 0.178575
14.687526 1.801288 2.156421 0.097093
14.696839 0.182179 1.965414 0.179168
14.728086 1.791754 2.154517 0.102505
14.738892 0.173821 1.964633 0.179026
14.772091 1.781932 2.152658 0.106878
14.780340 0.165912 1.964338 0.177525
14.812822 1.770933 2.149786 0.114372
14.820737 0.157611 1.963888 0.176615
14.851731 1.759592 2.146445 0.123503
14.859836 0.149005 1.963218 0.175619
14.891987 1.746791 2.143484 0.130708
14.899234 0.140711 1.962554 0.174947
14.932854 1.735007 2.140127 0.140123
14.938311 0.133140 1.961763 0.174680
14.973328 1.719915 2.137556 0.145800
14.975790 0.125770 1.960939 0.174698
15.008419 1.702005 2.134982 0.150677
15.011033 0.118645 1.960057 0.175774
15.044482 0.112156 1.959530 0.176195
15.047642 1.684093 2.132865 0.153820
15.076210 0.106444 1.959008 0.177813
15.084390 1.664683 2.130631 0.157098
15.106124 0.101406 1.958527 0.179557
15.123641 1.645769 2.127793 0.162838
15.134616 0.097425 1.958524 0.181374
15.153791 1.623860 2.124599 0.168077
15.161296 0.093489 1.958729 0.183123
15.188566 0.090786 1.959883 0.183800
15.195757 1.604380 2.121212 0.174090
15.215712 0.088831 1.961313 0.184205
15.224527 1.581806 2.116910 0.181862
15.243515 0.086567 1.962924 0.184817
15.248128 1.557221 2.112803 0.187451
15.272596 1.531971 2.109322 0.190473
15.272994 0.084727 1.964432 0.185549
15.298005 1.507605 2.105643 0.195106
15.303590 0.083349 1.965846 0.186830
15.314414 1.482634 2.101524 0.201064
15.326475 1.456916 2.097735 0.205240
15.336240 0.081925 1.967489 0.186612
15.337099 1.432273 2.093265 0.212670
15.349386 1.407683 2.088813 0.219447
15.355177 1.382592 2.084967 0.224442
15.359056 1.357606 2.081366 0.228852
15.363564 1.332600 2.078123 0.231931
15.369393 1.307517 2.075160 0.234138
15.371265 0.081439 1.968400 0.188343
15.375862 1.282376 2.071890 0.237166
15.382498 1.256988 2.068336 0.240633
15.390612 1.231476 2.064756 0.244035
15.399200 1.205431 2.062513 0.242501
15.408275 0.081031 1.969473 0.189059
15.408642 1.179242 2.060230 0.241522
15.422250 1.153350 2.057753 0.241845
15.437943 1.127547 2.055975 0.239621
15.443741 0.080217 1.971440 0.184544
15.453680 1.102244 2.054952 0.234183
15.471729 1.076797 2.052872 0.233383
15.482029 0.077997 1.971866 0.184721
15.494578 1.052356 2.051573 0.229727
15.513054 1.027820 2.050516 0.224859
15.520544 0.075047 1.972228 0.183671
15.534938 1.003668 2.049128 0.222013
15.559739 0.072445 1.971548 0.185617
15.561110 0.980247 2.046853 0.222791
15.586399 0.957020 2.044929 0.222270
15.599548 0.069869 1.970732 0.187585
15.610091 0.934108 2.042394 0.224452
15.635557 0.911759 2.040451 0.224080
15.640197 0.068007 1.970247 0.188475
15.659622 0.890237 2.037661 0.227456
15.681512 0.066755 1.969650 0.189973
15.686548 0.869711 2.035782 0.227450
15.709826 0.849167 2.033865 0.227968
15.723787 0.065298 1.969310 0.190522
15.734273 0.830044 2.030945 0.233598
15.751465 0.809474 2.028686 0.236387
15.766390 0.063848 1.969281 0.190220
15.772849 0.790036 2.026025 0.241574
15.799428 0.771316 2.023801 0.245983
15.809011 0.061985 1.969264 0.189372
15.819624 0.751236 2.021438 0.250320
15.845377 0.731896 2.019280 0.253442
15.852046 0.062550 1.969357 0.189636
15.872973 0.713899 2.016382 0.259263
15.892520 0.693548 2.013997 0.260841
15.894181 0.062119 1.969298 0.190294
15.914557 0.673472 2.011659 0.261992
15.934679 0.063873 1.969944 0.188656
15.938281 0.653799 2.008871 0.265894
15.959838 0.633354 2.006855 0.267075
15.972746 0.067278 1.970266 0.188590
15.980717 0.612937 2.004867 0.267985
16.004985 0.593195 2.003375 0.267244
16.010052 0.068500 1.970441 0.188416
16.029412 0.573979 2.002181 0.264982
16.045052 0.069451 1.970231 0.190517
16.052497 0.554551 2.000422 0.265160
16.061462 0.535275 2.000605 0.257603
16.077885 0.072144 1.970546 0.192018
16.086448 0.516862 1.998806 0.258574
16.108090 0.075753 1.971277 0.193270
16.109570 0.498417 1.997360 0.258487
16.129212 0.479944 1.995508 0.259583
16.135781 0.080175 1.972106 0.194400
16.139636 0.461543 1.995155 0.254287
16.158587 0.444211 1.994524 0.249972
16.160242 0.085801 1.973410 0.193542
16.177080 0.426814 1.992459 0.250315
16.185044 0.089758 1.973690 0.195788
16.197525 0.410181 1.990744 0.249333
16.208785 0.094130 1.974033 0.197458
16.213026 0.393125 1.988326 0.250496
16.226015 0.376919 1.984850 0.255607
16.232556 0.098034 1.974302 0.199101
16.238982 0.360345 1.983818 0.251274
16.246623 0.343200 1.981975 0.249719
16.257472 0.100066 1.974060 0.201730
16.264751 0.327601 1.979514 0.251741
16.280151 0.105119 1.973906 0.204294
16.282222 0.311976 1.977162 0.253740
16.295021 0.295459 1.975931 0.252309
16.306309 0.103813 1.972861 0.208385
16.315986 0.280501 1.973881 0.256352
16.333753 0.113583 1.971492 0.216502
16.335194 0.106104 1.972367 0.211206
16.340952 0.267687 1.971320 0.263622
16.358870 0.251785 1.969283 0.267751
16.365451 0.108650 1.971449 0.215175
16.367879 0.114001 1.970208 0.221716
16.378974 0.236878 1.966263 0.275942
16.396569 0.113680 1.967793 0.231082
16.408030 0.226006 1.963369 0.285513
16.433201 0.211398 1.960987 0.291311
16.433828 0.112198 1.966362 0.236376
16.453248 0.195740 1.958219 0.297508
16.469002 0.109446 1.964415 0.243910
16.488743 0.183084 1.956571 0.300396
16.500990 0.101136 1.962208 0.250964
16.514830 0.167587 1.955698 0.299804
16.535120 0.093936 1.960018 0.258551
16.549427 0.155590 1.956192 0.295515
16.574194 0.090805 1.958209 0.266079
16.580890 0.143235 1.956942 0.289932
16.604759 0.099405 1.956888 0.275350
16.611405 0.129558 1.956512 0.288255
16.623623 0.113262 1.956331 0.283329