-0.136009 1.945894 0.336365 0.321178
-0.135448 1.946276 0.335232 0.319608
-0.133537 1.945546 0.337537 0.322737
-0.130663 1.946681 0.334153 0.318047
-0.125422 1.945159 0.338847 0.324428
-0.122456 1.947017 0.333068 0.316506
-0.114135 1.944812 0.340093 0.325990
-0.109340 1.947425 0.332048 0.314986
-0.104342 1.944474 0.341386 0.327576
-0.102385 1.947734 0.330998 0.313494
-0.092346 1.944140 0.342707 0.329161
-0.090973 1.947931 0.329925 0.312021
-0.082103 1.948105 0.328876 0.310545
-0.074411 1.943847 0.344059 0.330738
-0.064079 1.948126 0.327802 0.309115
-0.056539 1.943608 0.345442 0.332301
-0.034208 1.948083 0.326748 0.307743
-0.021431 1.943401 0.346823 0.333844
0.001658 1.948036 0.325726 0.306417
0.015867 1.943203 0.348225 0.335390
0.044357 1.947990 0.324746 0.305145
0.059343 1.942992 0.349616 0.336926
0.103333 1.947865 0.323838 0.304015
0.114320 1.942861 0.351016 0.338417
0.164888 1.947826 0.322987 0.302932
0.176176 1.942645 0.352375 0.339909
0.227998 1.947657 0.322142 0.301956
0.245394 1.942451 0.353725 0.341369
0.292673 1.947551 0.321347 0.301024
0.324780 1.942199 0.355012 0.342800
0.360190 1.947409 0.320605 0.300194
0.415572 1.941911 0.356250 0.344191
0.432899 1.950437 0.471387 0.448496
0.433915 1.947336 0.319963 0.299478
0.435764 1.950291 0.470435 0.447648
0.437579 1.950479 0.472312 0.449376
0.439661 1.950249 0.469506 0.446764
0.442704 1.950467 0.473218 0.450265
0.443218 1.949987 0.467611 0.445039
0.443569 1.950115 0.468556 0.445906
0.444334 1.950405 0.474118 0.451174
0.446179 1.949801 0.466665 0.444199
0.451878 1.949658 0.465733 0.443333
0.455002 1.950212 0.474954 0.452110
0.457837 1.949478 0.463913 0.441559
0.459697 1.949974 0.475770 0.453054
0.462440 1.949508 0.464807 0.442473
0.462898 1.949448 0.463014 0.440643
0.469910 1.949439 0.461242 0.438805
0.471336 1.949665 0.476537 0.454000
0.474427 1.949412 0.462111 0.439742
0.481196 1.949375 0.460336 0.437910
0.485131 1.949322 0.459438 0.437004
0.489879 1.949220 0.477194 0.454938
0.493426 1.948820 0.477896 0.455883
0.495609 1.948381 0.478545 0.456819
0.496387 1.949165 0.458523 0.436143
0.508181 1.947932 0.479153 0.457739
0.509953 1.947273 0.319367 0.298833
0.510488 1.948992 0.457619 0.435281
0.514419 1.941521 0.357398 0.345563
0.515784 1.948880 0.456751 0.434370
0.523737 1.947494 0.479731 0.458652
0.524477 1.948693 0.455886 0.433477
0.527108 1.947112 0.480328 0.459578
0.533253 1.948543 0.455052 0.432560
0.546886 1.946768 0.480887 0.460484
0.556681 1.948292 0.454228 0.431707
0.570059 1.946427 0.481412 0.461386
0.583149 1.946194 0.481997 0.462322
0.585376 1.948121 0.453442 0.430838
0.589413 1.947235 0.318825 0.298267
0.610967 1.947942 0.452657 0.429946
0.613383 1.945915 0.482488 0.463234
0.621588 1.941023 0.358428 0.346890
0.628241 1.945841 0.483115 0.464184
0.633302 1.947778 0.451880 0.429039
0.647613 1.945745 0.483713 0.465132
0.659880 1.945721 0.484346 0.466071
0.662512 1.947728 0.451164 0.428103
0.670966 1.947264 0.318339 0.297750
0.688792 1.945628 0.484903 0.466980
0.692838 1.947644 0.450418 0.427154
0.713044 1.945615 0.485491 0.467878
0.739095 1.947576 0.449705 0.426273
0.739744 1.940557 0.359372 0.348123
0.744341 1.945526 0.486020 0.468765
0.755463 1.947308 0.317935 0.297311
0.774782 1.947575 0.448965 0.425338
0.780144 1.945448 0.486532 0.469631
0.814443 1.947517 0.448183 0.424435
0.817323 1.945442 0.487062 0.470472
0.843057 1.947393 0.317576 0.296893
0.852242 1.947493 0.447390 0.423511
0.856670 1.945409 0.487571 0.471297
0.867067 1.940041 0.360200 0.349274
0.890142 1.947448 0.446618 0.422651
0.902791 1.945384 0.488030 0.472062
0.930024 1.947351 0.445783 0.421769
0.933424 1.947483 0.317310 0.296552
0.947512 1.945270 0.488455 0.472839
0.961596 1.969135 0.421947 0.381867
0.973125 1.947291 0.444929 0.420890
0.973322 1.969927 0.423181 0.382471
0.973889 1.968593 0.420691 0.381106
0.987813 1.968187 0.419444 0.380299
0.990261 1.939557 0.361097 0.350468
0.993251 1.970696 0.424424 0.383104
0.995782 1.945206 0.488874 0.473571
1.005159 1.967861 0.418227 0.379483
1.016164 1.947140 0.444022 0.420032
1.022284 1.967508 0.417033 0.378726
1.023839 1.947658 0.317094 0.296204
1.027002 1.971576 0.425608 0.383614
1.042665 1.967164 0.415878 0.378006
1.045288 1.945085 0.489256 0.474290
1.060334 1.947079 0.443115 0.419138
1.061040 1.966833 0.414754 0.377311
1.082587 1.966534 0.413665 0.376641
1.095056 1.945007 0.489656 0.474990
1.096934 1.972643 0.426394 0.383630
1.105493 1.966266 0.412620 0.375980
1.105754 1.947054 0.442206 0.418233
1.117668 1.947746 0.316936 0.295951
1.117999 1.939111 0.361972 0.351614
1.129254 1.966041 0.411616 0.375317
1.151287 1.944899 0.489976 0.475626
1.152486 1.947068 0.441309 0.417330
1.154906 1.965918 0.410668 0.374617
1.175774 1.973723 0.426990 0.383450
1.178649 1.965788 0.409741 0.373912
1.201799 1.947128 0.440427 0.416420
1.206096 1.965692 0.408854 0.373206
1.211671 1.944742 0.490219 0.476213
1.213944 1.947838 0.316909 0.295808
1.233216 1.965679 0.408001 0.372457
1.251428 1.947179 0.439534 0.415505
1.253499 1.938677 0.362725 0.352629
1.259598 1.965721 0.407166 0.371694
1.271568 1.944648 0.490473 0.476771
1.279065 1.974443 0.427490 0.383397
1.286213 1.965824 0.406363 0.370927
1.301010 1.947240 0.438645 0.414586
1.310955 1.947936 0.316941 0.295701
1.313611 1.965948 0.405589 0.370158
1.332802 1.944621 0.490758 0.477303
1.340186 1.966158 0.404869 0.369367
1.349072 1.947323 0.437761 0.413661
1.370354 1.966345 0.404166 0.368588
1.389929 1.938282 0.363454 0.353596
1.394429 1.974914 0.427602 0.383096
1.397582 1.944565 0.490994 0.477760
1.399903 1.966527 0.403484 0.367802
1.400890 1.947425 0.436924 0.412763
1.406973 1.948091 0.317083 0.295642
1.432112 1.966656 0.402806 0.367037
1.451276 1.947543 0.436109 0.411879
1.460938 1.944610 0.491297 0.478198
1.465135 1.966775 0.402130 0.366289
1.497896 1.966847 0.401451 0.365557
1.499087 1.947633 0.435305 0.411018
1.500523 1.975280 0.427270 0.382369
1.502132 1.948103 0.317302 0.295723
1.525549 1.944688 0.491598 0.478587
1.527796 1.937962 0.364183 0.354508
1.532139 1.966896 0.400779 0.364843
1.544857 1.947693 0.434515 0.410194
1.568518 1.966931 0.400107 0.364145
1.591011 1.947755 0.433774 0.409412
1.593818 1.944768 0.491829 0.478883
1.595479 1.948137 0.317516 0.295771
1.609657 1.975067 0.426717 0.381772
1.610838 1.966929 0.399446 0.363495
1.631674 1.947730 0.433020 0.408670
1.652160 1.966857 0.398780 0.362876
1.660623 1.944937 0.492087 0.479160
1.666461 1.937690 0.364883 0.355362
1.668874 1.947675 0.432300 0.407948
1.686344 1.948008 0.317700 0.295858
1.693422 1.966811 0.398145 0.362266
1.705555 1.947645 0.431639 0.407231
1.710251 1.974803 0.425989 0.381063
1.727545 1.945180 0.492317 0.479382
1.732834 1.966761 0.397541 0.361678
1.742285 1.947525 0.431002 0.406551
1.772143 1.966718 0.396980 0.361141
1.772341 1.947826 0.317944 0.296003
1.777651 1.947500 0.430421 0.405827
1.794591 1.945433 0.492505 0.479575
1.803696 1.937481 0.365571 0.356177
1.810046 1.966696 0.396454 0.360624
1.813159 1.947449 0.429861 0.405108
1.817724 1.974265 0.425351 0.380655
1.847834 1.947377 0.429303 0.404390
1.850823 1.966650 0.395930 0.360158
1.854992 1.947636 0.318236 0.296176
1.860259 1.945704 0.492675 0.479748
1.882357 1.947315 0.428747 0.403652
1.888940 1.966612 0.395452 0.359734
1.918114 1.947248 0.428195 0.402902
1.924014 1.973951 0.424647 0.380071
1.924786 1.945997 0.492857 0.479897
1.927709 1.966577 0.394996 0.359335
1.934066 1.947399 0.318583 0.296405
1.943120 1.937370 0.366203 0.356906
1.952888 1.947232 0.427652 0.402108
1.968433 1.966535 0.394557 0.358967
1.986991 1.946279 0.493019 0.479998
1.989178 1.947186 0.427096 0.401315
2.011329 1.947140 0.318949 0.296663
2.011339 1.966510 0.394144 0.358610
2.020927 1.947116 0.426681 0.400665
2.027265 1.973588 0.423882 0.379465
2.047734 1.946543 0.493202 0.480105
2.054592 1.966482 0.393747 0.358277
2.062078 1.947011 0.426124 0.399887
2.081021 1.937288 0.366793 0.357606
2.087951 1.946900 0.319332 0.296953
2.097405 1.966462 0.393375 0.357963
2.105948 1.946965 0.425604 0.399090
2.106393 1.946790 0.493390 0.480221
2.130711 1.973267 0.423097 0.378848
2.139449 1.966435 0.393045 0.357678
2.151049 1.946878 0.425066 0.398297
2.162435 1.947064 0.493568 0.480349
2.164351 1.946672 0.319727 0.297271
2.179103 1.966414 0.392751 0.357425
2.196934 1.946809 0.424526 0.397493
2.215939 1.947387 0.493709 0.480435
2.217515 1.966395 0.392520 0.357209
2.221244 1.937221 0.367295 0.358234
2.237115 1.972867 0.422344 0.378333
2.240763 1.946462 0.320121 0.297603
2.243371 1.946753 0.423972 0.396679
2.252241 1.966391 0.392315 0.357005
2.266134 1.947713 0.493897 0.480591
2.285593 1.966385 0.392154 0.356832
2.289686 1.946748 0.423420 0.395848
2.314676 1.946248 0.320550 0.298000
2.316596 1.966376 0.392020 0.356671
2.317012 1.947900 0.494100 0.480829
2.335650 1.946786 0.422843 0.395016
2.343320 1.972477 0.421585 0.377801
2.346463 1.966355 0.391918 0.356529
2.361034 1.937031 0.367669 0.358845
2.369153 1.948004 0.494262 0.481054
2.375269 1.966336 0.391831 0.356392
2.382894 1.946904 0.422284 0.394198
2.390014 1.946020 0.320948 0.298401
2.400637 1.966288 0.391725 0.356228
2.419669 1.948075 0.494454 0.481316
2.424767 1.946976 0.421657 0.393365
2.427781 1.966241 0.391680 0.356081
2.451547 1.971951 0.420878 0.377399
2.455741 1.966189 0.391660 0.355926
2.463360 1.947045 0.421002 0.392536
2.465050 1.945742 0.321325 0.298832
2.467106 1.948079 0.494669 0.481647
2.485972 1.966100 0.391673 0.355737
2.497937 1.936799 0.367997 0.359480
2.500999 1.947065 0.420312 0.391734
2.515356 1.948104 0.494871 0.481957
2.518951 1.966031 0.391670 0.355538
2.538679 1.945497 0.321755 0.299315
2.539690 1.947092 0.419631 0.390961
2.555332 1.965909 0.391687 0.355349
2.559977 1.948061 0.495093 0.482345
2.562516 1.971499 0.420212 0.376953
2.571499 1.946989 0.418886 0.390221
2.595089 1.965778 0.391699 0.355120
2.602087 1.947950 0.495327 0.482765
2.606201 1.946897 0.418159 0.389513
2.612444 1.945228 0.322178 0.299830
2.630844 1.936536 0.368340 0.360189
2.631665 1.946685 0.417378 0.388828
2.640814 1.965656 0.391714 0.354892
2.642025 1.947761 0.495562 0.483191
2.662496 1.946428 0.416614 0.388199
2.675304 1.971063 0.419593 0.376508
2.679481 1.947550 0.495814 0.483625
2.692556 1.965486 0.391736 0.354670
2.692990 1.945996 0.415740 0.387576
2.692993 1.944963 0.322483 0.300266
2.715621 1.947320 0.496060 0.484061
2.719053 1.945731 0.414952 0.386940
2.743770 1.945384 0.414146 0.386345
2.750265 1.965283 0.391770 0.354497
2.750782 1.947087 0.496308 0.484495
2.768756 1.936316 0.368506 0.360745
2.769618 1.944673 0.322840 0.300803
2.770430 1.930141 0.302096 0.291273
2.770534 1.930134 0.302365 0.291561
2.772232 1.930204 0.301844 0.290967
2.773043 1.930155 0.302644 0.291837
2.777071 1.945075 0.413370 0.385755
2.777415 1.930279 0.301594 0.290652
2.777833 1.930196 0.302928 0.292105
2.785219 1.930225 0.303204 0.292372
2.787504 1.930332 0.301336 0.290341
2.789611 1.946846 0.496502 0.484870
2.790542 1.970575 0.419064 0.376121
2.793012 1.930300 0.303494 0.292619
2.795183 1.930450 0.301091 0.290003
2.803450 1.930357 0.303778 0.292873
2.809444 1.930573 0.300864 0.289678
2.814395 1.964978 0.391892 0.354448
2.817742 1.944793 0.412625 0.385165
2.819601 1.930420 0.304047 0.293113
2.823031 1.930710 0.300631 0.289337
2.827965 1.946603 0.496696 0.485242
2.832478 1.930505 0.304346 0.293368
2.838758 1.930873 0.300420 0.289002
2.846047 1.944335 0.323201 0.301375
2.847817 1.930549 0.304649 0.293649
2.854104 1.931029 0.300212 0.288659
2.861235 1.944450 0.411877 0.384581
2.865295 1.946339 0.496870 0.485601
2.868105 1.930570 0.304920 0.293914
2.872976 1.931145 0.300020 0.288352
2.884965 1.964701 0.392034 0.354426
2.888765 1.930616 0.305207 0.294163
2.890228 1.931297 0.299874 0.288059
2.901733 1.946074 0.497043 0.485957
2.903615 1.936047 0.368677 0.361344
2.906967 1.970066 0.418601 0.375770
2.907714 1.931426 0.299756 0.287780
2.908944 1.930537 0.305476 0.294461
2.909876 1.944139 0.411144 0.383978
2.925035 1.943990 0.323542 0.301936
2.925735 1.931532 0.299668 0.287525
2.930523 1.930415 0.305717 0.294764
2.941629 1.945811 0.497152 0.486226
2.941953 1.931619 0.299587 0.287272
2.952077 1.930276 0.305968 0.295087
2.955275 1.964319 0.392328 0.354595
2.957316 1.931698 0.299535 0.287032
2.960970 1.943748 0.410406 0.383394
2.972031 1.931777 0.299502 0.286809
2.974666 1.930043 0.306156 0.295406
2.980379 1.945563 0.497278 0.486490
2.986224 1.931855 0.299490 0.286590
2.997026 1.929739 0.306280 0.295702
2.999924 1.931921 0.299483 0.286390
3.004834 1.943677 0.323935 0.302524
3.010819 1.943388 0.409627 0.382722
3.011074 1.931995 0.299454 0.286185
3.016026 1.929564 0.306548 0.296067
3.019357 1.945312 0.497370 0.486714
3.021331 1.932076 0.299420 0.285994
3.026300 1.969565 0.418230 0.375487
3.026976 1.963851 0.392652 0.354853
3.032354 1.932137 0.299360 0.285814
3.035177 1.935774 0.368921 0.361982
3.042007 1.932216 0.299317 0.285627
3.043092 1.929401 0.306764 0.296373
3.052872 1.932275 0.299248 0.285442
3.058396 1.945067 0.497438 0.486908
3.063209 1.932328 0.299171 0.285244
3.067160 1.942939 0.408845 0.382102
3.073351 1.932363 0.299091 0.285054
3.075990 1.929222 0.306919 0.296629
3.082765 1.932381 0.299018 0.284880
3.084017 1.943363 0.324353 0.303144
3.091110 1.932394 0.298937 0.284724
3.098509 1.944926 0.497552 0.487099
3.098928 1.932399 0.298845 0.284592
3.103881 1.963408 0.393049 0.355186
3.104703 1.929131 0.307190 0.296952
3.106590 1.932406 0.298748 0.284471
3.113808 1.932411 0.298648 0.284350
3.120926 1.932411 0.298545 0.284222
3.122813 1.942612 0.408015 0.381351
3.128934 1.932401 0.298440 0.284096
3.136161 1.932378 0.298329 0.283963
3.138793 1.944828 0.497677 0.487285
3.142352 1.932363 0.298219 0.283830
3.144489 1.929019 0.307307 0.297136
3.146427 1.969106 0.417901 0.375201
3.149050 1.932332 0.298128 0.283708
3.154297 1.932302 0.298037 0.283576
3.160481 1.932278 0.297918 0.283445
3.162253 1.943111 0.324825 0.303787
3.166933 1.935497 0.369110 0.362559
3.169557 1.932229 0.297785 0.283285
3.170741 1.942121 0.407090 0.380595
3.177451 1.944842 0.497863 0.487469
3.180706 1.928979 0.307532 0.297389
3.181006 1.932182 0.297633 0.283083
3.189364 1.962924 0.393338 0.355436
3.193175 1.932133 0.297459 0.282856
3.206794 1.932088 0.297279 0.282600
3.213837 1.944987 0.498080 0.487604
3.219623 1.929053 0.307752 0.297564
3.221248 1.932046 0.297105 0.282335
3.235569 1.932000 0.296942 0.282069
3.238056 1.941776 0.406237 0.379846
3.241687 1.942864 0.325277 0.304409
3.249686 1.931956 0.296786 0.281806
3.251287 1.945147 0.498267 0.487706
3.259871 1.929126 0.307974 0.297740
3.263604 1.931920 0.296637 0.281542
3.268081 1.968734 0.417615 0.374908
3.276850 1.931859 0.296488 0.281281
3.280284 1.962400 0.393558 0.355662
3.286364 1.945375 0.498481 0.487793
3.289777 1.931809 0.296337 0.281023
3.298923 1.935209 0.369258 0.363080
3.299725 1.929219 0.308196 0.297907
3.302026 1.931753 0.296187 0.280767
3.302782 1.941431 0.405319 0.379024
3.314532 1.931682 0.296036 0.280515
3.316182 1.942640 0.325783 0.305071
3.319593 1.945609 0.498711 0.487879
3.327868 1.931606 0.295872 0.280274
3.342931 1.931540 0.295690 0.280053
3.343784 1.929231 0.308319 0.298027
3.352030 1.945868 0.498918 0.487936
3.358269 1.931455 0.295482 0.279844
3.373269 1.941055 0.404397 0.378219
3.373853 1.931375 0.295264 0.279645
3.375065 1.961928 0.393875 0.355978
3.385205 1.946106 0.499125 0.488008
3.385415 1.929290 0.308532 0.298206
3.389642 1.931272 0.295037 0.279460
3.390152 1.968370 0.417370 0.374666
3.390449 1.942420 0.326273 0.305720
3.405634 1.931167 0.294789 0.279272
3.419120 1.946298 0.499344 0.488109
3.422223 1.931078 0.294536 0.279071
3.425580 1.934836 0.369424 0.363644
3.430041 1.929222 0.308666 0.298382
3.433993 1.940650 0.403369 0.377326
3.440521 1.931000 0.294276 0.278855
3.454414 1.946441 0.499537 0.488222
3.460684 1.930950 0.294006 0.278609
3.465308 1.942204 0.326737 0.306334
3.473518 1.929100 0.308798 0.298584
3.479686 1.961614 0.394173 0.356214
3.482784 1.930922 0.293725 0.278352
3.489773 1.946523 0.499721 0.488360
3.503729 1.940360 0.402379 0.376417
3.507312 1.930933 0.293440 0.278068
3.512525 1.968016 0.417161 0.374453
3.514042 1.928883 0.308902 0.298814
3.523673 1.946556 0.499901 0.488535
3.533319 1.930939 0.293135 0.277773
3.539820 1.942025 0.327194 0.306927
3.549565 1.928652 0.309065 0.299119
3.549937 1.934464 0.369580 0.364166
3.557139 1.946508 0.500053 0.488734
3.561080 1.930982 0.292824 0.277455
3.564710 1.970432 0.373100 0.324997
3.566131 1.970510 0.372400 0.324229
3.567141 1.970335 0.373793 0.325773
3.570365 1.970568 0.371693 0.323473
3.572347 1.970218 0.374481 0.326557
3.576717 1.970597 0.370980 0.322726
3.579697 1.970067 0.375162 0.327352
3.581561 1.961214 0.394557 0.356590
3.582348 1.940057 0.401429 0.375577
3.583498 1.928404 0.309224 0.299428
3.585492 1.970592 0.370262 0.321992
3.589798 1.946401 0.500175 0.488930
3.591177 1.931013 0.292498 0.277130
3.591539 1.969894 0.375840 0.328156
3.595344 1.970521 0.369536 0.321287
3.605462 1.969649 0.376495 0.328972
3.607796 1.970443 0.368827 0.320599
3.610815 1.941831 0.327661 0.307528
3.618016 1.928132 0.309350 0.299714
3.621006 1.970307 0.368122 0.319952
3.621529 1.946293 0.500309 0.489145
3.623190 1.931031 0.292152 0.276794
3.624223 1.969335 0.377127 0.329794
3.635820 1.967670 0.417026 0.374322
3.636470 1.970183 0.367446 0.319330
3.643051 1.927846 0.309574 0.300100
3.648846 1.968959 0.377729 0.330613
3.651328 1.970045 0.366801 0.318740
3.654984 1.946169 0.500420 0.489344
3.657164 1.931072 0.291796 0.276426
3.663952 1.939684 0.400482 0.374795
3.667077 1.927504 0.309750 0.300490
3.667780 1.969900 0.366188 0.318185
3.668399 1.934130 0.369856 0.364749
3.675866 1.968527 0.378309 0.331426
3.679603 1.941711 0.328163 0.308117
3.681676 1.969746 0.365598 0.317650
3.687579 1.960876 0.394957 0.356975
3.689096 1.946057 0.500555 0.489562
3.692387 1.927156 0.309895 0.300887
3.692812 1.931054 0.291395 0.276066
3.700202 1.969593 0.365043 0.317154
3.709142 1.968069 0.378874 0.332227
3.711636 1.969373 0.364484 0.316695
3.717066 1.926799 0.310029 0.301305
3.719131 1.969138 0.363929 0.316245
3.723393 1.945974 0.500709 0.489785
3.730119 1.931041 0.290974 0.275684
3.733209 1.968945 0.363388 0.315799
3.740083 1.967574 0.379435 0.333055
3.741427 1.926410 0.310123 0.301725
3.747528 1.941574 0.328649 0.308696
3.748059 1.939321 0.399544 0.374030
3.749609 1.968800 0.362855 0.315335
3.757870 1.945915 0.500885 0.490009
3.759584 1.967332 0.416915 0.374240
3.766044 1.926042 0.310247 0.302172
3.767405 1.931015 0.290542 0.275298
3.769659 1.968691 0.362324 0.314860
3.780449 1.967152 0.380014 0.333864
3.788028 1.933793 0.369973 0.365158
3.790210 1.925614 0.310331 0.302614
3.793082 1.968596 0.361789 0.314387
3.794918 1.945960 0.501081 0.490190
3.796735 1.960581 0.395385 0.357370
3.805708 1.930926 0.290076 0.274908
3.813884 1.941478 0.329161 0.309265
3.815164 1.968500 0.361229 0.313896
3.816398 1.925198 0.310431 0.303065
3.821645 1.966717 0.380596 0.334699
3.826322 1.939143 0.398638 0.373201
3.830708 1.946057 0.501317 0.490391
3.841112 1.968500 0.360693 0.313376
3.842005 1.924830 0.310592 0.303537
3.845640 1.930858 0.289599 0.274502
3.863516 1.966294 0.381190 0.335538
3.867343 1.968540 0.360163 0.312833
3.868437 1.924488 0.310767 0.303988
3.870189 1.946132 0.501513 0.490548
3.880564 1.941396 0.329650 0.309803
3.884322 1.967001 0.416838 0.374204
3.886924 1.930772 0.289105 0.274076
3.897563 1.968543 0.359649 0.312312
3.898697 1.924231 0.310968 0.304414
3.905419 1.933491 0.370098 0.365539
3.908535 1.946235 0.501726 0.490708
3.909317 1.965902 0.381774 0.336355
3.911445 1.960331 0.395738 0.357697
3.917629 1.938955 0.397759 0.372419
3.923851 1.923969 0.311184 0.304846
3.929555 1.930649 0.288585 0.273647
3.929830 1.968501 0.359141 0.311821
3.946754 1.941316 0.330147 0.310334
3.946896 1.946263 0.501910 0.490882
3.953007 1.923752 0.311407 0.305243
3.956179 1.965537 0.382365 0.337162
3.964979 1.968408 0.358648 0.311371
3.974275 1.930506 0.288049 0.273216
3.981992 1.923603 0.311673 0.305640
3.985794 1.946221 0.502042 0.491042
4.001943 1.968272 0.358175 0.310955
4.004318 1.965194 0.382952 0.337952
4.010240 1.966727 0.416740 0.374130
4.010798 1.923442 0.311906 0.306001
4.011851 1.938778 0.396884 0.371640
4.012523 1.941266 0.330652 0.310856
4.020347 1.930362 0.287509 0.272767
4.022477 1.933238 0.370205 0.365848
4.022846 1.946159 0.502186 0.491228
4.026751 1.960062 0.396132 0.358072
4.039289 1.923290 0.312165 0.306376
4.041043 1.968112 0.357717 0.310565
4.051538 1.964865 0.383536 0.338733
4.058976 1.946066 0.502335 0.491425
4.067865 1.923197 0.312450 0.306740
4.068014 1.930153 0.286963 0.272339
4.079282 1.941219 0.331132 0.311358
4.084141 1.967948 0.357306 0.310226
4.093217 1.945957 0.502456 0.491616
4.095661 1.964511 0.384112 0.339522
4.097774 1.923073 0.312716 0.307099
4.110449 1.938760 0.396059 0.370811
4.118711 1.929966 0.286428 0.271895
4.125026 1.945850 0.502581 0.491809
4.128573 1.967753 0.356911 0.309917
4.129116 1.922987 0.312994 0.307442
4.135588 1.964097 0.384651 0.340313
4.135806 1.933020 0.370280 0.366086
4.136694 1.966491 0.416684 0.374096
4.141301 1.959777 0.396589 0.358511
4.141451 1.941205 0.331648 0.311882
4.156186 1.945738 0.502693 0.491993
4.161049 1.922936 0.313290 0.307778
4.170824 1.929763 0.285876 0.271443
4.174362 1.963682 0.385185 0.341097
4.174525 1.967527 0.356531 0.309641
4.185855 1.945641 0.502810 0.492177
4.193068 1.922897 0.313581 0.308115
4.204476 1.941191 0.332136 0.312384
4.206631 1.963208 0.385678 0.341875
4.210902 1.938803 0.395232 0.369952
4.215578 1.945600 0.502945 0.492340
4.221065 1.967304 0.356158 0.309366
4.221182 1.922884 0.313899 0.308492
4.227137 1.929519 0.285335 0.271007
4.241394 1.962713 0.386134 0.342620
4.245435 1.945610 0.503089 0.492483
4.247907 1.932847 0.370380 0.366311
4.251490 1.922864 0.314175 0.308864
4.255426 1.959516 0.397099 0.358997
4.263340 1.966341 0.416634 0.374024
4.264861 1.941179 0.332635 0.312903
4.271003 1.967071 0.355819 0.309147
4.274403 1.962177 0.386560 0.343360
4.274524 1.945682 0.503251 0.492607
4.280109 1.922843 0.314451 0.309252
4.288300 1.929324 0.284833 0.270557
4.302369 1.945804 0.503419 0.492708
4.304355 1.961615 0.386974 0.344106
4.309795 1.922751 0.314688 0.309650
4.317914 1.938855 0.394448 0.369136
4.324378 1.966869 0.355511 0.308954
4.324528 1.941163 0.333125 0.313420
4.325554 1.961017 0.387394 0.344877
4.329485 1.945955 0.503597 0.492795
4.341189 1.922623 0.314892 0.310033
4.345823 1.928998 0.284252 0.270098
4.353739 1.960421 0.387794 0.345628
4.355221 1.946132 0.503776 0.492874
4.357122 1.932689 0.370501 0.366540
4.369838 1.922476 0.315118 0.310443
4.370345 1.959263 0.397620 0.359492
4.377446 1.959833 0.388225 0.346402
4.378775 1.946349 0.503963 0.492934
4.379710 1.966638 0.355216 0.308785
4.380561 1.941132 0.333625 0.313954
4.388332 1.966195 0.416632 0.374010
4.399339 1.922356 0.315340 0.310852
4.402089 1.946577 0.504130 0.492970
4.404727 1.959249 0.388645 0.347167
4.407843 1.928699 0.283687 0.269626
4.423021 1.946822 0.504293 0.492989
4.427634 1.922262 0.315584 0.311275
4.434277 1.958713 0.389101 0.347942
4.437931 1.941115 0.334101 0.314457
4.438252 1.966421 0.354947 0.308636
4.440178 1.938655 0.393821 0.368628
4.441215 1.947062 0.504464 0.493015
4.456497 1.922188 0.315822 0.311696
4.459566 1.947259 0.504617 0.493051
4.462387 1.932517 0.370632 0.366782
4.468758 1.928369 0.283083 0.269116
4.469298 1.958206 0.389543 0.348694
4.477169 1.947395 0.504756 0.493104
4.486600 1.958996 0.398129 0.359990
4.486631 1.922137 0.316055 0.312111
4.492389 1.947519 0.504879 0.493163
4.495409 1.941070 0.334572 0.314977
4.499877 1.966187 0.354708 0.308526
4.505572 1.947649 0.504985 0.493198
4.506500 1.957744 0.390018 0.349456
4.510587 1.966144 0.416701 0.374031
4.517916 1.922139 0.316288 0.312512
4.518219 1.947776 0.505085 0.493222
4.529194 1.947925 0.505182 0.493231
4.535097 1.928025 0.282510 0.268616
4.539825 1.948081 0.505278 0.493240
4.549160 1.957335 0.390495 0.350195
4.550815 1.948246 0.505379 0.493244
4.551805 1.922148 0.316486 0.312884
4.553387 1.941022 0.335045 0.315498
4.562441 1.948427 0.505483 0.493241
4.565290 1.965997 0.354514 0.308445
4.565783 1.932343 0.370743 0.366989
4.570369 1.951407 0.510386 0.495871
4.571348 1.938598 0.393389 0.368235
4.575381 1.948614 0.505590 0.493238
4.583915 1.950782 0.510490 0.496392
4.584640 1.953594 0.510122 0.494717
4.584984 1.952189 0.510443 0.495432
4.585539 1.922189 0.316683 0.313257
4.587341 1.953637 0.510235 0.494808
4.588451 1.948821 0.505699 0.493217
4.592034 1.956962 0.391017 0.350955
4.596373 1.953636 0.510356 0.494932
4.598684 1.952968 0.510483 0.494992
4.600724 1.958746 0.398694 0.360537
4.600793 1.964839 0.513984 0.493039
4.602233 1.949043 0.505799 0.493181
4.606479 1.927713 0.281956 0.268091
4.606668 1.953689 0.509976 0.494512
4.607147 1.951393 0.510586 0.496149
4.610911 1.940959 0.335527 0.316045
4.613201 1.953646 0.510105 0.494672
4.613642 1.953638 0.510574 0.495155
4.614552 1.953711 0.510524 0.494597
4.614650 1.953671 0.510158 0.494709
4.616341 1.949279 0.505904 0.493126
4.616978 1.922251 0.316894 0.313645
4.617502 1.951924 0.510658 0.495947
4.618552 1.950906 0.508993 0.494690
4.623059 1.952287 0.510720 0.495797
4.625130 1.952454 0.510747 0.495729
4.625532 1.964328 0.513709 0.493069
4.625794 1.952492 0.510741 0.495725
4.629075 1.952700 0.510730 0.495689
4.629748 1.951736 0.509276 0.494489
4.629915 1.966125 0.416807 0.374092
4.630306 1.954391 0.510561 0.494275
4.630630 1.964746 0.513706 0.492816
4.631957 1.953594 0.510564 0.495175
4.632435 1.965838 0.354353 0.308381
4.633050 1.953053 0.510746 0.495596
4.633489 1.949481 0.506009 0.493083
4.634006 1.953585 0.510791 0.495418
4.634164 1.953675 0.510847 0.495412
4.635508 1.954180 0.510847 0.495193
4.635641 1.953634 0.509935 0.494505
4.637831 1.954829 0.510905 0.494923
4.638118 1.956613 0.391551 0.351716
4.640107 1.964773 0.513455 0.492553
4.641798 1.955530 0.510955 0.494640
4.642081 1.953693 0.510589 0.495137
4.644933 1.952530 0.509457 0.494214
4.646045 1.954954 0.510588 0.494025
4.647865 1.964785 0.513566 0.492658
4.648531 1.956263 0.511023 0.494359
4.649652 1.922268 0.317058 0.314024
4.649695 1.964814 0.513571 0.492655
4.651365 1.949665 0.506111 0.493051
4.656015 1.955369 0.510631 0.493850
4.656979 1.956994 0.511093 0.494114
4.657264 1.953676 0.510536 0.495104
4.659714 1.953602 0.510744 0.495367
4.660068 1.963799 0.513642 0.493330
4.660297 1.953232 0.509658 0.493988
4.661523 1.961818 0.512430 0.493208
4.661587 1.964840 0.513556 0.492625
4.662290 1.962539 0.512772 0.493146
4.663286 1.955649 0.510654 0.493735
4.663974 1.957702 0.511200 0.493911
4.664441 1.958794 0.511518 0.493696
4.664753 1.958310 0.511359 0.493769
4.665089 1.955712 0.510663 0.493702
4.665180 1.953644 0.509935 0.494500
4.665269 1.960473 0.511973 0.493448
4.665276 1.961116 0.512178 0.493342
4.666460 1.959118 0.511653 0.493692
4.667465 1.959939 0.511854 0.493587
4.667583 1.932174 0.370791 0.367131
4.667707 1.955831 0.510673 0.493664
4.668760 1.949815 0.506208 0.493041
4.669143 1.959267 0.511712 0.493720
4.670706 1.940888 0.335996 0.316585
4.672359 1.959384 0.511755 0.493751
4.673318 1.953816 0.509808 0.493773
4.674763 1.956110 0.510716 0.493554
4.675751 1.963115 0.513277 0.493357
4.675863 1.964816 0.513176 0.492256
4.675903 1.959596 0.511828 0.493753
4.677444 1.922259 0.317241 0.314445
4.677587 1.927369 0.281355 0.267518
4.680232 1.953688 0.510662 0.495240
4.681979 1.951075 0.509183 0.494807
4.681979 1.954242 0.509889 0.493585
4.684346 1.956527 0.510766 0.493373
4.684554 1.964851 0.513433 0.492496
4.685034 1.964796 0.512851 0.491941
4.686515 1.949916 0.506294 0.493055
4.687483 1.954493 0.509938 0.493474
4.687890 1.953656 0.510856 0.495460
4.690571 1.954639 0.509967 0.493412
4.690974 1.956343 0.392114 0.352455
4.692545 1.954730 0.509995 0.493362
4.693289 1.953579 0.509862 0.494466
4.697535 1.957069 0.510809 0.493126
4.697567 1.951805 0.509409 0.494607
4.699305 1.954996 0.510034 0.493259
4.700854 1.953710 0.510720 0.495295
4.703561 1.938469 0.392938 0.367856
4.703894 1.950009 0.506380 0.493073
4.704028 1.965705 0.354209 0.308307
4.705592 1.922199 0.317382 0.314858
4.705879 1.964228 0.513351 0.492802
4.706455 1.953590 0.509645 0.494240
4.710270 1.955420 0.510090 0.493113
4.710379 1.952428 0.509564 0.494396
4.712113 1.964800 0.512557 0.491641
4.714537 1.958557 0.399292 0.361067
4.715701 1.952917 0.509669 0.494208
4.717566 1.964240 0.512935 0.492372
4.718616 1.964690 0.512957 0.492119
4.718795 1.964127 0.512682 0.492184
4.719269 1.953713 0.510769 0.495353
4.719700 1.957666 0.510855 0.492839
4.720386 1.963211 0.511734 0.491810
4.720756 1.953211 0.509730 0.494104
4.720974 1.950108 0.506471 0.493098
4.722596 1.963215 0.511670 0.491738
4.722628 1.953300 0.509727 0.494091
4.723830 1.963197 0.511677 0.491766
4.724028 1.963247 0.511818 0.491869
4.724108 1.963210 0.511702 0.491782
4.724172 1.963202 0.511631 0.491720
4.724264 1.963155 0.511708 0.491830
4.725647 1.955970 0.510194 0.492931
4.725931 1.953454 0.509733 0.494063
4.726370 1.963136 0.511734 0.491871
4.726843 1.963205 0.511688 0.491774
4.726858 1.963118 0.511696 0.491850
4.726979 1.963118 0.511686 0.491850
4.727012 1.963133 0.511694 0.491838
4.727045 1.963119 0.511689 0.491848
4.727280 1.963120 0.511689 0.491855
4.727292 1.963137 0.511710 0.491850
4.727348 1.963118 0.511680 0.491847
4.727857 1.963166 0.511661 0.491771
4.728019 1.963121 0.511679 0.491828
4.729356 1.953506 0.509573 0.494217
4.730649 1.964035 0.512589 0.492145
4.730679 1.964036 0.512553 0.492111
4.730992 1.922128 0.317545 0.315283
4.731207 1.940809 0.336465 0.317131
4.731325 1.964377 0.512999 0.492352
4.731640 1.963347 0.512209 0.492194
4.733560 1.953772 0.509787 0.493967
4.733675 1.953460 0.509366 0.494034
4.734021 1.963220 0.511692 0.491754
4.735376 1.963748 0.512829 0.492570
4.735553 1.964011 0.512624 0.492200
4.735628 1.953756 0.510690 0.495255
4.736584 1.953682 0.510848 0.495464
4.738295 1.950218 0.506566 0.493126
4.743200 1.954222 0.509897 0.493817
4.743464 1.963288 0.511758 0.491782
4.743476 1.956614 0.510323 0.492710
4.743968 1.956059 0.392701 0.353221
4.745037 1.964202 0.512681 0.492139
4.745708 1.966144 0.416956 0.374198
4.750973 1.953425 0.509306 0.493996
4.751915 1.927023 0.280743 0.266930
4.752194 1.963294 0.511868 0.491876
4.752758 1.964459 0.512579 0.491872
4.753024 1.963935 0.512524 0.492149
4.754233 1.963686 0.512467 0.492241
4.754265 1.921992 0.317698 0.315715
4.755374 1.950343 0.506659 0.493145
4.756224 1.954820 0.510046 0.493623
4.756390 1.953753 0.510779 0.495357
4.757308 1.963292 0.511532 0.491542
4.758446 1.963676 0.512877 0.492670
4.758765 1.953664 0.510990 0.495629
4.759644 1.953402 0.509183 0.493886
4.763676 1.957309 0.510447 0.492448
4.766839 1.931985 0.370840 0.367277
4.767467 1.963880 0.512747 0.492412
4.767805 1.955455 0.510206 0.493411
4.769776 1.963452 0.512421 0.492348
4.769936 1.953383 0.509237 0.493953
4.771963 1.953390 0.509217 0.493931
4.772176 1.950482 0.506747 0.493158
4.772874 1.953398 0.509154 0.493861
4.773723 1.957704 0.510645 0.492596
4.775596 1.953396 0.509177 0.493887
4.776798 1.921838 0.317860 0.316141
4.777304 1.963636 0.512488 0.492300
4.777773 1.965562 0.354089 0.308263
4.777977 1.956162 0.510352 0.493154
4.778437 1.956934 0.510521 0.492900
4.779162 1.953391 0.509180 0.493894
4.779413 1.953390 0.509177 0.493895
4.779807 1.953392 0.509165 0.493880
4.780337 1.953390 0.509160 0.493878
4.780385 1.953707 0.510853 0.495467
4.782339 1.953384 0.509144 0.493867
4.783504 1.963503 0.512041 0.491926
4.783840 1.953386 0.509134 0.493857
4.784587 1.953384 0.509128 0.493854
4.784641 1.952765 0.509207 0.493713
4.784772 1.953385 0.509126 0.493852
4.785015 1.953386 0.509125 0.493853
4.785134 1.952833 0.509222 0.493686
4.785317 1.953385 0.509125 0.493855
4.785374 1.953385 0.509122 0.493854
4.785469 1.953385 0.509122 0.493854
4.785552 1.953385 0.509125 0.493859
4.785752 1.953385 0.509121 0.493855
4.786155 1.952914 0.509229 0.493669
4.786237 1.953383 0.509120 0.493857
4.786246 1.953385 0.509111 0.493861
4.786291 1.953384 0.509117 0.493857
4.786303 1.953386 0.509105 0.493857
4.786351 1.953385 0.509114 0.493859
4.786369 1.953385 0.509113 0.493854
4.786371 1.953388 0.509102 0.493858
4.786376 1.953388 0.509101 0.493854
4.786432 1.953389 0.509098 0.493850
4.786436 1.953385 0.509115 0.493852
4.786451 1.953388 0.509105 0.493851
4.786452 1.953388 0.509104 0.493854
4.786522 1.953389 0.509098 0.493854
4.786567 1.953389 0.509099 0.493855
4.786679 1.953389 0.509097 0.493855
4.786764 1.953389 0.509096 0.493855
4.786863 1.953389 0.509094 0.493855
4.786975 1.953389 0.509093 0.493855
4.787013 1.953389 0.509092 0.493855
4.787136 1.952991 0.509236 0.493657
4.787170 1.953390 0.509091 0.493855
4.787241 1.953390 0.509089 0.493856
4.787446 1.953390 0.509088 0.493856
4.787542 1.953390 0.509087 0.493855
4.787564 1.953390 0.509086 0.493855
4.787593 1.953391 0.509084 0.493855
4.787608 1.953391 0.509084 0.493855
4.787704 1.953391 0.509083 0.493855
4.787723 1.952814 0.509246 0.493712
4.787758 1.953391 0.509081 0.493856
4.787799 1.953029 0.509244 0.493644
4.787848 1.953391 0.509080 0.493855
4.787946 1.953391 0.509078 0.493855
4.788089 1.953391 0.509076 0.493853
4.788201 1.953391 0.509074 0.493853
4.788219 1.953054 0.509243 0.493643
4.788380 1.953392 0.509071 0.493852
4.788605 1.950627 0.506831 0.493165
4.788662 1.953392 0.509072 0.493855
4.788704 1.953071 0.509256 0.493626
4.788776 1.953393 0.509071 0.493857
4.788890 1.953393 0.509067 0.493858
4.788917 1.953393 0.509067 0.493857
4.788923 1.953394 0.509068 0.493859
4.788943 1.953393 0.509067 0.493857
4.788950 1.953394 0.509069 0.493858
4.788959 1.953395 0.509068 0.493860
4.788968 1.953393 0.509066 0.493856
4.788983 1.953397 0.509057 0.493861
4.788990 1.953394 0.509066 0.493858
4.789033 1.953393 0.509065 0.493856
4.789057 1.953080 0.509275 0.493604
4.789063 1.953395 0.509062 0.493858
4.789067 1.953393 0.509065 0.493854
4.789088 1.953395 0.509061 0.493859
4.789093 1.953396 0.509059 0.493859
4.789128 1.952876 0.509286 0.493672
4.789148 1.953395 0.509061 0.493858
4.789161 1.953397 0.509056 0.493858
4.789183 1.953395 0.509061 0.493858
4.789199 1.953395 0.509060 0.493856
4.789241 1.953396 0.509058 0.493857
4.789258 1.953399 0.509054 0.493862
4.789361 1.953088 0.509304 0.493572
4.789493 1.953400 0.509053 0.493863
4.789553 1.953400 0.509045 0.493855
4.789614 1.953401 0.509042 0.493854
4.789758 1.953402 0.509040 0.493853
4.789789 1.953401 0.509048 0.493861
4.789811 1.953401 0.509049 0.493861
4.789821 1.953401 0.509043 0.493854
4.789881 1.953117 0.509309 0.493561
4.789888 1.953403 0.509035 0.493854
4.789910 1.953403 0.509036 0.493853
4.789933 1.953404 0.509033 0.493854
4.789954 1.953403 0.509035 0.493853
4.789969 1.953402 0.509037 0.493853
4.789969 1.953404 0.509032 0.493855
4.789971 1.953402 0.509039 0.493853
4.789977 1.953404 0.509033 0.493854
4.790030 1.953405 0.509031 0.493855
4.790105 1.953405 0.509029 0.493855
4.790120 1.953405 0.509029 0.493855
4.790154 1.953405 0.509028 0.493856
4.790213 1.953406 0.509027 0.493856
4.790260 1.953406 0.509026 0.493856
4.790348 1.953406 0.509024 0.493856
4.790426 1.953406 0.509023 0.493856
4.790470 1.953406 0.509022 0.493856
4.790510 1.953406 0.509021 0.493855
4.790536 1.953156 0.509297 0.493568
4.790569 1.953406 0.509021 0.493855
4.790630 1.952955 0.509322 0.493644
4.790643 1.953407 0.509020 0.493855
4.790730 1.953407 0.509018 0.493855
4.790806 1.953407 0.509018 0.493855
4.790822 1.953407 0.509017 0.493856
4.790918 1.953407 0.509016 0.493856
4.790990 1.953407 0.509014 0.493855
4.791066 1.953194 0.509275 0.493588
4.791072 1.953407 0.509013 0.493855
4.791123 1.953408 0.509012 0.493857
4.791164 1.953408 0.509011 0.493855
4.791169 1.953408 0.509010 0.493856
4.791252 1.953408 0.509009 0.493856
4.791396 1.953408 0.509007 0.493855
4.791455 1.953408 0.509007 0.493856
4.791498 1.953409 0.509005 0.493856
4.791616 1.953409 0.509005 0.493857
4.791673 1.953409 0.509003 0.493857
4.791715 1.953410 0.509003 0.493858
4.791731 1.953409 0.509004 0.493858
4.791800 1.953410 0.509001 0.493858
4.791803 1.953409 0.509002 0.493857
4.791861 1.953242 0.509249 0.493609
4.791905 1.953067 0.509337 0.493617
4.792003 1.953410 0.509000 0.493858
4.792175 1.953410 0.508998 0.493858
4.792281 1.953410 0.508997 0.493857
4.792349 1.953410 0.508996 0.493857
4.792423 1.953272 0.509231 0.493624
4.792438 1.953410 0.508994 0.493857
4.792522 1.953411 0.508993 0.493857
4.792585 1.953411 0.508992 0.493857
4.792680 1.953411 0.508990 0.493856
4.792763 1.953411 0.508989 0.493856
4.792815 1.953411 0.508988 0.493856
4.792853 1.953411 0.508988 0.493856
4.792896 1.953412 0.508987 0.493857
4.792924 1.953412 0.508986 0.493858
4.792939 1.953412 0.508986 0.493857
4.792945 1.953194 0.509313 0.493536
4.792945 1.953199 0.509307 0.493542
4.792947 1.953203 0.509299 0.493549
4.792954 1.953202 0.509303 0.493545
4.792965 1.953193 0.509320 0.493529
4.792967 1.953193 0.509316 0.493533
4.792972 1.953192 0.509323 0.493526
4.792975 1.953201 0.509305 0.493544
4.792982 1.953413 0.508984 0.493857
4.792987 1.953202 0.509309 0.493540
4.792998 1.953217 0.509279 0.493569
4.793004 1.953224 0.509272 0.493575
4.793014 1.953295 0.509213 0.493634
4.793015 1.953248 0.509233 0.493614
4.793018 1.953265 0.509204 0.493642
4.793027 1.953243 0.509237 0.493610
4.793038 1.953413 0.508983 0.493858
4.793039 1.953509 0.508818 0.494020
4.793041 1.953504 0.508825 0.494014
4.793046 1.953506 0.508823 0.494015
4.793048 1.953498 0.508834 0.494005
4.793048 1.953496 0.508840 0.493996
4.793049 1.953281 0.509181 0.493665
4.793052 1.953269 0.509195 0.493651
4.793054 1.953484 0.508855 0.493985
4.793061 1.953470 0.508878 0.493963
4.793065 1.953298 0.509154 0.493691
4.793072 1.953413 0.508983 0.493858
4.793072 1.953483 0.508862 0.493974
4.793075 1.953457 0.508897 0.493944
4.793081 1.953290 0.509163 0.493682
4.793083 1.953315 0.509127 0.493717
4.793092 1.953445 0.508915 0.493925
4.793093 1.940723 0.336939 0.317681
4.793095 1.953332 0.509099 0.493745
4.793097 1.953425 0.508947 0.493893
4.793100 1.953368 0.509042 0.493801
4.793100 1.953397 0.508994 0.493848
4.793101 1.953348 0.509076 0.493768
4.793106 1.953470 0.508884 0.493952
4.793120 1.953302 0.509146 0.493699
4.793140 1.953454 0.508909 0.493927
4.793142 1.953413 0.508982 0.493858
4.793155 1.953309 0.509138 0.493706
4.793163 1.953440 0.508934 0.493902
4.793164 1.953414 0.508977 0.493859
4.793169 1.953414 0.508977 0.493858
4.793176 1.953430 0.508950 0.493886
4.793180 1.953418 0.508970 0.493866
4.793188 1.953414 0.508977 0.493857
4.793192 1.953414 0.508980 0.493858
4.793203 1.953284 0.509218 0.493629
4.793205 1.953415 0.508976 0.493857
4.793207 1.953414 0.508976 0.493858
4.793218 1.953414 0.508978 0.493859
4.793232 1.953312 0.509146 0.493699
4.793235 1.953414 0.508977 0.493858
4.793247 1.953415 0.508976 0.493858
4.793248 1.953296 0.509178 0.493668
4.793248 1.953416 0.508974 0.493858
4.793257 1.953286 0.509206 0.493642
4.793277 1.953414 0.508979 0.493859
4.793314 1.953414 0.508978 0.493858
4.794767 1.953236 0.509337 0.493604
4.799470 1.953471 0.509348 0.493570
4.799723 1.921656 0.318023 0.316554
4.800211 1.953688 0.510679 0.495308
4.802866 1.955825 0.393290 0.353955
4.804987 1.950783 0.506917 0.493172
4.806171 1.953780 0.509388 0.493511
4.812539 1.954176 0.509493 0.493405
4.819770 1.954663 0.509632 0.493253
4.819879 1.953509 0.510558 0.495295
4.820151 1.957288 0.510271 0.492288
4.821968 1.950936 0.507001 0.493188
4.823460 1.921451 0.318181 0.316950
4.826126 1.955262 0.509797 0.493038
4.827460 1.958387 0.399887 0.361572
4.828456 1.956568 0.510091 0.492539
4.829377 1.955889 0.509944 0.492802
4.833484 1.926581 0.280176 0.266432
4.834726 1.938255 0.392468 0.367494
4.839365 1.951091 0.507087 0.493207
4.843861 1.953491 0.510508 0.495262
4.844365 1.921267 0.318393 0.317359
4.853621 1.965403 0.354006 0.308268
4.855216 1.940616 0.337408 0.318245
4.856496 1.966198 0.417192 0.374395
4.857365 1.951252 0.507181 0.493233
4.863150 1.931771 0.370873 0.367426
4.864846 1.955674 0.393906 0.354658
4.865057 1.921082 0.318606 0.317751
4.866746 1.953550 0.510496 0.495224
4.874929 1.951416 0.507275 0.493259
4.882930 1.953543 0.510349 0.495088
4.884813 1.920925 0.318844 0.318130
4.892486 1.951590 0.507365 0.493279
4.901211 1.953537 0.510247 0.495002
4.906611 1.920825 0.319103 0.318480
4.908667 1.951761 0.507447 0.493293
4.919531 1.940461 0.337850 0.318810
4.920446 1.953571 0.510222 0.494973
4.924718 1.955543 0.394562 0.355376
4.924795 1.951943 0.507522 0.493300
4.926163 1.926279 0.279729 0.265965
4.928808 1.920719 0.319358 0.318815
4.932048 1.965298 0.353978 0.308294
4.934591 1.953638 0.510123 0.494848
4.935611 1.958234 0.400513 0.362090
4.941378 1.952140 0.507598 0.493303
4.945321 1.920647 0.319660 0.319160
4.950369 1.953703 0.510039 0.494766
4.956560 1.952347 0.507675 0.493301
4.956810 1.931594 0.370947 0.367586
4.960699 1.938097 0.391889 0.366953
4.962426 1.966285 0.417518 0.374687
4.967198 1.953790 0.509961 0.494717
4.969906 1.952564 0.507770 0.493298
4.969976 1.920622 0.319922 0.319429
4.982239 1.952775 0.507877 0.493317
4.984337 1.955425 0.395234 0.356101
4.984489 1.940300 0.338294 0.319386
4.986240 1.953878 0.509888 0.494708
4.990030 1.920562 0.320194 0.319729
4.993491 1.952978 0.507994 0.493343
5.000620 1.953917 0.509733 0.494587
5.003195 1.953170 0.508119 0.493385
5.010439 1.953351 0.508258 0.493438
5.010795 1.920547 0.320461 0.319992
5.012304 1.925905 0.279156 0.265443
5.012431 1.953937 0.509544 0.494431
5.014151 1.965196 0.353973 0.308343
5.016388 1.953512 0.508408 0.493526
5.019508 1.953870 0.509324 0.494279
5.020156 1.953659 0.508562 0.493639
5.022671 1.953850 0.509124 0.494092
5.022991 1.953764 0.508749 0.493756
5.023623 1.953827 0.508936 0.493910
5.032725 1.920580 0.320705 0.320200
5.039879 1.958125 0.401160 0.362606
5.044255 1.955394 0.395925 0.356797
5.047356 1.931475 0.371089 0.367764
5.050550 1.940111 0.338734 0.319969
5.051729 1.920622 0.320952 0.320409
5.065845 1.966400 0.417853 0.374984
5.070802 1.920682 0.321181 0.320595
5.089384 1.937629 0.391414 0.366692
5.090305 1.920707 0.321392 0.320777
5.098266 1.965125 0.354045 0.308453
5.105376 1.925513 0.278668 0.265005
5.106395 1.955395 0.396585 0.357447
5.107929 1.920709 0.321606 0.320976
5.115310 1.939926 0.339214 0.320594
5.123818 1.920731 0.321823 0.321188
5.135447 1.931386 0.371227 0.367922
5.140875 1.958056 0.401815 0.363100
5.142114 1.920741 0.322000 0.321394
5.158524 1.920785 0.322164 0.321602
5.164369 1.966462 0.418249 0.375373
5.174093 1.955449 0.397184 0.358007
5.174611 1.920804 0.322296 0.321818
5.181838 1.939736 0.339706 0.321238
5.185341 1.965147 0.354151 0.308544
5.191238 1.920801 0.322405 0.322032
5.202891 1.925115 0.278257 0.264668
5.207011 1.920781 0.322488 0.322225
5.216146 1.937249 0.390880 0.366269
5.220879 1.920751 0.322549 0.322401
5.221181 1.931345 0.371368 0.368056
5.232375 1.920723 0.322601 0.322560
5.238159 1.957975 0.402489 0.363627
5.238995 1.955441 0.397782 0.358605
5.242014 1.920695 0.322635 0.322702
5.248324 1.939561 0.340243 0.321906
5.249648 1.920656 0.322652 0.322826
5.255746 1.920621 0.322664 0.322933
5.260831 1.920594 0.322680 0.323028
5.261992 1.966525 0.418629 0.375741
5.265348 1.920565 0.322692 0.323108
5.269643 1.920543 0.322710 0.323177
5.273533 1.965294 0.354273 0.308574
5.273645 1.920528 0.322726 0.323242
5.277898 1.920514 0.322751 0.323305
5.283008 1.920495 0.322781 0.323369
5.288944 1.920476 0.322815 0.323453
5.296552 1.920464 0.322855 0.323558
5.298695 1.924493 0.277856 0.264486
5.303634 1.955457 0.398375 0.359185
5.304662 1.920456 0.322904 0.323686
5.304943 1.931334 0.371522 0.368186
5.313513 1.920453 0.322961 0.323836
5.317202 1.939330 0.340764 0.322598
5.322426 1.920463 0.323016 0.323996
5.330830 1.920481 0.323077 0.324178
5.331636 1.957879 0.403171 0.364184
5.339349 1.920501 0.323129 0.324378
5.347176 1.920523 0.323184 0.324591
5.350390 1.937067 0.390570 0.365925
5.353063 1.920560 0.323240 0.324830
5.355724 1.966548 0.419003 0.376124
5.358637 1.920589 0.323296 0.325083
5.362561 1.965464 0.354451 0.308652
5.363847 1.920595 0.323365 0.325326
5.367562 1.920608 0.323449 0.325559
5.368604 1.955479 0.398958 0.359754
5.370466 1.920637 0.323548 0.325777
5.373837 1.920650 0.323650 0.325978
5.377770 1.920671 0.323752 0.326180
5.381589 1.920712 0.323868 0.326367
5.385936 1.920754 0.323994 0.326551
5.387023 1.931344 0.371676 0.368311
5.388851 1.939000 0.341234 0.323302
5.390664 1.920793 0.324129 0.326722
5.395822 1.920832 0.324277 0.326892
5.399196 1.924094 0.277638 0.264375
5.400548 1.920887 0.324440 0.327052
5.406158 1.920937 0.324611 0.327214
5.411517 1.920996 0.324793 0.327368
5.416643 1.921062 0.324971 0.327521
5.421663 1.921122 0.325146 0.327664
5.425586 1.921171 0.325313 0.327793
5.426429 1.957858 0.403822 0.364679
5.428584 1.921206 0.325461 0.327907
5.431056 1.921219 0.325598 0.328019
5.433052 1.921218 0.325728 0.328135
5.433936 1.921204 0.325839 0.328258
5.434557 1.921175 0.325938 0.328379
5.435092 1.921121 0.326021 0.328499
5.435825 1.921060 0.326089 0.328609
5.436309 1.921002 0.326161 0.328716
5.436590 1.955527 0.399490 0.360256
5.436820 1.920948 0.326239 0.328832
5.437989 1.920884 0.326336 0.328966
5.439916 1.920816 0.326441 0.329120
5.442405 1.920757 0.326558 0.329276
5.445362 1.920707 0.326668 0.329423
5.446184 1.966513 0.419372 0.376514
5.449200 1.920652 0.326770 0.329553
5.453178 1.965628 0.354654 0.308760
5.454617 1.920619 0.326889 0.329684
5.462283 1.920601 0.327006 0.329803
5.462792 1.938632 0.341694 0.324006
5.467061 1.931358 0.371829 0.368443
5.471889 1.920598 0.327128 0.329917
5.482742 1.937091 0.390243 0.365402
5.483011 1.920613 0.327257 0.330029
5.495792 1.920623 0.327377 0.330146
5.496786 1.923508 0.277450 0.264408
5.506454 1.955610 0.399988 0.360706
5.510100 1.920662 0.327501 0.330247
5.514666 1.920693 0.327526 0.330258
5.520265 1.957800 0.404469 0.365210
5.521077 1.920761 0.327558 0.330249
5.524901 1.920814 0.327578 0.330233
5.529399 1.920883 0.327600 0.330207
5.532435 1.920936 0.327614 0.330181
5.533446 1.966438 0.419724 0.376905
5.535497 1.920991 0.327622 0.330153
5.536725 1.921014 0.327628 0.330138
5.540015 1.938243 0.342140 0.324697
5.540809 1.921096 0.327637 0.330093
5.541882 1.921115 0.327642 0.330080
5.543397 1.921143 0.327649 0.330065
5.543494 1.921145 0.327647 0.330066
5.544687 1.965798 0.354981 0.308995
5.544865 1.931349 0.371998 0.368612
5.544884 1.921167 0.327652 0.330060
5.545983 1.921187 0.327655 0.330059
5.546534 1.921199 0.327657 0.330060
5.546806 1.921205 0.327659 0.330060
5.546976 1.921215 0.327653 0.330068
5.547053 1.921221 0.327649 0.330073
5.547177 1.921231 0.327644 0.330082
5.547328 1.921241 0.327641 0.330089
5.547427 1.921248 0.327639 0.330093
5.547470 1.921251 0.327637 0.330096
5.547592 1.921258 0.327635 0.330102
5.547659 1.921259 0.327635 0.330103
5.547743 1.921258 0.327642 0.330097
5.547764 1.921218 0.327768 0.330032
5.547857 1.921221 0.327759 0.330037
5.547914 1.921258 0.327650 0.330093
5.547981 1.921225 0.327749 0.330043
5.548009 1.921257 0.327656 0.330088
5.548066 1.921258 0.327660 0.330086
5.548082 1.921231 0.327738 0.330050
5.548101 1.921258 0.327662 0.330086
5.548134 1.921260 0.327662 0.330089
5.548149 1.921235 0.327730 0.330056
5.548180 1.921259 0.327668 0.330086
5.548233 1.921244 0.327714 0.330069
5.548239 1.921258 0.327675 0.330087
5.548322 1.921260 0.327679 0.330090
5.548323 1.921250 0.327704 0.330075
5.548359 1.921261 0.327682 0.330091
5.548362 1.921255 0.327695 0.330082
5.548367 1.921260 0.327686 0.330089
5.574569 1.955638 0.400473 0.361174
5.583900 1.922721 0.277262 0.264579
5.611498 1.957751 0.405118 0.365761
5.615919 1.966312 0.420079 0.377327
5.619966 1.936946 0.390179 0.365239
5.620212 1.937855 0.342570 0.325368
5.620770 1.931312 0.372141 0.368776
5.638266 1.966018 0.355315 0.309201
5.647151 1.955672 0.400959 0.361645
5.675657 1.922078 0.277122 0.264745
5.694043 1.931263 0.372288 0.368946
5.696066 1.966170 0.420400 0.377732
5.697433 1.957606 0.405797 0.366405
5.700894 1.937495 0.343038 0.326045
5.715728 1.955625 0.401404 0.362122
5.716168 1.922739 0.317992 0.300554
5.718589 1.923191 0.316631 0.299018
5.727497 1.923583 0.315193 0.297487
5.732976 1.966224 0.355690 0.309455
5.735728 1.922273 0.319294 0.302076
5.753652 1.937070 0.390099 0.364871
5.756012 1.923969 0.313725 0.295972
5.759536 1.921633 0.277079 0.264922
5.764773 1.931199 0.372411 0.369107
5.771745 1.921800 0.320527 0.303559
5.776285 1.966074 0.420686 0.378051
5.782756 1.937098 0.343485 0.326722
5.783491 1.957506 0.406466 0.367038
5.788275 1.955689 0.401815 0.362505
5.816627 1.924293 0.312268 0.294560
5.823913 1.921371 0.321709 0.304990
5.827536 1.966482 0.356147 0.309766
5.832835 1.931137 0.372556 0.369286
5.855991 1.965955 0.420921 0.378340
5.860008 1.955700 0.402217 0.362908
5.861457 1.921334 0.277006 0.265018
5.863391 1.957290 0.407145 0.367751
5.867009 1.936674 0.343878 0.327368
5.874380 1.924607 0.310778 0.293142
5.882463 1.920927 0.322836 0.306385
5.888231 1.937046 0.390083 0.364644
5.897081 1.931064 0.372712 0.369474
5.925660 1.966706 0.356619 0.310109
5.932110 1.965847 0.421150 0.378618
5.933722 1.924905 0.309265 0.291701
5.934059 1.955712 0.402559 0.363243
5.944436 1.957086 0.407792 0.368454
5.950444 1.936210 0.344255 0.328027
5.954923 1.920774 0.276892 0.265249
5.957810 1.930999 0.372873 0.369673
5.959643 1.920454 0.323839 0.307676
6.000287 1.925319 0.307837 0.290265
6.004562 1.965760 0.421389 0.378898
6.009553 1.955733 0.402861 0.363527
6.016132 1.930942 0.373018 0.369845
6.021908 1.937018 0.390196 0.364544
6.025706 1.966951 0.357119 0.310468
6.025924 1.956798 0.408366 0.369163
6.033168 1.935716 0.344621 0.328695
6.045063 1.920146 0.276729 0.265464
6.045587 1.919957 0.324767 0.308877
6.069615 1.925812 0.306455 0.288824
6.071221 1.930866 0.373154 0.370017
6.075674 1.965735 0.421633 0.379152
6.081849 1.955747 0.403210 0.363866
6.107924 1.956551 0.408955 0.369874
6.116224 1.935197 0.344931 0.329337
6.123364 1.930783 0.373279 0.370184
6.128506 1.967209 0.357671 0.310879
6.131244 1.919493 0.276638 0.265754
6.143989 1.965679 0.421915 0.379450
6.145582 1.919523 0.325586 0.309908
6.150524 1.926202 0.305082 0.287444
6.153133 1.937144 0.390260 0.364282
6.155118 1.955750 0.403515 0.364168
6.172587 1.930701 0.373401 0.370347
6.191995 1.956291 0.409494 0.370566
6.198923 1.934672 0.345253 0.329993
6.211331 1.965623 0.422219 0.379761
6.219607 1.930620 0.373516 0.370501
6.225858 1.918924 0.276576 0.266002
6.229550 1.955773 0.403789 0.364422
6.234356 1.967472 0.358258 0.311315
6.239692 1.926735 0.303824 0.286086
6.253439 1.919094 0.326294 0.310779
6.264214 1.930522 0.373625 0.370664
6.276120 1.955965 0.410007 0.371273
6.278268 1.965595 0.422553 0.380091
6.282068 1.934162 0.345576 0.330649
6.284421 1.937210 0.390429 0.364172
6.301679 1.955782 0.404071 0.364685
6.306664 1.930418 0.373739 0.370829
6.321138 1.918372 0.276438 0.266150
6.334916 1.927109 0.302531 0.284771
6.338757 1.967690 0.358914 0.311862
6.343775 1.965561 0.422926 0.380460
6.347326 1.930304 0.373833 0.370990
6.365343 1.933648 0.345899 0.331317
6.366595 1.918621 0.326851 0.311512
6.366702 1.955707 0.410505 0.371936
6.372549 1.955821 0.404352 0.364924
6.385709 1.930191 0.373939 0.371164
6.409144 1.965532 0.423317 0.380849
6.414186 1.937289 0.390627 0.364078
6.419956 1.918009 0.276508 0.266357
6.422934 1.930074 0.374044 0.371335
6.441736 1.927538 0.301343 0.283509
6.443571 1.967955 0.359663 0.312454
6.444544 1.955909 0.404532 0.365032
6.449841 1.933117 0.346200 0.331984
6.457476 1.955399 0.411026 0.372649
6.458974 1.929946 0.374148 0.371514
6.473342 1.965550 0.423759 0.381232
6.480116 1.918072 0.327275 0.312122
6.494077 1.929825 0.374252 0.371692
6.510821 1.917402 0.276534 0.266634
6.512839 1.955901 0.404734 0.365233
6.526875 1.929702 0.374360 0.371868
6.533963 1.932578 0.346509 0.332677
6.537330 1.965573 0.424208 0.381615
6.541603 1.937471 0.390939 0.364063
6.547797 1.928047 0.300203 0.282214
6.547948 1.968150 0.360457 0.313144
6.549145 1.955099 0.411586 0.373403
6.557138 1.929576 0.374456 0.372034
6.579716 1.955951 0.404888 0.365341
6.585992 1.929452 0.374544 0.372208
6.592779 1.917531 0.327627 0.312667
6.601044 1.965613 0.424659 0.381978
6.604039 1.917034 0.276659 0.266834
6.613253 1.929327 0.374627 0.372372
6.620327 1.932029 0.346795 0.333354
6.638280 1.929191 0.374703 0.372530
6.644443 1.955998 0.405043 0.365458
6.645541 1.954750 0.412116 0.374148
6.655244 1.968397 0.361253 0.313798
6.661827 1.929047 0.374771 0.372689
6.663858 1.965680 0.425113 0.382336
6.664724 1.937737 0.391341 0.364107
6.667335 1.928483 0.299135 0.281022
6.678310 1.936021 0.318215 0.300875
6.678516 1.936000 0.317879 0.300642
6.680602 1.935981 0.317530 0.300406
6.681006 1.936039 0.318530 0.301093
6.683829 1.928913 0.374835 0.372838
6.685077 1.936080 0.318823 0.301284
6.685589 1.935980 0.317183 0.300168
6.690276 1.936109 0.319069 0.301455
6.691229 1.935993 0.316829 0.299933
6.696607 1.936110 0.319291 0.301627
6.698434 1.936012 0.316471 0.299698
6.700931 1.916587 0.276877 0.267136
6.702300 1.916929 0.327895 0.313165
6.704208 1.928775 0.374899 0.372978
6.705639 1.936042 0.316121 0.299441
6.705807 1.936099 0.319472 0.301787
6.707362 1.956022 0.405207 0.365595
6.707685 1.931491 0.347110 0.334036
6.712982 1.936090 0.315784 0.299161
6.717305 1.936074 0.319597 0.301932
6.721183 1.936131 0.315446 0.298861
6.723478 1.928650 0.374962 0.373108
6.724135 1.965735 0.425572 0.382711
6.730578 1.936045 0.319681 0.302060
6.732449 1.936158 0.315090 0.298556
6.741288 1.928531 0.375016 0.373229
6.742624 1.954438 0.412707 0.374934
6.744581 1.936001 0.319744 0.302192
6.745616 1.936177 0.314733 0.298252
6.758079 1.928426 0.375060 0.373332
6.759462 1.936190 0.314363 0.297952
6.760632 1.935960 0.319760 0.302283
6.762141 1.968614 0.362068 0.314490
6.768589 1.956080 0.405384 0.365714
6.773430 1.928349 0.375116 0.373429
6.774442 1.936190 0.313978 0.297661
6.776183 1.935896 0.319811 0.302390
6.781142 1.938024 0.391890 0.364311
6.787441 1.928283 0.375167 0.373516
6.789056 1.915949 0.277144 0.267546
6.791014 1.936170 0.313584 0.297366
6.793963 1.928866 0.298102 0.279880
6.795048 1.935841 0.319821 0.302439
6.797515 1.930962 0.347394 0.334683
6.799980 1.928219 0.375224 0.373599
6.805051 1.916486 0.328143 0.313537
6.808963 1.936148 0.313188 0.297082
6.811964 1.928167 0.375283 0.373676
6.815547 1.935776 0.319801 0.302460
6.824880 1.928120 0.375340 0.373758
6.827453 1.956148 0.405600 0.365865
6.827893 1.936102 0.312789 0.296801
6.830131 1.965862 0.426412 0.383443
6.836942 1.935729 0.319783 0.302476
6.838858 1.928074 0.375407 0.373842
6.843753 1.953998 0.413221 0.375715
6.848623 1.936038 0.312387 0.296520
6.855184 1.928016 0.375477 0.373940
6.858338 1.935667 0.319763 0.302489
6.869837 1.968901 0.362899 0.315158
6.870609 1.935985 0.311988 0.296216
6.870895 1.915274 0.277494 0.268020
6.873635 1.927947 0.375563 0.374041
6.878499 1.935634 0.319730 0.302472
6.886979 1.956231 0.405767 0.365947
6.887102 1.930465 0.347721 0.335337
6.889419 1.965970 0.426903 0.383830
6.892650 1.938246 0.392487 0.364634
6.893105 1.935905 0.311579 0.295902
6.894042 1.927875 0.375666 0.374134
6.897671 1.935579 0.319678 0.302452
6.909950 1.916124 0.328363 0.313829
6.914669 1.935803 0.311184 0.295559
6.915119 1.935520 0.319622 0.302430
6.915668 1.929242 0.297015 0.278659
6.916450 1.927794 0.375804 0.374229
6.930764 1.935451 0.319540 0.302394
6.938196 1.935675 0.310790 0.295210
6.940593 1.953425 0.413762 0.376595
6.940907 1.927707 0.375960 0.374322
6.945038 1.956279 0.405960 0.366075
6.945578 1.935372 0.319468 0.302363
6.947303 1.966051 0.427392 0.384241
6.959324 1.935293 0.319384 0.302324
6.961363 1.935516 0.310388 0.294848
6.965292 1.914749 0.277814 0.268347
6.966067 1.927614 0.376126 0.374403
6.972396 1.935211 0.319312 0.302294
6.976224 1.969172 0.363751 0.315856
6.981134 1.929994 0.348006 0.335932
6.984342 1.935136 0.319228 0.302244
6.987025 1.935334 0.309997 0.294487
6.990564 1.927526 0.376303 0.374468
6.996290 1.935062 0.319154 0.302194
7.000203 1.938555 0.393075 0.364920
7.001924 1.956322 0.406182 0.366229
7.002928 1.966111 0.427871 0.384669
7.008165 1.934995 0.319076 0.302139
7.011262 1.915803 0.328566 0.314056
7.013805 1.927443 0.376464 0.374509
7.013912 1.935143 0.309619 0.294103
7.019804 1.934939 0.318990 0.302078
7.030622 1.934899 0.318921 0.302024
7.031530 1.927462 0.387541 0.382078
7.033389 1.927343 0.387633 0.382246
7.035088 1.927377 0.376617 0.374545
7.036191 1.927548 0.387434 0.381908
7.036671 1.952860 0.414366 0.377528
7.037390 1.927193 0.387670 0.382378
7.038594 1.934896 0.309235 0.293699
7.039609 1.927431 0.387287 0.381823
7.040113 1.934869 0.318858 0.301966
7.042443 1.927058 0.387690 0.382479
7.046392 1.926939 0.387711 0.382574
7.047498 1.914139 0.278284 0.268856
7.048165 1.934839 0.318795 0.301919
7.049634 1.929659 0.295969 0.277419
7.050006 1.927341 0.387193 0.381767
7.050919 1.926824 0.387732 0.382664
7.053742 1.927324 0.376758 0.374580
7.055352 1.926720 0.387755 0.382749
7.055858 1.934811 0.318736 0.301874
7.057402 1.927342 0.392097 0.379891
7.059165 1.956374 0.406388 0.366362
7.059270 1.927207 0.387115 0.381758
7.060219 1.926621 0.387776 0.382837
7.061297 1.966259 0.428308 0.384997
7.063952 1.934796 0.318681 0.301823
7.066127 1.926515 0.387824 0.382948
7.067421 1.927079 0.387066 0.381765
7.069774 1.934624 0.308880 0.293349
7.070701 1.928611 0.392729 0.380027
7.070809 1.927280 0.376888 0.374613
7.072239 1.934779 0.318642 0.301779
7.074012 1.926976 0.387026 0.381774
7.075196 1.927142 0.381023 0.375667
7.075294 1.929517 0.348282 0.336517
7.075527 1.926986 0.380911 0.375644
7.075770 1.926403 0.387900 0.383094
7.076187 1.927290 0.381121 0.375684
7.077016 1.926012 0.391463 0.379770
7.077109 1.927433 0.381214 0.375705
7.078572 1.926815 0.380814 0.375651
7.079652 1.926886 0.387004 0.381790
7.079887 1.934762 0.318595 0.301731
7.080694 1.927563 0.381310 0.375739
7.080705 1.969464 0.364610 0.316554
7.083285 1.926645 0.380699 0.375638
7.083834 1.927687 0.381418 0.375781
7.083880 1.926812 0.386986 0.381812
7.084212 1.924159 0.389443 0.378203
7.084396 1.929915 0.393112 0.379851
7.085993 1.927243 0.377000 0.374640
7.087526 1.926760 0.386970 0.381830
7.087834 1.924965 0.390510 0.379128
7.088124 1.934752 0.318545 0.301681
7.088511 1.926321 0.388043 0.383277
7.089742 1.927795 0.381523 0.375833
7.090321 1.926478 0.380588 0.375631
7.091759 1.926711 0.386952 0.381847
7.094854 1.926296 0.380457 0.375618
7.097154 1.926644 0.386923 0.381873
7.097270 1.926134 0.380271 0.375530
7.097294 1.934740 0.318495 0.301632
7.097329 1.925955 0.380063 0.375429
7.098281 1.934313 0.308539 0.292968
7.098299 1.927876 0.381618 0.375895
7.099516 1.927213 0.377095 0.374667
7.102362 1.938831 0.393670 0.365262
7.102823 1.926250 0.388243 0.383505
7.105600 1.927946 0.381730 0.375976
7.105841 1.926578 0.386875 0.381871
7.106082 1.925438 0.379706 0.375362
7.107755 1.934728 0.318437 0.301573
7.108606 1.925720 0.379902 0.375402
7.109504 1.915625 0.328784 0.314193
7.110601 1.927188 0.377186 0.374690
7.113231 1.928008 0.381843 0.376069
7.113318 1.925121 0.379568 0.375401
7.115263 1.966376 0.428758 0.385376
7.115699 1.956447 0.406603 0.366492
7.115897 1.926493 0.386790 0.381849
7.116385 1.926242 0.388520 0.383781
7.118265 1.913483 0.278846 0.269476
7.119815 1.934728 0.318382 0.301509
7.120077 1.927171 0.377264 0.374703
7.121612 1.924814 0.379413 0.375418
7.122595 1.931084 0.393285 0.379518
7.122677 1.928039 0.381952 0.376177
7.126349 1.926395 0.386680 0.381801
7.127614 1.927159 0.377326 0.374712
7.129031 1.932271 0.393380 0.379071
7.129433 1.933982 0.308247 0.292633
7.129532 1.928045 0.382083 0.376314
7.132447 1.924522 0.379274 0.375450
7.132575 1.934731 0.318319 0.301433
7.133539 1.927150 0.377377 0.374714
7.133658 1.926224 0.388833 0.384102
7.135039 1.952268 0.414962 0.378471
7.137930 1.926320 0.386561 0.381730
7.138796 1.927145 0.377420 0.374717
7.139021 1.928015 0.382189 0.376445
7.143569 1.927137 0.377472 0.374709
7.146073 1.927950 0.382296 0.376595
7.146133 1.934739 0.318266 0.301356
7.146172 1.924256 0.379144 0.375479
7.149036 1.927127 0.377537 0.374694
7.149803 1.926293 0.386407 0.381602
7.150739 1.933351 0.393435 0.378624
7.151178 1.926272 0.389218 0.384457
7.151785 1.927857 0.382384 0.376743
7.154706 1.923137 0.388638 0.377657
7.154776 1.927752 0.382465 0.376887
7.155349 1.927103 0.377617 0.374667
7.157451 1.923976 0.379057 0.375555
7.159410 1.927641 0.382494 0.376992
7.159455 1.934757 0.318211 0.301279
7.160772 1.926304 0.386263 0.381462
7.160864 1.933629 0.308002 0.292307
7.162558 1.927079 0.377727 0.374620
7.162739 1.927546 0.382511 0.377070
7.165266 1.927475 0.382521 0.377125
7.166708 1.927426 0.382528 0.377167
7.168047 1.927383 0.382538 0.377201
7.169197 1.927339 0.382553 0.377242
7.169561 1.966496 0.429201 0.385756
7.170611 1.929042 0.348545 0.337079
7.170755 1.926331 0.386118 0.381319
7.171343 1.927280 0.382577 0.377297
7.171377 1.927054 0.377860 0.374559
7.171710 1.923725 0.378957 0.375610
7.172113 1.956528 0.406812 0.366613
7.173268 1.934772 0.318166 0.301216
7.173322 1.927215 0.382626 0.377380
7.175177 1.926362 0.389636 0.384823
7.175841 1.927143 0.382699 0.377493
7.176013 1.930063 0.294999 0.276225
7.178708 1.927071 0.382793 0.377627
7.179138 1.926416 0.385996 0.381166
7.181607 1.927035 0.378015 0.374484
7.181697 1.926559 0.385910 0.381003
7.182849 1.927001 0.382894 0.377767
7.183261 1.912801 0.279424 0.270120
7.184439 1.926690 0.385814 0.380840
7.184652 1.969836 0.365470 0.317213
7.186466 1.923475 0.378883 0.375685
7.186817 1.926947 0.383011 0.377913
7.186840 1.926829 0.385719 0.380676
7.186875 1.934794 0.318117 0.301140
7.190413 1.926949 0.385602 0.380500
7.191367 1.926900 0.383122 0.378053
7.192908 1.933295 0.307776 0.291987
7.193493 1.927029 0.378176 0.374396
7.193597 1.927032 0.385446 0.380312
7.196619 1.926862 0.383229 0.378187
7.197890 1.927074 0.385261 0.380111
7.200252 1.939047 0.394244 0.365646
7.201245 1.934831 0.318071 0.301061
7.201482 1.926834 0.383325 0.378303
7.202617 1.915496 0.328980 0.314271
7.202770 1.927064 0.385052 0.379915
7.203267 1.923266 0.378763 0.375689
7.205160 1.926810 0.383426 0.378420
7.206214 1.926446 0.390068 0.385199
7.206638 1.927026 0.378355 0.374304
7.207130 1.927029 0.384831 0.379719
7.207626 1.934118 0.393770 0.378626
7.209546 1.926788 0.383530 0.378539
7.210573 1.926977 0.384616 0.379530
7.211228 1.922541 0.387607 0.376604
7.212491 1.926785 0.383644 0.378662
7.212583 1.926933 0.384425 0.379361
7.214792 1.926888 0.384240 0.379205
7.214908 1.926794 0.383767 0.378790
7.215949 1.934876 0.318046 0.301000
7.216577 1.926844 0.384067 0.379063
7.216879 1.926811 0.383910 0.378923
7.219044 1.927046 0.378549 0.374232
7.223197 1.923113 0.378657 0.375678
7.223272 1.921849 0.381985 0.369365
7.223859 1.966654 0.429659 0.386138
7.224875 1.922446 0.381127 0.367737
7.227412 1.956570 0.407033 0.366780
7.227465 1.932975 0.307618 0.291646
7.228372 1.927090 0.378737 0.374170
7.229517 1.951604 0.415605 0.379500
7.229895 1.934933 0.318010 0.300922
7.236586 1.927119 0.378892 0.374120
7.238200 1.923184 0.380388 0.366153
7.239458 1.926601 0.390547 0.385559
7.240932 1.921452 0.382964 0.371003
7.242361 1.912226 0.280111 0.270809
7.244577 1.922992 0.378567 0.375668
7.244841 1.927142 0.379024 0.374074
7.244977 1.934985 0.317981 0.300856
7.251990 1.927153 0.379130 0.374033
7.254959 1.934729 0.394312 0.378905
7.255203 1.921978 0.386475 0.375426
7.255936 1.921770 0.385302 0.373973
7.256330 1.924061 0.379816 0.364654
7.257308 1.927154 0.379211 0.373995
7.260912 1.932630 0.307446 0.291300
7.261061 1.927155 0.379278 0.373964
7.261111 1.935039 0.317966 0.300801
7.265923 1.927165 0.379336 0.373942
7.267266 1.928524 0.348728 0.337582
7.268319 1.922933 0.378546 0.375686
7.271408 1.921391 0.384069 0.372561
7.272675 1.927181 0.379401 0.373931
7.277141 1.966744 0.430128 0.386582
7.277416 1.935122 0.317955 0.300731
7.278288 1.926712 0.390999 0.385891
7.281162 1.927213 0.379464 0.373935
7.282012 1.956618 0.407257 0.366953
7.283870 1.970154 0.366354 0.317924
7.287943 1.925132 0.379479 0.363292
7.288894 1.911444 0.280705 0.271523
7.291237 1.927255 0.379528 0.373950
7.291265 1.939272 0.394842 0.366066
7.291791 1.922992 0.378516 0.375629
7.291901 1.915439 0.329197 0.314333
7.294696 1.935191 0.317926 0.300659
7.295015 1.932313 0.307295 0.290891
7.301568 1.927296 0.379614 0.373991
7.313657 1.935233 0.317925 0.300627
7.313826 1.930420 0.294143 0.275137
7.315656 1.926869 0.391472 0.386178
7.315686 1.923031 0.378534 0.375629
7.315835 1.927315 0.379667 0.374031
7.319453 1.951025 0.416392 0.380632
7.323625 1.934992 0.394577 0.379084
7.329083 1.966794 0.430607 0.387054
7.331716 1.935279 0.317909 0.300583
7.332427 1.927300 0.379700 0.374079
7.334586 1.931998 0.307198 0.290549
7.336584 1.910742 0.281352 0.272239
7.336971 1.956668 0.407476 0.367120
7.338792 1.925898 0.378960 0.361936
7.339043 1.923098 0.378544 0.375609
7.348857 1.935301 0.317905 0.300561
7.349230 1.927280 0.379753 0.374156
7.351423 1.927066 0.391971 0.386443
7.361563 1.928045 0.349016 0.338157
7.361647 1.923189 0.378564 0.375581
7.364920 1.927235 0.379810 0.374250
7.365134 1.935319 0.317881 0.300525
7.374294 1.939337 0.395455 0.366617
7.376415 1.915358 0.329382 0.314369
7.378061 1.931687 0.307185 0.290248
7.378378 1.927163 0.379841 0.374340
7.380391 1.935301 0.317860 0.300516
7.381076 1.970451 0.367226 0.318644
7.383935 1.935098 0.394931 0.379448
7.384176 1.966912 0.431058 0.387455
7.384277 1.923286 0.378580 0.375544
7.386984 1.927050 0.379864 0.374449
7.389839 1.956717 0.407715 0.367320
7.390554 1.927259 0.392446 0.386657
7.394031 1.926907 0.379854 0.374541
7.394577 1.935245 0.317830 0.300513
7.394711 1.910352 0.282122 0.272906
7.396502 1.926655 0.378489 0.360639
7.399218 1.926755 0.379826 0.374621
7.399920 1.935412 0.395573 0.380015
7.403809 1.923472 0.378662 0.375520
7.404858 1.926600 0.379787 0.374686
7.407679 1.935158 0.317810 0.300528
7.407943 1.950211 0.417055 0.381791
7.408404 1.925368 0.379356 0.375093
7.410092 1.926437 0.379733 0.374746
7.411114 1.925626 0.379442 0.375018
7.412291 1.926257 0.379672 0.374814
7.412355 1.925079 0.379250 0.375165
7.412483 1.923767 0.378761 0.375449
7.412697 1.926059 0.379598 0.374877
7.414410 1.925855 0.379520 0.374944
7.416197 1.924766 0.379129 0.375230
7.418570 1.924423 0.378999 0.375304
7.419885 1.935046 0.317785 0.300554
7.419981 1.924081 0.378878 0.375382
7.422640 1.931365 0.307203 0.289986
7.428248 1.927459 0.392937 0.386850
7.432918 1.934934 0.317786 0.300602
7.440801 1.967005 0.431483 0.387841
7.441543 1.956738 0.407931 0.367529
7.443246 1.909798 0.282853 0.273621
7.445495 1.915328 0.329541 0.314338
7.446229 1.934788 0.317748 0.300629
7.450150 1.939293 0.396066 0.367245
7.450596 1.935444 0.395929 0.380476
7.452709 1.930826 0.293330 0.274018
7.456768 1.927527 0.349263 0.338709
7.459449 1.934646 0.317755 0.300701
7.460209 1.927377 0.378023 0.359401
7.466579 1.927652 0.393422 0.387003
7.467204 1.931059 0.307241 0.289759
7.472677 1.934483 0.317729 0.300747
7.477441 1.970834 0.368089 0.319298
7.486208 1.934310 0.317720 0.300826
7.487383 1.909263 0.283613 0.274354
7.491728 1.956772 0.408158 0.367743
7.501086 1.934157 0.317720 0.300898
7.501632 1.967128 0.431903 0.388206
7.501728 1.949409 0.417718 0.382959
7.505271 1.935039 0.395814 0.380754
7.508760 1.927862 0.393877 0.387087
7.509624 1.934521 0.395985 0.381423
7.511551 1.930765 0.307231 0.289529
7.513838 1.933977 0.317693 0.300966
7.516988 1.915239 0.329762 0.314412
7.524284 1.939221 0.396633 0.367845
7.526459 1.933976 0.396027 0.382022
7.529042 1.933864 0.317737 0.301063
7.535603 1.909045 0.284492 0.275009
7.541511 1.956809 0.408372 0.367943
7.544030 1.933397 0.395967 0.382584
7.544430 1.933787 0.317809 0.301175
7.545223 1.928035 0.377689 0.358359
7.545586 1.928222 0.394357 0.387074
7.551714 1.927054 0.349563 0.339279
7.555337 1.930534 0.307229 0.289296
7.558625 1.932805 0.395895 0.383162
7.561069 1.967214 0.432316 0.388575
7.561960 1.933736 0.317868 0.301263
7.568649 1.971177 0.368964 0.319998
7.572382 1.932201 0.395787 0.383736
7.577607 1.933688 0.317972 0.301396
7.578700 1.908589 0.285274 0.275718
7.579003 1.931612 0.395703 0.384337
7.582473 1.928649 0.394817 0.386976
7.583127 1.931044 0.395632 0.384954
7.585098 1.915247 0.329892 0.314325
7.590090 1.948692 0.418527 0.384214
7.590294 1.956900 0.408571 0.368093
7.594113 1.929277 0.395145 0.386588
7.594137 1.933639 0.318080 0.301533
7.594650 1.930474 0.395515 0.385538
7.597900 1.939164 0.397151 0.368401
7.597935 1.931241 0.292599 0.272976
7.598643 1.930368 0.307236 0.289065
7.600195 1.929885 0.395361 0.386094
7.610870 1.933647 0.318229 0.301677
7.624177 1.967363 0.432712 0.388881
7.629178 1.928534 0.377205 0.357288
7.632437 1.933625 0.318323 0.301792
7.637051 1.908358 0.286050 0.276300
7.637704 1.957015 0.408767 0.368214
7.640362 1.930245 0.307226 0.288838
7.645798 1.926545 0.349858 0.339874
7.649169 1.915236 0.330011 0.314262
7.651097 1.933656 0.318475 0.301959
7.658109 1.971583 0.369835 0.320650
7.667653 1.939092 0.397650 0.368953
7.669293 1.933690 0.318625 0.302144
7.675065 1.933002 0.324926 0.309418
7.675233 1.932926 0.325116 0.309635
7.675704 1.932885 0.325310 0.309835
7.677927 1.933119 0.324757 0.309198
7.679168 1.932915 0.325520 0.310011
7.679502 1.947980 0.419368 0.385486
7.680585 1.933187 0.324559 0.308977
7.681475 1.933321 0.324394 0.308744
7.681760 1.930105 0.307218 0.288634
7.683986 1.957088 0.408955 0.368345
7.684643 1.933569 0.323828 0.308063
7.684711 1.933582 0.323615 0.307849
7.684815 1.933504 0.324023 0.308285
7.684912 1.933738 0.318773 0.302344
7.685225 1.933732 0.323054 0.307225
7.685375 1.933421 0.324211 0.308517
7.686323 1.933839 0.322913 0.307026
7.686586 1.932913 0.325715 0.310201
7.687074 1.933547 0.323392 0.307660
7.687213 1.933646 0.323222 0.307437
7.687683 1.933943 0.322784 0.306841
7.687697 1.908058 0.286832 0.276944
7.690787 1.934049 0.322671 0.306671
7.691906 1.967496 0.433093 0.389170
7.693997 1.934153 0.322567 0.306510
7.694554 1.932938 0.325921 0.310386
7.695742 1.933768 0.318926 0.302551
7.696559 1.934243 0.322461 0.306350
7.699957 1.934317 0.322352 0.306193
7.702144 1.933012 0.326157 0.310566
7.704362 1.934401 0.322251 0.306040
7.704472 1.933770 0.319065 0.302758
7.708076 1.934462 0.322134 0.305879
7.708331 1.915292 0.330122 0.314157
7.711119 1.933728 0.319195 0.302978
7.712028 1.934515 0.322014 0.305712
7.714883 1.933058 0.326379 0.310754
7.716249 1.934544 0.321882 0.305544
7.717608 1.933652 0.319466 0.303407
7.718267 1.933661 0.319311 0.303194
7.721068 1.928990 0.376757 0.356310
7.721094 1.934515 0.321717 0.305384
7.722016 1.933561 0.319600 0.303643
7.724018 1.929994 0.307205 0.288430
7.724384 1.933646 0.319825 0.303854
7.724728 1.934465 0.321528 0.305210
7.725664 1.933138 0.326632 0.310954
7.727716 1.934376 0.321313 0.305035
7.729553 1.933829 0.320302 0.304282
7.729610 1.957185 0.409126 0.368438
7.730118 1.934259 0.321075 0.304851
7.730965 1.933709 0.320046 0.304070
7.731519 1.934132 0.320816 0.304656
7.735364 1.933931 0.320564 0.304503
7.735518 1.938964 0.398080 0.369462
7.738315 1.933248 0.326877 0.311133
7.739918 1.907763 0.287592 0.277581
7.743630 1.926068 0.350103 0.340405
7.746220 1.972010 0.370701 0.321285
7.749710 1.931611 0.291940 0.272010
7.751755 1.933378 0.327116 0.311307
7.764497 1.967639 0.433469 0.389427
7.767748 1.929882 0.307216 0.288244
7.768078 1.915377 0.330260 0.314067
7.768262 1.933429 0.327362 0.311533
7.774861 1.957303 0.409281 0.368504
7.785566 1.933491 0.327659 0.311797
7.789861 1.947408 0.420136 0.386599
7.792185 1.907492 0.288343 0.278221
7.795960 1.929462 0.376137 0.355162
7.797614 1.938815 0.398485 0.369954
7.809580 1.933475 0.327953 0.312101
7.813685 1.929777 0.307224 0.288064
7.818824 1.957398 0.409433 0.368587
7.822244 1.915373 0.330356 0.314002
7.829345 1.972407 0.371559 0.321927
7.834941 1.933445 0.328307 0.312467
7.839144 1.907316 0.289148 0.278877
7.839532 1.925604 0.350388 0.340972
7.841858 1.967770 0.433808 0.389656
7.854988 1.938634 0.398829 0.370401
7.856994 1.933071 0.328546 0.312919
7.861000 1.957513 0.409583 0.368661
7.861982 1.929675 0.307221 0.287883
7.872570 1.915443 0.330499 0.313956
7.879396 1.929884 0.375513 0.354056
7.881160 1.907135 0.289959 0.279566
7.889433 1.932613 0.328712 0.313353
7.901143 1.957584 0.409740 0.368772
7.904634 1.932018 0.291367 0.271107
7.905424 1.946923 0.420918 0.387670
7.906796 1.938458 0.399163 0.370827
7.907706 1.932038 0.328948 0.313923
7.911428 1.972809 0.372409 0.322558
7.913909 1.929549 0.307225 0.287732
7.921053 1.915465 0.330607 0.313909
7.921812 1.906969 0.290758 0.280263
7.924262 1.967878 0.434108 0.389859
7.936611 1.925145 0.350661 0.341525
7.939884 1.957658 0.409879 0.368862
7.943507 1.931343 0.329005 0.314390
7.952110 1.906929 0.291618 0.280967
7.953521 1.930406 0.374865 0.352859
7.954661 1.938297 0.399475 0.371223
7.967455 1.915482 0.330704 0.313869
7.970213 1.929436 0.307225 0.287591
7.976031 1.957699 0.410026 0.368994
7.978422 1.930539 0.329058 0.314918
7.982029 1.906787 0.292425 0.281707
7.992606 1.973150 0.373251 0.323217
7.997643 1.938136 0.399768 0.371601
8.011094 1.967959 0.434369 0.390035
8.011836 1.957732 0.410154 0.369108
8.012422 1.915471 0.330807 0.313865
8.013760 1.906658 0.293196 0.282431
8.023074 1.929683 0.329083 0.315453
8.023523 1.946560 0.421758 0.388708
8.032144 1.929310 0.307219 0.287479
8.032478 1.924663 0.350936 0.342096
8.037206 1.937984 0.400047 0.371963
8.044087 1.930771 0.374224 0.351772
8.045608 1.906619 0.293973 0.283131
8.046514 1.957722 0.410287 0.369253
8.057361 1.915439 0.330921 0.313914
8.065506 1.928731 0.329128 0.316057
8.067290 1.932370 0.290940 0.270401
8.073075 1.973470 0.374084 0.323875
8.073999 1.937834 0.400308 0.372303
8.078073 1.906511 0.294717 0.283854
8.082016 1.957684 0.410400 0.369386
8.100002 1.929172 0.307220 0.287406
8.101466 1.967968 0.434566 0.390186
8.103049 1.915421 0.331035 0.313975
8.109338 1.937717 0.400552 0.372621
8.112523 1.906430 0.295444 0.284553
8.113621 1.927738 0.329157 0.316676
8.117051 1.957626 0.410525 0.369540
8.123616 1.925564 0.329664 0.318475
8.127580 1.926675 0.329399 0.317550
8.131966 1.924203 0.351134 0.342581
8.138332 1.931123 0.373582 0.350702
8.142645 1.946262 0.422620 0.389720
8.142823 1.937625 0.400787 0.372925
8.147751 1.906411 0.296170 0.285225
8.150374 1.973768 0.374929 0.324558
8.150920 1.915437 0.331151 0.314035
8.151203 1.957528 0.410637 0.369704
8.152817 1.924414 0.329881 0.319377
8.173238 1.929020 0.307224 0.287348
8.174167 1.937536 0.400999 0.373206
8.183691 1.957428 0.410760 0.369877
8.184831 1.906434 0.296879 0.285864
8.192684 1.967891 0.434752 0.390367
8.201863 1.915440 0.331238 0.314084
8.202307 1.937454 0.401198 0.373478
8.212717 1.957282 0.410861 0.370054
8.222721 1.906461 0.297562 0.286489
8.225714 1.974091 0.375807 0.325263
8.228140 1.923421 0.329978 0.320056
8.228222 1.937387 0.401377 0.373723
8.229280 1.923720 0.351365 0.343108
8.232092 1.932749 0.290623 0.269764
8.236062 1.931488 0.372944 0.349644
8.238437 1.957144 0.410970 0.370244
8.251065 1.937351 0.401544 0.373943
8.251383 1.928863 0.307235 0.287332
8.255356 1.915476 0.331323 0.314123
8.263250 1.957005 0.411072 0.370420
8.263490 1.906541 0.298207 0.287060
8.270098 1.937336 0.401688 0.374125
8.271096 1.946153 0.423418 0.390558
8.285648 1.937327 0.401807 0.374262
8.286092 1.967890 0.434898 0.390458
8.286657 1.956853 0.411162 0.370598
8.299011 1.937310 0.401917 0.374379
8.301809 1.974398 0.376679 0.325981
8.304883 1.906597 0.298818 0.287624
8.307828 1.922537 0.330244 0.320846
8.308344 1.956685 0.411256 0.370786
8.310955 1.915505 0.331426 0.314193
8.313897 1.937288 0.402051 0.374493
8.324429 1.923066 0.351416 0.343551
8.330802 1.956520 0.411350 0.370977
8.332521 1.937260 0.402216 0.374645
8.333225 1.931761 0.372217 0.348568
8.334148 1.928703 0.307256 0.287342
8.349540 1.906744 0.299399 0.288124
8.353003 1.956326 0.411437 0.371177
8.357019 1.937206 0.402445 0.374847
8.368225 1.915533 0.331527 0.314261
8.376228 1.974710 0.377533 0.326683
8.377019 1.956142 0.411528 0.371377
8.380872 1.967887 0.434987 0.390472
8.388593 1.937136 0.402737 0.375120
8.390094 1.945777 0.424188 0.391525
8.393466 1.921488 0.330189 0.321410
8.397730 1.933107 0.290384 0.269210
8.398527 1.906897 0.299933 0.288584
8.402462 1.955937 0.411627 0.371593
8.417936 1.922358 0.351400 0.343957
8.421140 1.928515 0.307288 0.287414
8.426804 1.937013 0.403064 0.375455
8.428169 1.915540 0.331599 0.314316
8.430838 1.955737 0.411749 0.371830
8.446736 1.931831 0.371563 0.347693
8.447228 1.975025 0.378378 0.327373
8.449951 1.907014 0.300433 0.289032
8.459453 1.955506 0.411904 0.372118
8.471788 1.936969 0.403481 0.375831
8.474794 1.967949 0.435082 0.390441
8.478599 1.921088 0.330909 0.322366
8.488339 1.955260 0.412063 0.372430
8.489947 1.915483 0.331641 0.314383
8.504897 1.907097 0.300888 0.289453
8.512579 1.928367 0.307337 0.287486
8.513384 1.921717 0.351457 0.344393
8.513410 1.945488 0.424888 0.392370
8.518003 1.955046 0.412286 0.372797
8.518083 1.975299 0.379208 0.328067
8.521984 1.936907 0.403965 0.376278
8.538499 1.954739 0.412530 0.373246
8.549089 1.954403 0.412803 0.373741
8.553789 1.915420 0.331673 0.314445
8.558731 1.907300 0.301378 0.289820
8.561539 1.931755 0.370866 0.346864
8.563183 1.933442 0.290256 0.268761
8.568410 1.968022 0.435126 0.390340
8.575625 1.936842 0.404526 0.376787
8.581066 1.954130 0.413043 0.374172
8.584986 1.920807 0.331473 0.323103
8.587513 1.975559 0.380039 0.328770
8.605693 1.920975 0.351468 0.344841
8.606295 1.928179 0.307412 0.287632
8.615054 1.907502 0.301834 0.290134
8.616016 1.953902 0.413297 0.374586
8.623201 1.915355 0.331709 0.314508
8.631332 1.936820 0.405156 0.377342
8.631542 1.945082 0.425554 0.393237
8.640645 1.953621 0.413586 0.375062
8.654128 1.975796 0.380887 0.329503
8.662304 1.968027 0.435167 0.390265
8.671568 1.907706 0.302291 0.290445
8.677527 1.953475 0.413868 0.375450
8.677678 1.920519 0.332232 0.324035
8.685580 1.931532 0.370269 0.346224
8.690907 1.936827 0.405808 0.377907
8.694365 1.915239 0.331723 0.314575
8.700165 1.920222 0.351426 0.345239
8.700967 1.927922 0.307504 0.287856
8.708607 1.953320 0.414206 0.375897
8.717606 1.975978 0.381749 0.330286
8.726860 1.933738 0.290175 0.268367
8.729881 1.907898 0.302724 0.290733
8.746037 1.953192 0.414513 0.376293
8.749297 1.944733 0.426223 0.394058
8.754404 1.936790 0.406451 0.378479
8.755379 1.968070 0.435164 0.390121
8.769386 1.915147 0.331706 0.314591
8.773533 1.920278 0.332996 0.324950
8.776672 1.976129 0.382606 0.331082
8.784592 1.953133 0.414856 0.376683
8.788654 1.908152 0.303125 0.290955
8.797241 1.927683 0.307620 0.288111
8.809038 1.919655 0.351572 0.345713
8.811769 1.931276 0.369696 0.345640
8.815158 1.936838 0.407141 0.379091
8.823600 1.953090 0.415208 0.377076
8.834261 1.976231 0.383552 0.331988
8.846140 1.908454 0.303509 0.291120
8.847619 1.968172 0.435176 0.389967
8.848451 1.915022 0.331679 0.314628
8.856489 1.944270 0.426932 0.394988
8.859088 1.953084 0.415621 0.377502
8.871278 1.936734 0.407844 0.379789
8.878734 1.920057 0.333672 0.325768
8.887757 1.934011 0.290181 0.268067
8.894667 1.976296 0.384467 0.332899
8.894966 1.953093 0.416060 0.377946
8.896059 1.927489 0.307715 0.288304
8.902719 1.908701 0.303901 0.291327
8.920068 1.919211 0.351459 0.345859
8.930220 1.914915 0.331690 0.314704
8.933041 1.936702 0.408519 0.380452
8.933827 1.953115 0.416504 0.378387
8.934126 1.930881 0.369048 0.345067
8.939531 1.968222 0.435148 0.389821
8.951148 1.976348 0.385398 0.333829
8.962021 1.908963 0.304226 0.291443
8.972242 1.943957 0.427561 0.395768
8.976554 1.953166 0.416957 0.378817
8.987381 1.920135 0.334431 0.326493
8.993843 1.936570 0.409173 0.381153
8.996072 1.927302 0.307846 0.288523
9.010995 1.976394 0.386356 0.334798
9.015180 1.914802 0.331616 0.314702
9.018511 1.953173 0.417422 0.379285
9.019360 1.909193 0.304566 0.291595
9.030758 1.968196 0.435038 0.389644
9.037668 1.918971 0.351389 0.345919
9.046617 1.934193 0.290280 0.267901
9.055919 1.936467 0.409816 0.381836
9.057234 1.953188 0.417931 0.379792
9.061917 1.930416 0.368554 0.344711
9.073493 1.976498 0.387312 0.335732
9.077137 1.909438 0.304880 0.291703
9.082497 1.943601 0.428197 0.396590
9.089183 1.953130 0.418481 0.380376
9.095067 1.920350 0.335241 0.327184
9.098696 1.927176 0.308029 0.288737
9.103084 1.914731 0.331538 0.314677
9.111859 1.936252 0.410446 0.382572
9.120931 1.968201 0.434881 0.389415
9.130383 1.953084 0.418984 0.380917
9.130866 1.976553 0.388287 0.336719
9.134851 1.909660 0.305189 0.291813
9.158498 1.919033 0.351352 0.345833
9.161295 1.952930 0.419504 0.381537
9.174106 1.936136 0.411055 0.383223
9.186224 1.976443 0.389234 0.337773
9.187884 1.929899 0.368086 0.344418
9.191122 1.943316 0.428842 0.397405
9.193452 1.909886 0.305466 0.291887
9.193684 1.914651 0.331447 0.314647
9.200198 1.952872 0.419999 0.382084
9.202000 1.934378 0.290475 0.267825
9.202722 1.927075 0.308280 0.288999
9.209157 1.920584 0.335969 0.327776
9.209661 1.968291 0.434658 0.389070
9.232339 1.935999 0.411681 0.383909
9.232632 1.952694 0.420473 0.382678
9.246147 1.976336 0.390167 0.338811
9.250745 1.910172 0.305767 0.291958
9.254530 1.952439 0.420952 0.383322
9.274765 1.952111 0.421413 0.383984
9.277304 1.919261 0.351195 0.345529
9.287121 1.914609 0.331349 0.314586
9.289373 1.935831 0.412311 0.384621
9.298706 1.943102 0.429495 0.398192
9.299308 1.968297 0.434375 0.388738
9.304875 1.976218 0.391114 0.339861
9.306522 1.951809 0.421830 0.384590
9.308782 1.927079 0.308598 0.289255
9.309336 1.910431 0.306070 0.292059
9.311976 1.929377 0.367656 0.344169
9.316268 1.921218 0.336771 0.328199
9.328223 1.951395 0.422218 0.385227
9.351169 1.935719 0.412928 0.385299
9.353298 1.934488 0.290788 0.267928
9.361815 1.951017 0.422565 0.385808
9.364557 1.975965 0.392014 0.340924
9.367992 1.910755 0.306361 0.292118
9.383801 1.914559 0.331279 0.314557
9.385878 1.968219 0.433976 0.388344
9.386933 1.950526 0.422863 0.386408
9.392527 1.919631 0.350974 0.345068
9.402321 1.942910 0.430151 0.398981
9.411982 1.935577 0.413541 0.385993
9.417024 1.927090 0.308941 0.289524
9.419139 1.975670 0.392937 0.342013
9.425101 1.950111 0.423156 0.386964
9.427347 1.921845 0.337500 0.328556
9.430585 1.911054 0.306612 0.292165
9.433128 1.928804 0.367277 0.344005
9.463525 1.949587 0.423377 0.387508
9.466592 1.968106 0.433441 0.387840
9.474819 1.935470 0.414147 0.386676
9.482056 1.914547 0.331185 0.314481
9.484819 1.975343 0.393790 0.343048
9.494665 1.911348 0.306905 0.292264
9.498271 1.934251 0.291117 0.268255
9.500984 1.920163 0.350687 0.344439
9.502225 1.949022 0.423571 0.388051
9.507091 1.942732 0.430795 0.399758
9.525112 1.927108 0.309387 0.289864
9.527616 1.922459 0.338375 0.329091
9.540172 1.967925 0.432791 0.387258
9.541745 1.948416 0.423725 0.388571
9.541787 1.974989 0.394682 0.344139
9.553748 1.928290 0.366936 0.343853
9.560626 1.911641 0.307200 0.292380
9.581223 1.947751 0.423806 0.389054
9.581806 1.923265 0.339581 0.329890
9.585297 1.914554 0.331062 0.314360
9.598338 1.935290 0.415275 0.387947
9.598765 1.974525 0.395513 0.345239
9.602187 1.920706 0.350257 0.343655
9.608480 1.967758 0.432052 0.386584
9.613177 1.942626 0.431433 0.400497
9.627623 1.947116 0.423857 0.389488
9.627943 1.911939 0.307476 0.292484
9.635854 1.927169 0.309862 0.290186
9.640303 1.934051 0.291445 0.268575
9.658948 1.974079 0.396320 0.346314
9.665150 1.935179 0.415905 0.388678
9.670974 1.967634 0.431242 0.385808
9.671468 1.922818 0.340235 0.330932
9.671739 1.927812 0.366562 0.343655
9.676690 1.946441 0.423819 0.389844
9.684586 1.921326 0.349663 0.342635
9.686382 1.914572 0.330946 0.314242
9.695923 1.912203 0.307773 0.292634
9.709563 1.973545 0.397114 0.347425
9.715178 1.942476 0.432095 0.401276
9.721476 1.945692 0.423649 0.390112
9.723881 1.967546 0.430344 0.384921
9.729884 1.935075 0.416565 0.389445
9.749109 1.927289 0.310361 0.290470
9.756131 1.921795 0.340336 0.331801
9.756846 1.921745 0.348874 0.341515
9.757001 1.944839 0.423430 0.390393
9.760220 1.973023 0.397906 0.348530
9.760367 1.967441 0.429324 0.383909
9.764301 1.912465 0.308073 0.292793
9.777344 1.933881 0.292011 0.269104
9.787679 1.914586 0.330785 0.314080
9.790310 1.927417 0.366249 0.343485
9.798868 1.935060 0.417235 0.390168
9.799099 1.944025 0.423172 0.390615
9.800030 1.967395 0.428282 0.382847
9.801761 1.972524 0.398758 0.349677
9.820368 1.921909 0.347935 0.340376
9.820371 1.942317 0.432691 0.401991
9.826508 1.921677 0.341232 0.332954
9.833749 1.912670 0.308373 0.292993
9.836482 1.943165 0.422793 0.390744
9.843968 1.967404 0.427231 0.381749
9.844317 1.922055 0.346862 0.339106
9.856081 1.972017 0.399551 0.350778
9.861895 1.921658 0.342304 0.334221
9.863725 1.927463 0.310909 0.290714
9.871277 1.935108 0.417907 0.390852
9.871348 1.922129 0.344671 0.336607
9.875923 1.942355 0.422302 0.390733
9.879725 1.922001 0.345752 0.337904
9.881131 1.967394 0.426118 0.380603
9.882034 1.921807 0.343466 0.335456
9.889340 1.914590 0.330609 0.313906
9.893876 1.971418 0.400387 0.351977
9.900318 1.933807 0.292674 0.269664
9.904012 1.912872 0.308658 0.293174
9.906265 1.927012 0.365970 0.343370
9.912536 1.967419 0.424982 0.379418
9.928641 1.942271 0.433259 0.402606
9.930783 1.970727 0.401171 0.353189
9.933766 1.941696 0.421925 0.390746
9.941604 1.935235 0.418631 0.391541
9.941698 1.967456 0.423834 0.378216
9.962523 1.970005 0.401975 0.354440
9.973458 1.912934 0.308956 0.293455
9.979660 1.927575 0.311480 0.291019
9.981234 1.967654 0.422764 0.377004
9.988183 1.941097 0.421408 0.390579
9.988959 1.914652 0.330418 0.313679
9.992512 1.969209 0.402741 0.355710
10.010862 1.935429 0.419387 0.392211
10.011038 1.968552 0.403647 0.357033
10.014472 1.967919 0.421692 0.375759
10.018294 1.926570 0.365690 0.343295
10.022825 1.933692 0.293259 0.270175
10.041333 1.942270 0.433714 0.403071
10.041502 1.968041 0.404627 0.358345
10.043547 1.913027 0.309248 0.293705
10.047486 1.968177 0.420600 0.374511
10.049469 1.940611 0.420933 0.390382
10.061129 1.967621 0.405682 0.359679
10.075894 1.968491 0.419511 0.373228
10.079256 1.935618 0.420150 0.392876
10.087210 1.967430 0.406828 0.360976
10.087668 1.914644 0.330170 0.313439
10.096600 1.927658 0.312091 0.291395
10.100295 1.967317 0.408030 0.362275
10.102859 1.968803 0.418395 0.371925
10.102941 1.940097 0.420367 0.390106
10.113317 1.967420 0.409302 0.363514
10.113958 1.913121 0.309550 0.293964
10.118025 1.968925 0.417173 0.370619
10.126635 1.926027 0.365453 0.343328
10.130088 1.967723 0.410616 0.364681
10.134154 1.968881 0.415883 0.369338
10.135597 1.968055 0.411957 0.365850
10.137501 1.968714 0.414667 0.368208
10.139484 1.968428 0.413314 0.367007
10.142648 1.933637 0.293841 0.270656
10.145576 1.935583 0.420913 0.393668
10.154025 1.939555 0.419794 0.389835
10.155522 1.942160 0.434062 0.403488
10.185027 1.914597 0.329935 0.313230
10.186173 1.913169 0.309808 0.294196
10.203448 1.939020 0.419210 0.389551
10.216672 1.927742 0.312697 0.291752
10.218181 1.935717 0.421622 0.394296
10.234631 1.925507 0.365204 0.343352
10.254869 1.938491 0.418653 0.389292
10.255706 1.913187 0.310117 0.294507
10.259623 1.941651 0.434310 0.404044
10.260110 1.933624 0.294382 0.271104
10.278972 1.914580 0.329650 0.312948
10.286524 1.935930 0.422368 0.394937
10.305184 1.937913 0.418123 0.389093
10.328246 1.913232 0.310363 0.294724
10.335489 1.927798 0.313344 0.292173
10.339613 1.924930 0.364971 0.343435
10.349125 1.936114 0.423140 0.395631
10.356048 1.937355 0.417590 0.388886
10.369895 1.933582 0.294978 0.271632
10.371225 1.914570 0.329355 0.312651
10.373250 1.941292 0.434330 0.404272
10.399920 1.913220 0.310639 0.295005
10.403508 1.936267 0.423966 0.396397
10.404731 1.936758 0.417061 0.388712
10.443799 1.924365 0.364707 0.343490
10.447532 1.936421 0.424844 0.397231
10.454654 1.928031 0.314081 0.292558
10.458165 1.936190 0.416590 0.388587
10.460137 1.940416 0.433751 0.404189
10.462301 1.914464 0.329052 0.312404
10.470878 1.913195 0.310906 0.295290
10.476881 1.936599 0.425791 0.398125
10.477235 1.933605 0.295571 0.272135
10.499480 1.936754 0.426754 0.399060
10.508089 1.935658 0.416070 0.388390
10.517880 1.936975 0.427749 0.399985
10.539931 1.939629 0.433018 0.403897
10.541132 1.913093 0.311148 0.295590
10.549163 1.923846 0.364431 0.343524
10.550366 1.914338 0.328712 0.312126
10.551360 1.937302 0.428740 0.400842
10.563879 1.935164 0.415617 0.388233
10.571574 1.937728 0.429799 0.401696
10.577786 1.928131 0.314788 0.292999
10.580131 1.933662 0.296210 0.272670
10.583879 1.938945 0.431979 0.403235
10.589979 1.938164 0.430884 0.402564
10.611553 1.913025 0.311388 0.295873
10.618334 1.934732 0.415127 0.387981
10.632828 1.914204 0.328273 0.311747
10.656009 1.923375 0.364155 0.343528
10.678695 1.934431 0.414709 0.387716
10.679132 1.912865 0.311646 0.296230
10.681523 1.933833 0.296856 0.273154
10.712292 1.914019 0.327799 0.311363
10.718255 1.928259 0.315603 0.293530
10.740427 1.934193 0.414334 0.387458
10.747329 1.912681 0.311859 0.296555
10.762712 1.922919 0.363842 0.343494
10.783157 1.933946 0.297493 0.273636
10.787980 1.913925 0.327297 0.310895
10.803618 1.933993 0.413986 0.387212
10.813965 1.912499 0.312096 0.296898
10.847921 1.928186 0.316338 0.294099
10.863065 1.933738 0.413580 0.386942
10.866791 1.913684 0.326842 0.310568
10.869774 1.922476 0.363522 0.343450
10.877113 1.912306 0.312365 0.297278
10.885322 1.934031 0.298129 0.274127
10.922571 1.933489 0.413177 0.386681
10.938157 1.912130 0.312645 0.297652
10.943802 1.913440 0.326369 0.310227
10.980156 1.922138 0.363200 0.343343
10.980952 1.933206 0.412775 0.386440
10.981695 1.928130 0.317097 0.294677
10.982740 1.934078 0.298849 0.274695
10.995172 1.911920 0.312930 0.298053
11.020983 1.913240 0.325926 0.309895
11.035516 1.932875 0.412328 0.386184
11.051966 1.911774 0.313245 0.298440
11.077707 1.934071 0.299601 0.275315
11.090978 1.921786 0.362881 0.343245
11.091760 1.932531 0.411886 0.385939
11.094920 1.913057 0.325458 0.309526
11.104275 1.911633 0.313601 0.298859
11.118750 1.928157 0.317933 0.295269
11.147135 1.932155 0.411427 0.385696
11.156343 1.911558 0.313989 0.299272
11.160743 1.912867 0.324908 0.309079
11.172205 1.934139 0.300390 0.275916
11.202080 1.931772 0.410940 0.385431
11.202642 1.921432 0.362592 0.343167
11.204834 1.911466 0.314392 0.299702
11.217262 1.912688 0.324391 0.308658
11.251626 1.911462 0.314828 0.300109
11.257340 1.931376 0.410433 0.385149
11.258312 1.928069 0.318798 0.295948
11.265619 1.934175 0.301188 0.276546
11.273536 1.912508 0.323803 0.308166
11.298211 1.911524 0.315288 0.300494
11.310038 1.930915 0.409887 0.384860
11.317006 1.921130 0.362377 0.343125
11.327760 1.912378 0.323218 0.307650
11.339675 1.911639 0.315804 0.300900
11.357664 1.934240 0.302028 0.277196
11.364855 1.930491 0.409321 0.384525
11.374672 1.911774 0.316386 0.301359
11.378098 1.912235 0.322613 0.307122
11.403419 1.928075 0.319691 0.296614
11.407835 1.911860 0.316986 0.301872
11.412249 1.912166 0.321935 0.306470
11.421434 1.930144 0.408725 0.384112
11.431660 1.920765 0.362144 0.343094
11.439364 1.911986 0.317634 0.302400
11.440501 1.934194 0.302914 0.277968
11.442559 1.912117 0.321251 0.305807
11.459617 1.912108 0.320534 0.305096
11.460171 1.912033 0.318335 0.303027
11.470739 1.912115 0.319813 0.304384
11.472655 1.912056 0.319062 0.303700
11.480222 1.929886 0.408116 0.383634
11.518695 1.934143 0.303854 0.278790
11.541013 1.929733 0.407479 0.383069
11.546557 1.920407 0.361814 0.342958
11.552732 1.928028 0.320608 0.297331
11.598399 1.934105 0.304797 0.279626
11.606051 1.929620 0.406838 0.382480
11.663876 1.920070 0.361456 0.342792
11.669540 1.929547 0.406127 0.381802
11.673536 1.933991 0.305778 0.280548
11.705109 1.928011 0.321577 0.298089
11.733952 1.929442 0.405376 0.381098
11.745999 1.933898 0.306805 0.281499
11.782879 1.919779 0.361039 0.342552
11.799755 1.929310 0.404579 0.380367
11.817480 1.933776 0.307886 0.282536
11.860650 1.927862 0.322528 0.298922
11.872046 1.929141 0.403782 0.379659
11.887462 1.933632 0.309007 0.283636
11.903169 1.919624 0.360582 0.342189
11.942884 1.928891 0.402916 0.378926
11.961838 1.933575 0.310170 0.284746
12.008478 1.928555 0.401983 0.378174
12.019317 1.927622 0.323447 0.299794
12.022740 1.919638 0.360057 0.341653
12.038203 1.933452 0.311341 0.285912
12.078993 1.928217 0.401033 0.377408
12.109612 1.933363 0.312583 0.287140
12.146413 1.919534 0.359507 0.341168
12.148187 1.927799 0.400021 0.376624
12.177721 1.927410 0.324401 0.300711
12.178906 1.933228 0.313857 0.288431
12.223111 1.927371 0.399000 0.375837
12.248348 1.933064 0.315142 0.289748
12.267515 1.919595 0.358867 0.340490
12.296299 1.926882 0.397917 0.375031
12.316538 1.932807 0.316410 0.291099
12.333169 1.927185 0.325393 0.301700
12.370607 1.926382 0.396807 0.374204
12.384548 1.919629 0.358090 0.339688
12.386627 1.932522 0.317668 0.292467
12.443290 1.925895 0.395658 0.373326
12.461074 1.932222 0.318917 0.293836
12.484726 1.926907 0.326419 0.302769
12.502877 1.919659 0.357262 0.338842
12.518808 1.925411 0.394497 0.372431
12.533742 1.931876 0.320175 0.295241
12.593126 1.924986 0.393325 0.371490
12.600437 1.931491 0.321474 0.296718
12.611086 1.919841 0.356321 0.337782
12.637144 1.926665 0.327438 0.303838
12.664615 1.931067 0.322777 0.298222
12.674251 1.924570 0.392178 0.370557
12.710063 1.920041 0.355261 0.336590
12.734532 1.930692 0.324105 0.299717
12.755615 1.924125 0.391016 0.369624
12.779840 1.926321 0.328536 0.305052
12.797439 1.930365 0.325500 0.301233
12.804155 1.920279 0.354144 0.335312
12.837610 1.923719 0.389849 0.368660
12.854813 1.930038 0.326919 0.302762
12.891956 1.920616 0.353010 0.333946
12.906878 1.929625 0.328327 0.304322
12.918179 1.925900 0.329630 0.306319
12.918274 1.923405 0.388674 0.367637
12.958030 1.929131 0.329694 0.305894
12.969499 1.920998 0.351833 0.332498
12.997085 1.923137 0.387490 0.366576
13.009459 1.928674 0.331081 0.307472
13.020214 1.921340 0.350514 0.330921
13.051816 1.928103 0.332437 0.309089
13.054522 1.925392 0.330679 0.307613
13.073699 1.921669 0.349179 0.329335
13.075900 1.922879 0.386300 0.365507
13.091016 1.927420 0.333734 0.310719
13.111600 1.922079 0.347812 0.327680
13.121892 1.926786 0.335087 0.312374
13.148743 1.926182 0.336467 0.314045
13.148754 1.922552 0.346443 0.326005
13.153814 1.922603 0.385096 0.364435
13.160450 1.925430 0.337790 0.315760
13.184244 1.923029 0.345043 0.324312
13.184492 1.924886 0.331779 0.308977
13.189784 1.925015 0.339265 0.317438
13.201368 1.923464 0.343582 0.322593
13.207193 1.924464 0.340686 0.319151
13.215979 1.923958 0.342136 0.320875
13.236880 1.922490 0.383948 0.363327
13.309439 1.922333 0.382725 0.362168
13.314019 1.924379 0.332862 0.310343
13.382755 1.922234 0.381523 0.361001
13.437408 1.923848 0.333975 0.311765
13.452275 1.922141 0.380294 0.359809
13.519226 1.921990 0.379025 0.358623
13.556242 1.923313 0.335097 0.313213
13.592972 1.921839 0.377773 0.357463
13.661830 1.921555 0.376452 0.356308
13.667553 1.922719 0.336230 0.314725
13.732428 1.921209 0.375118 0.355174
13.767729 1.922039 0.337382 0.316305
13.794390 1.920780 0.373712 0.354014
13.846951 1.920266 0.372241 0.352833
13.862911 1.921382 0.338571 0.317910
13.910391 1.919784 0.370796 0.351661
13.952613 1.920825 0.339841 0.319540
13.984709 1.919394 0.369383 0.350465
14.023698 1.920326 0.341111 0.321130
14.055768 1.918942 0.367927 0.349263
14.101059 1.919889 0.342579 0.322889
14.123030 1.918598 0.366448 0.347971
14.167765 1.919501 0.344104 0.324675
14.190323 1.918242 0.364953 0.346671
14.237404 1.919100 0.345589 0.326435
14.260402 1.917972 0.363203 0.345057
14.297525 1.917736 0.361592 0.343558
14.300052 1.918780 0.347108 0.328178
14.332660 1.917619 0.359994 0.342002
14.344353 1.918439 0.348693 0.330000
14.367618 1.917567 0.358401 0.340412
14.382337 1.918252 0.350327 0.331780
14.392649 1.917576 0.356792 0.338766
14.395762 1.917981 0.351940 0.333583
14.410273 1.917707 0.355197 0.337064
14.415992 1.917830 0.353571 0.335337