-2.558386 1.018507 1.522405 0.292339
-2.557869 1.016141 1.520950 0.290679
-2.552245 1.020834 1.523973 0.294316
-2.550603 1.014003 1.519643 0.289118
-2.549076 1.005227 1.607593 0.278306
-2.544143 1.003192 1.608111 0.276936
-2.539309 1.023321 1.525573 0.296263
-2.537087 1.001369 1.608594 0.275708
-2.526550 1.025986 1.527216 0.298209
-2.525953 0.999679 1.609116 0.274795
-2.524680 1.207843 1.622621 0.313800
-2.521289 1.210214 1.622922 0.313818
-2.516982 1.211863 1.623159 0.313847
-2.515571 0.998248 1.609583 0.273843
-2.514519 1.212978 1.623442 0.313919
-2.513847 1.204803 1.622134 0.313765
-2.512774 1.028640 1.528819 0.300293
-2.502488 1.201030 1.621678 0.313756
-2.501487 1.213203 1.623542 0.313481
-2.500686 0.997059 1.610002 0.273179
-2.500336 1.031352 1.530327 0.302281
-2.493141 1.191496 1.620845 0.313586
-2.492298 1.212357 1.623633 0.313019
-2.491418 1.196600 1.621174 0.313580
-2.487800 1.210970 1.623743 0.312987
-2.487034 0.995964 1.610391 0.272729
-2.486299 1.185897 1.620343 0.313302
-2.483333 1.034016 1.531711 0.304088
-2.481371 1.179916 1.619903 0.312761
-2.479903 1.209308 1.623765 0.312766
-2.474199 0.995042 1.610730 0.272235
-2.472422 1.036847 1.609813 0.271601
-2.472224 1.207353 1.623784 0.312281
-2.471516 1.036700 1.532858 0.305847
-2.470507 1.040593 1.609512 0.272515
-2.468389 1.033218 1.610175 0.271167
-2.464164 1.029835 1.610634 0.270333
-2.462233 1.205151 1.623749 0.311757
-2.459856 0.994375 1.611006 0.271912
-2.457550 1.039401 1.533793 0.307196
-2.455789 1.026667 1.611039 0.269434
-2.455613 1.173970 1.619249 0.312249
-2.453007 1.044403 1.609211 0.273328
-2.450705 1.023736 1.611390 0.268396
-2.446110 0.993867 1.611228 0.271635
-2.445202 1.202887 1.623621 0.311171
-2.445121 1.021044 1.611609 0.267364
-2.442377 1.042218 1.534511 0.308002
-2.436857 1.018516 1.611760 0.266925
-2.434245 1.016168 1.611890 0.266612
-2.432968 0.993694 1.611331 0.271280
-2.431787 1.143844 1.627379 0.304929
-2.431007 1.045258 1.535019 0.308068
-2.430906 1.054771 1.522486 0.283272
-2.429945 1.142865 1.627187 0.305062
-2.428447 1.144848 1.627452 0.304625
-2.427405 1.014065 1.611969 0.266303
-2.423686 1.200647 1.623396 0.310469
-2.422845 1.012110 1.611999 0.266048
-2.422629 1.141963 1.626937 0.305105
-2.421312 1.145897 1.627424 0.304364
-2.420997 0.993720 1.611382 0.270958
-2.420228 1.168167 1.618579 0.311913
-2.417466 1.010325 1.611986 0.265879
-2.416647 0.994260 1.611491 0.270468
-2.415942 1.048338 1.535431 0.308147
-2.413178 0.994841 1.611616 0.269976
-2.412922 1.008660 1.611985 0.265940
-2.411182 1.146948 1.627328 0.304132
-2.410681 1.058765 1.523282 0.284125
-2.410571 1.140981 1.626770 0.304991
-2.408388 0.995454 1.611745 0.269502
-2.407725 1.007159 1.612004 0.266073
-2.403920 1.005731 1.612044 0.266224
-2.403451 0.996069 1.611845 0.269005
-2.401867 1.198322 1.623101 0.309715
-2.401310 1.004379 1.612090 0.266408
-2.400920 0.996797 1.611916 0.268564
-2.400400 1.051592 1.535729 0.308089
-2.399223 0.997592 1.611980 0.268071
-2.399172 1.148055 1.627203 0.303923
-2.399106 1.003077 1.612115 0.266612
-2.398590 1.001816 1.612114 0.266792
-2.398038 0.998506 1.612026 0.267708
-2.397834 1.000646 1.612092 0.267131
-2.396881 0.999537 1.612053 0.267436
-2.390315 1.140080 1.626653 0.304777
-2.389310 1.063008 1.523950 0.284319
-2.388304 1.162307 1.618000 0.311690
-2.384096 1.054982 1.536018 0.307935
-2.382446 1.149121 1.627068 0.303799
-2.379652 1.195973 1.622764 0.308924
-2.368294 1.058477 1.536340 0.307722
-2.362594 1.150159 1.626857 0.303693
-2.362105 1.139236 1.626586 0.304497
-2.356475 1.193600 1.622375 0.308235
-2.354711 1.156513 1.617478 0.311692
-2.352989 1.067007 1.524509 0.284567
-2.352424 1.061996 1.536680 0.307158
-2.341181 1.151260 1.626561 0.303690
-2.333009 1.191308 1.621945 0.307518
-2.332879 1.065489 1.537130 0.306756
-2.326263 1.138395 1.626507 0.304323
-2.321152 1.150779 1.617013 0.311684
-2.318739 1.152399 1.626181 0.303790
-2.313410 1.070991 1.524943 0.285306
-2.312981 1.068997 1.537666 0.306576
-2.310783 1.189047 1.621489 0.306908
-2.295170 1.153531 1.625731 0.303942
-2.294029 1.072515 1.538257 0.306414
-2.292018 1.186855 1.621079 0.306285
-2.287631 1.145153 1.616593 0.311794
-2.282212 1.137664 1.626547 0.304268
-2.275124 1.184924 1.620709 0.305530
-2.274169 1.075990 1.538926 0.306350
-2.272042 1.154726 1.625201 0.304135
-2.268760 1.074881 1.525327 0.286142
-2.259328 1.183188 1.620402 0.304908
-2.251981 1.139734 1.616216 0.311718
-2.251275 1.079378 1.539681 0.306531
-2.250666 1.155972 1.624613 0.304285
-2.244595 1.181661 1.620132 0.304508
-2.232346 1.136848 1.626532 0.303994
-2.231907 1.157231 1.623960 0.304454
-2.231569 1.082828 1.540371 0.306946
-2.231554 1.180315 1.619881 0.304174
-2.221522 1.078805 1.525623 0.286849
-2.219533 1.158619 1.623311 0.304739
-2.219273 1.179132 1.619654 0.304008
-2.214086 1.134500 1.615908 0.311747
-2.210886 1.160060 1.622619 0.304887
-2.210662 1.086260 1.540948 0.307286
-2.209476 1.177984 1.619467 0.304008
-2.201315 1.161473 1.621914 0.304701
-2.200091 1.176928 1.619285 0.304146
-2.192991 1.175860 1.619133 0.304453
-2.190802 1.162852 1.621215 0.304364
-2.189475 1.089716 1.541446 0.307519
-2.186408 1.174872 1.619012 0.304721
-2.182980 1.164331 1.620631 0.304305
-2.180232 1.174014 1.618912 0.304883
-2.177804 1.082959 1.525861 0.287625
-2.177549 1.135982 1.626451 0.303785
-2.176951 1.165688 1.620082 0.304032
-2.176213 1.173228 1.618838 0.304868
-2.175896 1.129432 1.615656 0.311913
-2.174143 1.172471 1.618824 0.304855
-2.173612 1.171743 1.618828 0.304559
-2.173589 1.166972 1.619652 0.303966
-2.172481 1.169085 1.619124 0.304068
-2.172379 1.168086 1.619338 0.303985
-2.172282 1.170908 1.618883 0.304455
-2.171373 1.170007 1.618971 0.304330
-2.166720 1.093129 1.541892 0.307696
-2.147825 1.096617 1.542298 0.307778
-2.135000 1.124688 1.615418 0.311981
-2.130678 1.086989 1.526046 0.288250
-2.129546 1.100123 1.542674 0.307900
-2.118632 1.135046 1.626280 0.303475
-2.112472 1.103695 1.542998 0.308016
-2.096784 1.107332 1.543242 0.308125
-2.091739 1.120286 1.615182 0.311936
-2.082746 1.111025 1.543473 0.308269
-2.077200 1.090596 1.526290 0.289012
-2.071053 1.114805 1.543641 0.308350
-2.062184 1.118654 1.543683 0.308375
-2.055489 1.134125 1.626068 0.303221
-2.054919 1.122578 1.543623 0.308473
-2.050741 1.116048 1.614947 0.311755
-2.046679 1.126544 1.543448 0.308623
-2.038006 1.130522 1.543154 0.308903
-2.028451 1.134519 1.542712 0.308982
-2.022633 1.093927 1.526522 0.290006
-2.018140 1.138520 1.542135 0.309102
-2.011899 1.111962 1.614713 0.311557
-2.009084 1.142538 1.541405 0.309339
-2.002879 1.146572 1.540590 0.309445
-1.994680 1.150609 1.539709 0.309551
-1.989633 1.133023 1.625822 0.302820
-1.985554 1.154640 1.538829 0.309540
-1.974285 1.158651 1.537914 0.309437
-1.973938 1.108106 1.614504 0.311404
-1.966592 1.097088 1.526720 0.290907
-1.965083 1.162686 1.537028 0.309406
-1.958331 1.166767 1.536144 0.309491
-1.950285 1.170838 1.535268 0.309494
-1.941785 1.174880 1.534410 0.309536
-1.939202 1.104417 1.614263 0.311305
-1.934006 1.172320 1.621976 0.300107
-1.926329 1.176154 1.623333 0.299795
-1.921469 1.131737 1.625485 0.302505
-1.919325 1.179953 1.624665 0.299638
-1.913971 1.183713 1.625922 0.299379
-1.911151 1.100235 1.526919 0.291626
-1.907345 1.100964 1.614006 0.311146
-1.903157 1.187339 1.627101 0.299204
-1.887922 1.190781 1.628241 0.299128
-1.877484 1.097850 1.613739 0.310859
-1.875952 1.194115 1.629343 0.298849
-1.869064 1.197309 1.630369 0.298430
-1.862289 1.200330 1.631341 0.298071
-1.861897 1.082333 1.612085 0.304688
-1.861788 1.081339 1.612101 0.304327
-1.860418 1.080345 1.612231 0.303902
-1.858418 1.079351 1.612474 0.303394
-1.856679 1.103415 1.527051 0.292190
-1.856551 1.083186 1.612165 0.305159
-1.852776 1.078358 1.612844 0.302842
-1.852559 1.203192 1.632278 0.297852
-1.851644 1.130352 1.625067 0.302057
-1.851584 1.095001 1.613499 0.310615
-1.849058 1.084059 1.612289 0.305321
-1.845646 1.084869 1.612555 0.305804
-1.840895 1.205898 1.633177 0.297517
-1.839667 1.077502 1.613334 0.302458
-1.837143 1.085503 1.612794 0.306250
-1.830086 1.092480 1.613256 0.310190
-1.828152 1.086130 1.612985 0.306524
-1.827558 1.208471 1.634031 0.297103
-1.824023 1.086826 1.613140 0.306838
-1.823905 1.076697 1.613958 0.301958
-1.822039 1.087411 1.613252 0.307265
-1.816331 1.088001 1.613254 0.307392
-1.811536 1.088588 1.613228 0.307542
-1.810617 1.210874 1.634855 0.296729
-1.810107 1.090399 1.613071 0.309691
-1.806947 1.075794 1.614720 0.301343
-1.806554 1.089196 1.613215 0.307588
-1.805421 1.087971 1.612548 0.308624
-1.804678 1.088998 1.612727 0.308618
-1.802887 1.086937 1.612381 0.308421
-1.802428 1.089969 1.612937 0.308515
-1.801221 1.089852 1.613218 0.307617
-1.800873 1.106430 1.527151 0.292680
-1.799185 1.085951 1.612251 0.308043
-1.797820 1.090869 1.613135 0.308348
-1.796991 1.090573 1.613248 0.307618
-1.794262 1.088647 1.612926 0.309135
-1.793795 1.091724 1.613333 0.308137
-1.793730 1.091322 1.613302 0.307681
-1.792682 1.213171 1.635612 0.296334
-1.790395 1.092070 1.613390 0.307724
-1.789574 1.085162 1.612207 0.307498
-1.788973 1.092488 1.613494 0.308009
-1.788335 1.092795 1.613515 0.307738
-1.787921 1.074834 1.615572 0.300646
-1.785556 1.093411 1.613619 0.307775
-1.785233 1.093879 1.613707 0.307846
-1.784752 1.093135 1.613605 0.308011
-1.782366 1.094085 1.613739 0.307894
-1.782121 1.093649 1.613684 0.307966
-1.781384 1.094150 1.613733 0.307875
-1.781215 1.093987 1.613716 0.307871
-1.781167 1.087198 1.612807 0.308548
-1.780928 1.128805 1.624496 0.301680
-1.776571 1.084540 1.612199 0.306915
-1.771735 1.215336 1.636318 0.296089
-1.770678 1.086025 1.612711 0.307932
-1.767403 1.073784 1.616433 0.299886
-1.765344 1.084152 1.612181 0.306125
-1.763718 1.085066 1.612608 0.307280
-1.758995 1.084316 1.612539 0.306648
-1.756707 1.083734 1.612181 0.305416
-1.753710 1.083787 1.612462 0.306073
-1.750842 1.083358 1.612393 0.305608
-1.750767 1.083371 1.612184 0.304977
-1.749496 1.217442 1.636948 0.295828
-1.747948 1.083125 1.612210 0.304838
-1.747700 1.083125 1.612318 0.305200
-1.747218 1.072562 1.617259 0.299079
-1.745236 1.083003 1.612244 0.304910
-1.744567 1.109344 1.527251 0.293117
-1.725428 1.219497 1.637506 0.295580
-1.723738 1.071354 1.618090 0.298425
-1.709415 1.127143 1.623820 0.301358
-1.699411 1.070002 1.618951 0.298012
-1.697307 1.221423 1.638014 0.295474
-1.690361 1.112324 1.527450 0.293733
-1.670030 1.068988 1.619824 0.298248
-1.666703 1.223287 1.638503 0.295452
-1.641497 1.067700 1.620630 0.298696
-1.638497 1.125290 1.623050 0.300727
-1.636431 1.115201 1.527677 0.294351
-1.633051 1.225067 1.638991 0.295449
-1.613438 1.066215 1.621379 0.299428
-1.595196 1.226720 1.639473 0.295501
-1.584452 1.117956 1.528032 0.295245
-1.582977 1.064853 1.622093 0.300465
-1.565342 1.123514 1.622287 0.300693
-1.554949 1.228409 1.639904 0.295465
-1.550451 1.063575 1.622821 0.301636
-1.535113 1.120658 1.528466 0.296229
-1.517802 1.062161 1.623473 0.302840
-1.510218 1.229916 1.640318 0.295509
-1.490472 1.121875 1.621514 0.300599
-1.487478 1.060371 1.624068 0.304016
-1.486988 1.123222 1.528887 0.297258
-1.460620 1.231214 1.640714 0.295569
-1.457827 1.058438 1.624596 0.305247
-1.438616 1.125690 1.529204 0.298045
-1.427123 1.056422 1.625064 0.306476
-1.416811 1.120021 1.620701 0.300320
-1.407202 1.232428 1.641075 0.295570
-1.397902 1.054199 1.625505 0.307742
-1.388037 1.127850 1.529456 0.298867
-1.368962 1.051845 1.625893 0.309041
-1.349892 1.233590 1.641421 0.295600
-1.343775 1.118089 1.619937 0.300071
-1.342871 1.049279 1.626259 0.310365
-1.338475 1.070071 1.622842 0.304457
-1.338064 1.129958 1.529703 0.299521
-1.337073 1.073282 1.622507 0.305067
-1.335451 1.067413 1.623146 0.303886
-1.330121 1.065398 1.623405 0.303260
-1.328808 1.076990 1.622142 0.305556
-1.322850 1.064021 1.623570 0.302647
-1.316452 1.046619 1.626591 0.311695
-1.314886 1.081133 1.621697 0.305719
-1.314770 1.063305 1.623706 0.301916
-1.303245 1.063521 1.623842 0.301244
-1.298384 1.085612 1.621192 0.305488
-1.295137 1.064543 1.624030 0.300961
-1.290463 1.043880 1.626889 0.313025
-1.290072 1.132041 1.529908 0.300219
-1.288372 1.234619 1.641790 0.295637
-1.283395 1.065820 1.624145 0.300484
-1.275763 1.090336 1.620613 0.305499
-1.271971 1.116032 1.619218 0.299890
-1.271201 1.067419 1.624251 0.299815
-1.260309 1.041319 1.627165 0.314390
-1.259364 1.069100 1.624313 0.298682
-1.248374 1.070919 1.624362 0.297403
-1.246864 1.095193 1.619938 0.305427
-1.241313 1.133799 1.530124 0.300873
-1.235023 1.072734 1.624421 0.295988
-1.230623 1.038807 1.627435 0.315805
-1.223139 1.235602 1.642159 0.295640
-1.218183 1.074483 1.624482 0.294553
-1.216856 1.100212 1.619228 0.305080
-1.200993 1.076145 1.624555 0.293003
-1.199131 1.114152 1.618543 0.300022
-1.198535 1.036471 1.627660 0.317126
-1.195284 1.135529 1.530309 0.301572
-1.189058 1.105371 1.618458 0.304395
-1.177922 1.077662 1.624681 0.291552
-1.166472 1.034237 1.627868 0.318306
-1.159899 1.110539 1.617668 0.303581
-1.153683 1.236336 1.642512 0.295589
-1.149247 1.136881 1.530489 0.302398
-1.149053 1.078917 1.624817 0.290168
-1.140763 1.115861 1.616906 0.302482
-1.134511 1.032030 1.628035 0.319143
-1.127468 1.112156 1.617932 0.300305
-1.123638 1.127515 1.532034 0.310495
-1.114966 1.079931 1.624920 0.288890
-1.106916 1.132758 1.533407 0.309421
-1.103260 1.131408 1.617465 0.293982
-1.100951 1.030020 1.628174 0.319827
-1.091275 1.213340 1.568675 0.304550
-1.090685 1.137963 1.534787 0.308471
-1.089535 1.210629 1.567670 0.304880
-1.089151 1.215886 1.569665 0.304032
-1.088143 1.218246 1.570518 0.303267
-1.085146 1.220498 1.571382 0.302519
-1.084969 1.207798 1.566608 0.304748
-1.082642 1.084722 1.530817 0.295917
-1.082583 1.081281 1.529789 0.295626
-1.082389 1.222592 1.572152 0.301668
-1.081791 1.088286 1.531852 0.296229
-1.081381 1.237032 1.642818 0.295453
-1.079644 1.224571 1.572877 0.300833
-1.079554 1.204879 1.565601 0.304449
-1.078979 1.077998 1.528861 0.295218
-1.078333 1.091903 1.532953 0.296552
-1.077045 1.095626 1.533939 0.296674
-1.076630 1.080670 1.624970 0.287653
-1.075918 1.201877 1.564537 0.304048
-1.075879 1.074898 1.528059 0.294735
-1.075841 1.226409 1.573566 0.299936
-1.074748 1.198826 1.563444 0.303587
-1.074669 1.143132 1.536196 0.307499
-1.073521 1.228207 1.574212 0.299134
-1.073096 1.099421 1.534912 0.296739
-1.072011 1.195741 1.562415 0.303074
-1.070161 1.229941 1.574823 0.298399
-1.069424 1.192584 1.561390 0.302628
-1.069119 1.103282 1.535779 0.296729
-1.066623 1.072069 1.527388 0.293990
-1.066551 1.189387 1.560361 0.302238
-1.064649 1.028248 1.628290 0.320258
-1.063738 1.231550 1.575388 0.297654
-1.063645 1.186155 1.559359 0.301895
-1.061692 1.107181 1.536656 0.296592
-1.060729 1.182856 1.558328 0.301552
-1.059537 1.169142 1.553928 0.300461
-1.059467 1.179473 1.557245 0.301356
-1.059089 1.161951 1.551604 0.300057
-1.058933 1.165585 1.552794 0.300306
-1.058459 1.158268 1.550331 0.299669
-1.058262 1.233161 1.575939 0.297200
-1.057930 1.148221 1.537586 0.306608
-1.057801 1.172618 1.555035 0.300778
-1.057465 1.176069 1.556146 0.301005
-1.057436 1.132155 1.617665 0.294694
-1.055766 1.110197 1.617443 0.300595
-1.055096 1.154531 1.549048 0.299254
-1.054898 1.111078 1.537465 0.296520
-1.054646 1.069458 1.526833 0.293308
-1.053697 1.234618 1.576521 0.296722
-1.051310 1.150751 1.547750 0.298734
-1.047523 1.146907 1.546455 0.298182
-1.047132 1.235934 1.577247 0.296402
-1.046610 1.114971 1.538289 0.296357
-1.042744 1.067142 1.526406 0.292431
-1.041808 1.143004 1.545232 0.297717
-1.041546 1.118917 1.539144 0.296283
-1.041118 1.237131 1.578068 0.296374
-1.039115 1.138995 1.544082 0.297410
-1.038550 1.153160 1.539015 0.305811
-1.036124 1.122893 1.540045 0.296209
-1.035286 1.238183 1.578884 0.296284
-1.035180 1.081234 1.624972 0.286352
-1.034394 1.134983 1.543009 0.296989
-1.034106 1.126898 1.540995 0.296461
-1.031575 1.130943 1.541995 0.296577
-1.027191 1.239029 1.579717 0.296072
-1.026619 1.065079 1.526101 0.291740
-1.026075 1.026640 1.628368 0.320384
-1.020276 1.157991 1.540446 0.305019
-1.017675 1.239807 1.580616 0.295887
-1.011162 1.132572 1.617834 0.295404
-1.009180 1.063216 1.525882 0.291067
-1.007196 1.237672 1.643101 0.295334
-1.003625 1.162705 1.541857 0.304205
-1.001913 1.240127 1.581555 0.295859
-0.989190 1.081500 1.624929 0.285074
-0.988788 1.061527 1.525732 0.290453
-0.986225 1.167252 1.543295 0.303498
-0.984559 1.108270 1.617113 0.300957
-0.984514 1.025272 1.628410 0.320361
-0.984400 1.240360 1.582455 0.295983
-0.972069 1.171651 1.544697 0.302813
-0.965071 1.059920 1.525601 0.290169
-0.964687 1.132715 1.618046 0.296201
-0.964234 1.240401 1.583339 0.295868
-0.957814 1.175878 1.546106 0.302175
-0.942918 1.240644 1.584191 0.296023
-0.942633 1.179946 1.547536 0.301485
-0.939858 1.024105 1.628419 0.320170
-0.939731 1.058337 1.525389 0.289757
-0.938486 1.081409 1.624873 0.283764
-0.932035 1.238429 1.643341 0.295273
-0.927552 1.183868 1.548988 0.300916
-0.918410 1.240503 1.585033 0.296049
-0.917184 1.132668 1.618268 0.296933
-0.914900 1.106332 1.616909 0.301195
-0.908946 1.056914 1.525088 0.289356
-0.905944 1.187523 1.550497 0.300352
-0.892258 1.023114 1.628417 0.319781
-0.891274 1.240617 1.585750 0.296075
-0.890278 1.191165 1.551949 0.299869
-0.881577 1.080982 1.624816 0.282592
-0.875701 1.194686 1.553399 0.299464
-0.874153 1.055437 1.524645 0.289023
-0.869414 1.132329 1.618475 0.297671
-0.861802 1.198116 1.554804 0.298916
-0.861064 1.240506 1.586359 0.295941
-0.855624 1.239064 1.643545 0.295298
-0.847172 1.104556 1.616771 0.301515
-0.841353 1.022319 1.628401 0.319254
-0.840689 1.201328 1.556204 0.298323
-0.832713 1.054307 1.524167 0.288558
-0.827374 1.240476 1.586844 0.295731
-0.821175 1.131751 1.618631 0.298313
-0.819530 1.080149 1.624791 0.281327
-0.814671 1.204362 1.557643 0.297937
-0.790277 1.240233 1.587296 0.295534
-0.786740 1.053310 1.523567 0.288176
-0.786473 1.021733 1.628392 0.318746
-0.784955 1.207249 1.559050 0.297518
-0.780364 1.103101 1.616654 0.301955
-0.778775 1.239827 1.643730 0.295411
-0.773178 1.131120 1.618693 0.299079
-0.753508 1.210035 1.560393 0.297061
-0.753004 1.078758 1.624800 0.279968
-0.750370 1.239998 1.587635 0.295142
-0.738463 1.052266 1.523037 0.287775
-0.727823 1.021321 1.628368 0.318129
-0.725983 1.130207 1.618722 0.299859
-0.720284 1.101001 1.616558 0.301830
-0.718818 1.212657 1.561739 0.296660
-0.707672 1.239654 1.587888 0.294629
-0.701340 1.240568 1.643907 0.295721
-0.688603 1.051158 1.522525 0.287428
-0.684165 1.076672 1.624838 0.278571
-0.682995 1.215231 1.563042 0.296369
-0.679188 1.129139 1.618706 0.300621
-0.673663 1.107511 1.602020 0.274105
-0.670772 1.103557 1.602200 0.274849
-0.670274 1.099706 1.602461 0.275803
-0.669912 1.111419 1.601820 0.273061
-0.665076 1.021164 1.628321 0.317313
-0.664803 1.096131 1.602958 0.277002
-0.664484 1.115411 1.601699 0.272207
-0.662823 1.098883 1.616477 0.301600
-0.661679 1.239224 1.588058 0.294416
-0.656993 1.119436 1.601665 0.271400
-0.656332 1.092889 1.603699 0.278321
-0.649362 1.123550 1.601776 0.270951
-0.647285 1.089790 1.604538 0.279393
-0.646060 1.217679 1.564308 0.295721
-0.637819 1.043464 1.609583 0.277744
-0.636404 1.127715 1.602012 0.270890
-0.635460 1.086832 1.605439 0.280451
-0.634324 1.127830 1.618632 0.301412
-0.623907 1.241404 1.644043 0.296083
-0.619940 1.131886 1.602280 0.270655
-0.619237 1.084028 1.606340 0.281435
-0.614218 1.238483 1.588145 0.294019
-0.612142 1.074310 1.624882 0.277137
-0.609182 1.220137 1.565569 0.295179
-0.609041 1.096715 1.616345 0.301308
-0.604842 1.136144 1.602617 0.270279
-0.598185 1.081463 1.607245 0.282475
-0.597158 1.021253 1.628282 0.316215
-0.591259 1.126339 1.618516 0.302272
-0.586265 1.042284 1.609928 0.277253
-0.585378 1.140356 1.602868 0.269811
-0.576180 1.079137 1.608138 0.283793
-0.568255 1.144607 1.603107 0.269163
-0.565347 1.222150 1.566883 0.294853
-0.563779 1.237693 1.588163 0.293902
-0.558659 1.094601 1.616217 0.301001
-0.553058 1.076832 1.608962 0.285084
-0.551995 1.124470 1.618418 0.303139
-0.551342 1.148888 1.603334 0.268353
-0.547029 1.242466 1.644174 0.296494
-0.540234 1.071344 1.624942 0.275898
-0.533795 1.041368 1.610255 0.276674
-0.530131 1.153109 1.603499 0.267412
-0.528130 1.074702 1.609672 0.286452
-0.524609 1.224416 1.568207 0.294415
-0.524320 1.021538 1.628271 0.314781
-0.513452 1.122447 1.618262 0.303997
-0.512424 1.092502 1.616091 0.300673
-0.511459 1.157409 1.603685 0.266487
-0.510815 1.236890 1.588101 0.293734
-0.501879 1.072880 1.610236 0.287865
-0.488895 1.161656 1.603800 0.265590
-0.482020 1.040326 1.610624 0.276100
-0.481524 1.226522 1.569551 0.293945
-0.476201 1.071299 1.610680 0.289173
-0.476022 1.120226 1.618137 0.304839
-0.470719 1.090419 1.615923 0.300279
-0.470297 1.243605 1.644334 0.297227
-0.468726 1.165963 1.603966 0.264944
-0.465990 1.068451 1.624938 0.274484
-0.456902 1.235702 1.588114 0.293875
-0.452734 1.069988 1.611009 0.290435
-0.450555 1.170302 1.604121 0.264377
-0.445750 1.022279 1.628373 0.313071
-0.437470 1.124458 1.530623 0.314936
-0.435175 1.228239 1.570873 0.292974
-0.434117 1.088341 1.615747 0.299920
-0.431370 1.039045 1.611093 0.275846
-0.431316 1.069357 1.611361 0.291859
-0.424177 1.174477 1.604092 0.263754
-0.412616 1.069192 1.611751 0.293281
-0.403056 1.086257 1.615548 0.299600
-0.400889 1.234463 1.588114 0.293960
-0.400484 1.121951 1.530553 0.315590
-0.396570 1.069474 1.612188 0.294628
-0.396108 1.178703 1.604154 0.263784
-0.393542 1.244754 1.644509 0.298083
-0.390254 1.065383 1.625003 0.273326
-0.386591 1.229826 1.572227 0.291970
-0.381266 1.037814 1.611530 0.275388
-0.381168 1.070193 1.612644 0.295770
-0.377611 1.084174 1.615332 0.299310
-0.366602 1.071154 1.613105 0.296824
-0.365828 1.119303 1.530484 0.316211
-0.363509 1.023096 1.628516 0.310825
-0.359073 1.082021 1.615120 0.299108
-0.359018 1.182713 1.604124 0.264139
-0.352079 1.072419 1.613507 0.297671
-0.345482 1.079911 1.614904 0.299029
-0.344312 1.233040 1.588140 0.294544
-0.342009 1.073995 1.613928 0.298346
-0.337651 1.077820 1.614646 0.299014
-0.337626 1.231571 1.573599 0.291106
-0.336269 1.075804 1.614303 0.298785
-0.333164 1.036295 1.612154 0.275702
-0.329896 1.116686 1.530324 0.316341
-0.321440 1.186718 1.604159 0.264763
-0.318449 1.061977 1.625031 0.271839
-0.316953 1.245996 1.644699 0.298953
-0.295867 1.113964 1.530072 0.316362
-0.285529 1.231704 1.588093 0.294891
-0.283275 1.232857 1.575000 0.290250
-0.282920 1.035064 1.612830 0.275630
-0.279756 1.190596 1.604140 0.265301
-0.278175 1.023827 1.628594 0.308304
-0.261815 1.111247 1.529766 0.316386
-0.254766 1.179068 1.633859 0.275558
-0.254477 1.178280 1.633704 0.275669
-0.253976 1.179763 1.634005 0.275529
-0.252282 1.177352 1.633560 0.275814
-0.252203 1.180403 1.634124 0.275526
-0.249033 1.181013 1.634203 0.275612
-0.248900 1.176249 1.633435 0.275975
-0.244511 1.181589 1.634242 0.275732
-0.243783 1.174946 1.633371 0.276238
-0.240880 1.194567 1.604169 0.265870
-0.240799 1.059198 1.625053 0.270464
-0.240741 1.247356 1.644883 0.299779
-0.238670 1.182129 1.634307 0.275890
-0.238644 1.173357 1.633426 0.276507
-0.233313 1.171517 1.633485 0.276827
-0.231940 1.033968 1.613594 0.275603
-0.230471 1.182564 1.634412 0.276068
-0.228841 1.108498 1.529350 0.316065
-0.228403 1.230228 1.588014 0.295624
-0.228295 1.169416 1.633534 0.277051
-0.225664 1.233861 1.576356 0.289234
-0.222677 1.167155 1.633481 0.277237
-0.221713 1.183026 1.634556 0.276201
-0.216722 1.164709 1.633372 0.277486
-0.211793 1.183447 1.634703 0.276366
-0.210937 1.162064 1.633251 0.277622
-0.205341 1.159262 1.633126 0.277680
-0.201287 1.183854 1.634835 0.276547
-0.200366 1.198422 1.604125 0.266210
-0.200327 1.156311 1.633029 0.277657
-0.195461 1.099141 1.617041 0.306075
-0.193787 1.153301 1.632901 0.277576
-0.191429 1.024709 1.628626 0.305876
-0.190003 1.184257 1.634936 0.276746
-0.187314 1.150211 1.632772 0.277483
-0.180601 1.033055 1.614396 0.275407
-0.179363 1.147089 1.632641 0.277383
-0.178337 1.184645 1.635026 0.276950
-0.173446 1.228494 1.587868 0.296386
-0.171010 1.143938 1.632500 0.277103
-0.166570 1.185090 1.635079 0.277155
-0.165111 1.234628 1.577643 0.288108
-0.164426 1.248723 1.645056 0.300550
-0.163902 1.202347 1.604032 0.266358
-0.162887 1.096202 1.617004 0.305146
-0.161850 1.140763 1.632388 0.276729
-0.161759 1.056570 1.625146 0.269614
-0.154102 1.185505 1.635133 0.277357
-0.153298 1.137539 1.632324 0.276321
-0.143280 1.134319 1.632282 0.276000
-0.142123 1.186002 1.635193 0.277473
-0.130375 1.131168 1.632237 0.275409
-0.130249 1.206250 1.603954 0.266165
-0.130081 1.093103 1.617048 0.304053
-0.129528 1.186415 1.635216 0.277659
-0.128987 1.032434 1.615213 0.275201
-0.118232 1.226853 1.587687 0.297169
-0.117092 1.128065 1.632150 0.274794
-0.116938 1.186874 1.635230 0.277785
-0.104063 1.025548 1.628581 0.303571
-0.103120 1.187248 1.635268 0.277884
-0.101366 1.125001 1.632065 0.274226
-0.101200 1.235289 1.578907 0.287232
-0.096612 1.210035 1.603897 0.266286
-0.095317 1.089982 1.617133 0.302517
-0.088388 1.187601 1.635325 0.277961
-0.088383 1.250151 1.645235 0.301278
-0.086313 1.053775 1.625222 0.268934
-0.085716 1.121968 1.631942 0.273650
-0.077875 1.032043 1.616061 0.274938
-0.073489 1.187994 1.635399 0.277937
-0.068804 1.118971 1.631816 0.273106
-0.063775 1.225145 1.587495 0.297816
-0.062514 1.213676 1.603856 0.266349
-0.057845 1.084082 1.576432 0.279450
-0.057755 1.086860 1.617309 0.300678
-0.057529 1.188312 1.635465 0.277927
-0.057048 1.086776 1.578888 0.279244
-0.056503 1.081396 1.573948 0.279673
-0.054953 1.089440 1.581342 0.278742
-0.054527 1.078726 1.571480 0.280064
-0.052094 1.116011 1.631712 0.272656
-0.051706 1.092091 1.583744 0.278556
-0.050976 1.076074 1.569093 0.280636
-0.049304 1.073432 1.566675 0.281380
-0.047059 1.070736 1.564290 0.281993
-0.046033 1.094687 1.586117 0.278264
-0.043679 1.067984 1.562011 0.282664
-0.041427 1.097228 1.588449 0.278001
-0.041310 1.188682 1.635511 0.277817
-0.039607 1.065189 1.559730 0.283460
-0.039129 1.062383 1.557502 0.284574
-0.035282 1.235708 1.580091 0.286228
-0.035137 1.059523 1.555294 0.285647
-0.035032 1.113100 1.631645 0.272360
-0.029197 1.099584 1.590642 0.277857
-0.027485 1.031886 1.616821 0.274556
-0.026512 1.056678 1.553108 0.286680
-0.025922 1.217099 1.603903 0.266460
-0.024586 1.189048 1.635557 0.277668
-0.018467 1.026658 1.628509 0.301336
-0.017614 1.083688 1.617606 0.298734
-0.017466 1.101867 1.592760 0.277756
-0.015135 1.110333 1.631606 0.272355
-0.014065 1.053854 1.551031 0.287637
-0.012774 1.251680 1.645402 0.301846
-0.011902 1.051156 1.625260 0.268145
-0.009472 1.223509 1.587287 0.298458
-0.008236 1.189468 1.635586 0.277473
-0.002687 1.051090 1.549018 0.288814
-0.000381 1.103937 1.594719 0.277503
0.002835 1.107614 1.631526 0.272150
0.008152 1.189869 1.635636 0.277419
0.011006 1.048423 1.547074 0.290157
0.015322 1.220087 1.604060 0.267182
0.018855 1.105843 1.596585 0.277197
0.021743 1.104978 1.631481 0.272277
0.022348 1.031849 1.617595 0.274135
0.024334 1.190243 1.635679 0.277526
0.025761 1.045772 1.545167 0.291416
0.026530 1.080609 1.617975 0.296597
0.031513 1.236064 1.581233 0.285050
0.036973 1.107628 1.598314 0.276452
0.038185 1.043137 1.543347 0.292747
0.040208 1.190659 1.635723 0.277731
0.041541 1.102460 1.631428 0.272501
0.045166 1.221970 1.587110 0.299135
0.054044 1.040512 1.541547 0.293857
0.055234 1.191152 1.635768 0.278121
0.059250 1.099916 1.631335 0.272701
0.059256 1.109105 1.599913 0.275775
0.060650 1.048541 1.625258 0.267405
0.060768 1.222724 1.604243 0.267946
0.062507 1.253244 1.645557 0.302458
0.064926 1.027723 1.628377 0.298978
0.068521 1.037916 1.539756 0.295071
0.070539 1.191507 1.635831 0.278693
0.071980 1.031849 1.618307 0.273809
0.073249 1.077537 1.618391 0.294630
0.076814 1.097427 1.631255 0.273259
0.081103 1.110441 1.601442 0.274983
0.081701 1.035301 1.537950 0.296216
0.085343 1.191835 1.635943 0.279361
0.096401 1.094985 1.631228 0.273982
0.098152 1.220363 1.586910 0.299753
0.099882 1.192093 1.636078 0.280069
0.100157 1.032799 1.536215 0.297261
0.100228 1.235931 1.582410 0.284092
0.103032 1.111676 1.602902 0.274243
0.107173 1.225276 1.604433 0.268561
0.114283 1.192308 1.636226 0.280725
0.115175 1.092509 1.631251 0.274845
0.118611 1.024689 1.629772 0.312511
0.118814 1.022999 1.629753 0.313485
0.119612 1.026386 1.629779 0.311351
0.120163 1.074612 1.618833 0.292614
0.121056 1.030340 1.534476 0.298133
0.121367 1.031817 1.618953 0.273410
0.122300 1.028109 1.629780 0.309974
0.122641 1.021404 1.629720 0.314429
0.125845 1.029889 1.629775 0.308453
0.127253 1.112698 1.604324 0.273648
0.127872 1.019760 1.629650 0.315024
0.128589 1.192498 1.636343 0.281348
0.129773 1.031701 1.629763 0.306791
0.132445 1.045999 1.625219 0.266665
0.133042 1.033469 1.629706 0.304943
0.134865 1.018150 1.629560 0.315502
0.135917 1.090097 1.631280 0.275746
0.137144 1.035550 1.629687 0.303316
0.138557 1.254603 1.645731 0.303179
0.141592 1.037715 1.629674 0.301720
0.143335 1.192622 1.636440 0.281888
0.144712 1.016550 1.629435 0.315687
0.145879 1.028078 1.532871 0.299153
0.146190 1.039926 1.629650 0.300085
0.147661 1.028758 1.628231 0.296809
0.150465 1.042274 1.629658 0.298524
0.150700 1.218747 1.586659 0.300055
0.151738 1.113678 1.605772 0.273230
0.154907 1.087567 1.631287 0.276459
0.155234 1.044645 1.629644 0.296891
0.155934 1.014975 1.629254 0.315775
0.156425 1.227559 1.604581 0.269145
0.158176 1.192748 1.636536 0.282370
0.159211 1.047163 1.629655 0.295372
0.163684 1.071605 1.619281 0.290643
0.164898 1.049743 1.629701 0.293858
0.169179 1.235952 1.583507 0.282955
0.169253 1.013401 1.629058 0.315496
0.170938 1.052268 1.629746 0.292165
0.171237 1.031937 1.619574 0.273261
0.173157 1.192861 1.636640 0.282849
0.173511 1.025994 1.531307 0.300141
0.173662 1.085043 1.631258 0.277169
0.177674 1.054902 1.629805 0.290597
0.178098 1.114413 1.607181 0.272704
0.183314 1.057586 1.629888 0.289038
0.184736 1.011816 1.628817 0.315088
0.186254 1.082333 1.631177 0.277728
0.188116 1.193039 1.636738 0.283395
0.188398 1.060369 1.630026 0.287644
0.193221 1.066089 1.630458 0.285095
0.193406 1.063161 1.630199 0.286235
0.194809 1.079728 1.631117 0.278831
0.197321 1.023913 1.529751 0.301403
0.198496 1.068850 1.630646 0.283692
0.199001 1.077083 1.631058 0.280058
0.201535 1.043328 1.625115 0.265890
0.202403 1.074387 1.630965 0.281262
0.202980 1.217176 1.586405 0.300275
0.203048 1.193245 1.636851 0.284073
0.203766 1.071610 1.630814 0.282401
0.204293 1.010295 1.628585 0.314534
0.205217 1.229865 1.604779 0.269743
0.205627 1.068467 1.619712 0.288911
0.205757 1.115077 1.608643 0.272241
0.213723 1.256166 1.645915 0.303847
0.218073 1.193463 1.636975 0.284828
0.221308 1.032182 1.620174 0.273123
0.223873 1.021990 1.528302 0.302545
0.227126 1.008812 1.628365 0.313881
0.229441 1.029794 1.628077 0.294807
0.233331 1.193771 1.637095 0.285640
0.234419 1.115754 1.610127 0.272096
0.239341 1.235699 1.584609 0.282050
0.247674 1.065329 1.620155 0.287400
0.248795 1.194060 1.637210 0.286516
0.251473 1.020133 1.526856 0.303525
0.254420 1.007387 1.628176 0.313377
0.254973 1.215585 1.586112 0.300282
0.256656 1.231857 1.605005 0.270440
0.257074 1.035204 1.622443 0.284220
0.257339 1.039851 1.622678 0.283959
0.259828 1.044494 1.622928 0.283980
0.260144 1.030517 1.622150 0.284456
0.262370 1.025818 1.621831 0.284396
0.262673 1.049142 1.623158 0.283811
0.263393 1.116503 1.611615 0.271931
0.264266 1.194364 1.637311 0.287288
0.266056 1.053826 1.623363 0.283751
0.266369 1.021127 1.621531 0.284243
0.270341 1.040809 1.624987 0.264981
0.271618 1.032647 1.620804 0.273347
0.273054 1.016444 1.621262 0.284184
0.273183 1.058533 1.623542 0.283805
0.278054 1.018287 1.525385 0.304466
0.279457 1.194691 1.637405 0.287960
0.281678 1.005952 1.627942 0.312689
0.283513 1.063246 1.623724 0.283856
0.283619 1.011780 1.620976 0.284220
0.288739 1.257633 1.646135 0.304707
0.289901 1.062202 1.620586 0.286044
0.292427 1.117295 1.613171 0.271877
0.293857 1.067991 1.623889 0.283771
0.294486 1.195036 1.637481 0.288448
0.297244 1.007165 1.620679 0.284153
0.304469 1.016536 1.523987 0.305501
0.304776 1.072751 1.624056 0.283771
0.306129 1.213975 1.585812 0.300084
0.308240 1.031205 1.627930 0.292943
0.309474 1.235202 1.585663 0.281154
0.309572 1.195305 1.637529 0.288769
0.309746 1.233673 1.605253 0.270952
0.311774 1.002621 1.620351 0.283813
0.312753 1.004747 1.627722 0.312079
0.315231 1.077514 1.624227 0.283800
0.321569 1.033335 1.621501 0.274042
0.323222 1.117820 1.614628 0.271605
0.324482 1.195446 1.637576 0.288949
0.326188 1.082255 1.624483 0.284058
0.330927 0.998209 1.620033 0.283417
0.332474 1.059049 1.620998 0.285129
0.334119 1.014948 1.522618 0.306274
0.336612 1.086966 1.624723 0.284199
0.339219 1.195528 1.637618 0.289025
0.339332 1.038417 1.624862 0.264100
0.344321 1.091630 1.624963 0.284398
0.344387 1.003699 1.627427 0.311271
0.353319 1.195642 1.637643 0.289085
0.355142 1.117864 1.615935 0.271253
0.356257 1.096160 1.625193 0.284521
0.356802 1.212327 1.585522 0.299830
0.356875 0.993994 1.619772 0.283323
0.360958 1.006940 1.609212 0.298192
0.362507 1.235493 1.605404 0.271274
0.363627 1.259139 1.646359 0.305429
0.366623 1.195742 1.637678 0.289155
0.367882 1.100583 1.625436 0.284569
0.371539 1.034074 1.622300 0.275039
0.374194 1.055822 1.621446 0.284911
0.377215 1.002926 1.627103 0.310325
0.379051 1.195790 1.637715 0.289293
0.380215 1.234897 1.586694 0.280259
0.381239 1.104870 1.625697 0.284498
0.384015 0.989899 1.619499 0.282901
0.386087 1.032444 1.627750 0.291068
0.387682 1.117840 1.617305 0.271112
0.390793 1.195807 1.637748 0.289497
0.391200 1.005301 1.610443 0.298773
0.394911 1.109048 1.626021 0.284354
0.401865 1.195813 1.637787 0.289748
0.406599 1.036017 1.624712 0.263128
0.406810 1.210625 1.585214 0.299359
0.411024 1.002385 1.626766 0.309168
0.412277 1.195807 1.637856 0.290028
0.414099 1.113102 1.626440 0.284300
0.415701 0.986032 1.619288 0.282588
0.415853 1.237253 1.605564 0.271487
0.420404 1.034925 1.623109 0.276354
0.420594 1.052983 1.621819 0.284393
0.420660 1.117649 1.618623 0.271047
0.421519 1.195748 1.637974 0.290408
0.426001 1.004027 1.611635 0.299121
0.429007 1.195607 1.638105 0.290868
0.435316 1.195480 1.638245 0.291355
0.436115 1.117066 1.626886 0.284088
0.438135 1.260492 1.646635 0.306390
0.440020 1.195366 1.638313 0.291896
0.442555 1.199583 1.639223 0.297201
0.442877 1.199576 1.639216 0.297232
0.443097 1.195279 1.638379 0.292471
0.443163 1.199591 1.639200 0.297226
0.443193 1.199541 1.639138 0.296972
0.443204 1.199547 1.639189 0.297183
0.443228 1.199600 1.639197 0.297186
0.443228 1.199605 1.639199 0.297211
0.443347 1.199574 1.639165 0.297052
0.443517 1.199632 1.639110 0.297141
0.443987 1.199580 1.639166 0.297182
0.444449 1.199624 1.639169 0.297032
0.444884 1.199055 1.638973 0.296607
0.445180 1.195245 1.638447 0.293029
0.445700 1.002307 1.626464 0.307826
0.446452 1.198458 1.638928 0.296247
0.446982 1.195218 1.638507 0.293536
0.447784 1.197921 1.638893 0.296055
0.448280 1.195250 1.638567 0.294026
0.448946 1.197455 1.638869 0.295970
0.449346 1.195316 1.638617 0.294441
0.449806 1.197050 1.638851 0.295973
0.450259 1.195422 1.638664 0.294815
0.450626 1.196681 1.638849 0.295935
0.450862 1.234688 1.587707 0.279151
0.451211 1.195545 1.638718 0.295119
0.451397 1.196365 1.638842 0.295873
0.452040 1.196085 1.638819 0.295753
0.452050 1.195682 1.638761 0.295365
0.452508 1.195851 1.638798 0.295573
0.453738 1.117399 1.619964 0.271174
0.454650 0.982569 1.619216 0.282765
0.455797 1.208861 1.584861 0.298670
0.462214 1.120925 1.627377 0.283936
0.462334 1.033915 1.627588 0.289352
0.462557 1.002978 1.612718 0.299355
0.463044 1.049924 1.622187 0.284089
0.468189 1.239064 1.605788 0.271723
0.471329 1.035716 1.623913 0.277602
0.473619 1.033764 1.624567 0.262446
0.482960 1.002264 1.626197 0.306511
0.485970 1.116849 1.621263 0.271432
0.490826 1.124744 1.627911 0.283818
0.493146 0.979302 1.619083 0.282302
0.497641 1.161321 1.577349 0.294133
0.499771 1.001992 1.613721 0.299285
0.501282 1.206681 1.584506 0.298257
0.501698 1.165823 1.579242 0.294224
0.502714 1.046838 1.622519 0.283687
0.503544 1.157074 1.575325 0.293487
0.504044 1.170432 1.581208 0.294682
0.506173 1.175052 1.583186 0.295693
0.511216 1.152987 1.573559 0.293232
0.512343 1.262031 1.646925 0.307045
0.517539 1.116384 1.622506 0.271927
0.521123 1.240794 1.606020 0.271781
0.521769 1.002544 1.625978 0.305135
0.521928 1.128543 1.628467 0.283645
0.522131 1.036771 1.624674 0.278787
0.522585 1.234104 1.588797 0.278395
0.523208 1.149186 1.571652 0.293173
0.526557 1.179741 1.584839 0.295891
0.531670 0.976217 1.618964 0.282030
0.535409 1.145654 1.569929 0.293327
0.535844 1.035635 1.627441 0.287629
0.537526 1.001128 1.614607 0.299155
0.538341 1.031512 1.624424 0.261931
0.538738 1.043748 1.622771 0.283015
0.544996 1.184432 1.586343 0.296841
0.546192 1.115343 1.623616 0.272360
0.546510 1.204593 1.584182 0.297811
0.548590 1.142424 1.568132 0.293605
0.554289 1.132372 1.629117 0.283556
0.560484 1.139434 1.566335 0.294010
0.561697 1.002974 1.625798 0.303740
0.569502 1.038267 1.625427 0.279968
0.571417 0.973450 1.618789 0.281702
0.572076 1.136698 1.564537 0.294416
0.572857 1.242553 1.606225 0.271996
0.574154 1.040756 1.622994 0.282540
0.575572 1.114441 1.624646 0.272861
0.575666 1.000403 1.615374 0.298848
0.580420 1.188919 1.587529 0.297257
0.586204 1.134266 1.562797 0.294709
0.587146 1.263244 1.647223 0.307758
0.588773 1.136200 1.629748 0.283400
0.590938 1.202624 1.583827 0.297311
0.594648 1.233546 1.589934 0.277495
0.598459 1.029025 1.624277 0.261608
0.600170 1.132068 1.561079 0.294972
0.600947 1.113262 1.625567 0.273538
0.602551 1.003303 1.625659 0.302359
0.608311 1.037499 1.627275 0.285982
0.608762 0.970836 1.618604 0.281532
0.609509 1.037998 1.623147 0.281969
0.613633 0.999700 1.616089 0.298407
0.614016 1.039927 1.626131 0.281157
0.617466 1.193430 1.588503 0.297628
0.619908 1.130262 1.559395 0.295143
0.623982 1.244230 1.606398 0.272160
0.625744 1.140011 1.630412 0.283203
0.626702 1.111946 1.626360 0.273960
0.632527 1.200664 1.583468 0.296685
0.642158 1.035319 1.623232 0.281339
0.642576 1.128773 1.557754 0.295293
0.642746 1.003795 1.625586 0.300917
0.643663 0.968391 1.618443 0.281400
0.649818 1.110415 1.627035 0.274381
0.652520 0.999193 1.616767 0.297972
0.653176 1.041818 1.626826 0.282434
0.656229 1.026520 1.624126 0.261280
0.660684 1.197712 1.589374 0.298160
0.660996 1.264480 1.647500 0.308338
0.664524 1.143823 1.631083 0.282821
0.667646 1.127513 1.556152 0.295463
0.668024 1.233058 1.591187 0.276907
0.668363 1.108588 1.627576 0.274580
0.671304 1.198689 1.583146 0.296202
0.673931 1.245858 1.606609 0.272489
0.674829 1.032833 1.623299 0.280788
0.677631 1.039844 1.627145 0.284499
0.680066 1.004475 1.625513 0.299297
0.684373 0.966696 1.618314 0.281276
0.685725 1.106703 1.628037 0.274824
0.690292 1.043779 1.627459 0.283606
0.692430 0.998758 1.617445 0.297747
0.698608 1.126940 1.554579 0.295894
0.699811 1.104670 1.628427 0.275165
0.703275 1.201978 1.590231 0.298907
0.703526 1.147678 1.631759 0.282373
0.705807 1.196756 1.582848 0.295607
0.706492 1.030490 1.623350 0.280342
0.712739 1.024142 1.623973 0.260959
0.714217 1.102629 1.628790 0.275809
0.716974 1.005036 1.625431 0.297667
0.721357 1.045941 1.628039 0.284663
0.722906 1.247355 1.606775 0.272716
0.723493 1.100280 1.629081 0.276271
0.726517 0.965637 1.618205 0.281009
0.731823 1.126812 1.553016 0.296211
0.732093 1.028008 1.623344 0.279782
0.732594 0.998354 1.618060 0.297510
0.733500 1.265616 1.647792 0.309063
0.735625 1.097905 1.629339 0.276940
0.736781 1.194875 1.582576 0.295127
0.741504 1.232424 1.592534 0.276152
0.743962 1.042480 1.627009 0.283139
0.744422 1.151531 1.632425 0.282070
0.745288 1.048235 1.628590 0.285560
0.745493 1.206246 1.590853 0.299546
0.746492 1.095403 1.629575 0.277692
0.749671 1.005799 1.625290 0.295944
0.756172 1.025593 1.623298 0.279117
0.759998 1.092731 1.629738 0.277945
0.763410 1.193087 1.582321 0.294495
0.764378 1.050467 1.629134 0.286464
0.764887 1.126520 1.551622 0.296924
0.766078 1.021734 1.623859 0.261016
0.766883 0.964906 1.618146 0.280815
0.769307 1.248817 1.606965 0.272872
0.772453 0.997942 1.618582 0.297103
0.774233 1.090009 1.629939 0.278472
0.779168 1.052707 1.629577 0.287198
0.780657 1.023235 1.623191 0.278427
0.781600 1.006357 1.625104 0.294321
0.784405 1.087131 1.630149 0.279173
0.786351 1.191304 1.582074 0.293898
0.787775 1.155318 1.633015 0.281564
0.789235 1.054905 1.629940 0.287842
0.789371 1.210393 1.591409 0.300041
0.794221 1.084111 1.630289 0.279733
0.798127 1.057032 1.630238 0.288244
0.800304 1.126354 1.550296 0.297652
0.802937 1.081328 1.630493 0.281051
0.803027 1.059133 1.630476 0.288485
0.803229 1.020743 1.623108 0.277850
0.803487 1.266835 1.648061 0.309798
0.805137 1.189549 1.581842 0.293269
0.805213 0.964561 1.618111 0.280402
0.805879 1.061201 1.630673 0.288518
0.808693 1.045187 1.626822 0.281701
0.808753 1.063244 1.630834 0.288458
0.810289 1.078912 1.630730 0.282772
0.811072 1.065295 1.630960 0.288299
0.812041 1.006716 1.624938 0.292806
0.812496 0.997604 1.619053 0.296716
0.812868 1.067361 1.631008 0.287741
0.813141 1.069504 1.631030 0.287094
0.813644 1.071746 1.631011 0.286347
0.814044 1.231372 1.593835 0.275220
0.814885 1.074045 1.630960 0.285331
0.815530 1.076435 1.630876 0.284133
0.815597 1.249754 1.607062 0.273179
0.816205 1.019326 1.623748 0.261203
0.819572 1.187717 1.581693 0.292788
0.827175 1.018209 1.623016 0.277484
0.830492 1.185863 1.581514 0.292305
0.831069 1.159170 1.633579 0.281236
0.833507 1.214422 1.591789 0.300735
0.834500 1.192745 1.642020 0.339022
0.834598 1.163819 1.582627 0.305346
0.834868 1.192726 1.642031 0.339008
0.834888 1.192725 1.642031 0.339005
0.834925 1.192710 1.642017 0.339015
0.834935 1.192716 1.642040 0.339016
0.834946 1.192717 1.642038 0.339016
0.834950 1.192716 1.642039 0.339016
0.834951 1.192729 1.642032 0.339013
0.834962 1.192732 1.642033 0.339011
0.834978 1.192718 1.642038 0.339016
0.834986 1.192719 1.642037 0.339016
0.834989 1.192722 1.642034 0.339015
0.834997 1.192719 1.642035 0.339015
0.835007 1.192719 1.642036 0.339014
0.835011 1.192723 1.642029 0.339014
0.835021 1.192730 1.642030 0.339007
0.835032 1.192724 1.642033 0.339014
0.835035 1.192722 1.642019 0.339006
0.835039 1.192723 1.642034 0.339014
0.835041 1.192729 1.642026 0.339013
0.835043 1.192730 1.642032 0.339012
0.835049 1.192725 1.642028 0.339014
0.835050 1.192723 1.642028 0.339014
0.835051 1.192724 1.642031 0.339015
0.835058 1.192739 1.642031 0.339006
0.835080 1.192725 1.642027 0.339013
0.835080 1.192725 1.642027 0.339012
0.835088 1.192723 1.642030 0.338999
0.835106 1.192719 1.642018 0.339003
0.835108 1.192723 1.642028 0.339002
0.835108 1.192726 1.642027 0.339014
0.835127 1.192728 1.642026 0.339014
0.835145 1.192727 1.642025 0.339013
0.835156 1.192713 1.642012 0.339004
0.835181 1.192732 1.642021 0.338999
0.835183 1.192715 1.642015 0.339004
0.835220 1.192713 1.642012 0.339007
0.835237 1.192735 1.642024 0.339001
0.835238 1.192714 1.642014 0.339007
0.835239 1.192715 1.642019 0.339016
0.835281 1.192726 1.642025 0.339018
0.835284 1.192704 1.642011 0.339014
0.835327 1.192712 1.642012 0.339008
0.835342 1.192701 1.642008 0.339014
0.835344 1.192710 1.642015 0.339015
0.835346 1.192708 1.642013 0.339015
0.835372 1.192722 1.642018 0.339003
0.835379 1.192717 1.642016 0.339012
0.835379 1.192708 1.642017 0.339005
0.835388 1.192738 1.642015 0.338990
0.835400 1.192713 1.642017 0.339013
0.835404 1.192737 1.642015 0.338980
0.835409 1.192711 1.642017 0.339013
0.835439 1.192737 1.642011 0.338977
0.835570 1.192740 1.642004 0.338972
0.835607 1.192737 1.642002 0.338967
0.835734 1.192738 1.641995 0.338958
0.835864 1.192745 1.641993 0.338953
0.835934 1.192746 1.641987 0.338950
0.835976 1.192741 1.641981 0.338945
0.836044 1.192745 1.641976 0.338936
0.836152 1.192748 1.641968 0.338927
0.836337 1.161574 1.581928 0.303222
0.836371 1.192758 1.641960 0.338913
0.836675 1.192747 1.641955 0.338900
0.836735 1.192747 1.641953 0.338899
0.836881 1.166427 1.583335 0.307331
0.836912 1.192746 1.641948 0.338903
0.836990 1.192744 1.641937 0.338882
0.837206 1.192752 1.641926 0.338868
0.837480 1.157770 1.580605 0.299408
0.837669 1.192754 1.641909 0.338863
0.837730 1.192738 1.641909 0.338891
0.838003 1.192733 1.641869 0.338873
0.838020 1.159588 1.581251 0.301193
0.838412 1.183920 1.581390 0.291894
0.838711 1.192753 1.641814 0.338811
0.839112 1.006886 1.624761 0.291260
0.839710 1.126489 1.548995 0.298091
0.840231 1.192807 1.641755 0.338685
0.841766 1.156500 1.580082 0.297631
0.842056 1.169443 1.584037 0.309020
0.842515 0.964831 1.618173 0.280189
0.843092 1.192878 1.641717 0.338437
0.844360 1.172678 1.584734 0.310661
0.844829 1.155651 1.579747 0.295967
0.845281 1.015412 1.622950 0.277395
0.846544 1.181978 1.581222 0.291319
0.846801 1.176210 1.585353 0.312015
0.846917 1.155606 1.579154 0.291254
0.847043 1.192962 1.641680 0.338049
0.847296 1.179851 1.585921 0.313475
0.847561 1.155189 1.579514 0.294357
0.848538 1.162998 1.579546 0.287651
0.848777 1.155179 1.579323 0.292770
0.849184 1.156410 1.579022 0.289837
0.849726 1.161115 1.579302 0.287656
0.849806 1.157689 1.578987 0.288657
0.849955 1.169027 1.580043 0.288282
0.850126 1.183819 1.586394 0.314676
0.850581 1.179929 1.581060 0.290723
0.850760 1.164964 1.579733 0.287556
0.851055 1.159326 1.579075 0.287987
0.851746 1.166996 1.579890 0.287728
0.851998 1.193069 1.641633 0.337568
0.852396 0.997320 1.619491 0.296426
0.852434 1.171168 1.580206 0.288678
0.852499 1.188138 1.586830 0.315771
0.852559 1.177764 1.580865 0.290217
0.853008 1.192831 1.587325 0.316853
0.853375 1.173367 1.580428 0.289185
0.853627 1.198035 1.587796 0.317730
0.854769 1.203744 1.588319 0.318519
0.855372 1.175599 1.580602 0.289594
0.857760 1.193208 1.641577 0.336989
0.857919 1.209998 1.589035 0.318983
0.860050 1.250363 1.607077 0.273597
0.861805 1.216639 1.589872 0.319581
0.862901 1.017017 1.623662 0.261659
0.862918 1.012546 1.622858 0.277370
0.863630 1.193382 1.641527 0.336368
0.865973 1.006885 1.624591 0.289860
0.868772 1.268623 1.648315 0.310181
0.869733 1.193557 1.641475 0.335710
0.870300 1.048198 1.626616 0.280429
0.876166 1.193746 1.641436 0.335001
0.878797 1.162846 1.634025 0.280720
0.878950 1.218364 1.592251 0.300812
0.879472 0.965410 1.618422 0.279991
0.881097 1.009632 1.622742 0.277486
0.881556 1.126768 1.547776 0.298826
0.883020 1.193959 1.641391 0.334272
0.884815 1.223488 1.590978 0.319472
0.885626 1.006670 1.624453 0.288209
0.887975 1.230530 1.595157 0.274459
0.890377 1.194196 1.641342 0.333546
0.891457 0.996880 1.619900 0.296131
0.896820 1.006625 1.622584 0.277588
0.897039 1.194508 1.641312 0.332819
0.902243 1.250680 1.606994 0.274086
0.904191 1.230557 1.592099 0.319391
0.904538 1.194871 1.641329 0.332093
0.905509 1.006486 1.624321 0.286666
0.909965 1.015180 1.623558 0.261914
0.913052 1.195297 1.641397 0.331239
0.914749 0.966506 1.618821 0.280265
0.916819 1.003759 1.622432 0.277955
0.918383 1.222453 1.592534 0.301369
0.922667 1.195814 1.641479 0.330279
0.924035 1.006111 1.624213 0.285112
0.924679 1.166683 1.634449 0.280365
0.925003 1.127482 1.546637 0.299719
0.928086 1.051491 1.626418 0.279272
0.929054 1.000717 1.622233 0.278165
0.929500 0.996513 1.620244 0.295657
0.929705 1.237477 1.593018 0.318885
0.930025 1.270588 1.648550 0.310643
0.931822 1.196430 1.641564 0.329197
0.934931 0.997659 1.622043 0.278422
0.938645 0.994689 1.621855 0.279208
0.940676 1.197060 1.641645 0.328019
0.941485 1.005677 1.624108 0.283600
0.941515 0.991659 1.621598 0.279564
0.942550 1.250590 1.606871 0.274563
0.944564 0.968292 1.619222 0.280434
0.945792 0.988629 1.621312 0.280110
0.948337 1.013209 1.623459 0.262300
0.949238 1.197642 1.641702 0.326820
0.949380 1.244238 1.593839 0.318348
0.955511 1.226475 1.592859 0.302109
0.957028 0.985652 1.621024 0.280589
0.957128 0.982549 1.620787 0.280942
0.957748 1.005272 1.624012 0.282064
0.959257 1.198181 1.641752 0.325756
0.962816 1.229956 1.596466 0.273804
0.965004 0.970663 1.619657 0.280971
0.966130 0.996049 1.620591 0.295078
0.968224 0.979499 1.620557 0.280992
0.971261 1.128600 1.545513 0.300398
0.971986 1.198617 1.641806 0.324880
0.972324 1.170471 1.634810 0.279934
0.973483 1.004799 1.623922 0.280583
0.975670 0.976440 1.620266 0.280842
0.977299 0.973446 1.620004 0.281181
0.981017 1.250205 1.606706 0.274910
0.981961 1.011534 1.623349 0.262645
0.984083 1.199040 1.641880 0.324071
0.985635 1.054824 1.626165 0.278150
0.987418 1.230618 1.593078 0.302688
0.990856 1.272279 1.648703 0.310841
0.991308 1.004516 1.623860 0.279200
0.992217 1.249796 1.594357 0.316651
0.997038 1.199456 1.641955 0.323430
0.998056 1.090850 1.628480 0.296399
0.999655 1.091966 1.628495 0.297519
1.002040 0.995747 1.620919 0.294466
1.002143 1.089420 1.628541 0.295444
1.006215 1.004374 1.623779 0.277738
1.009657 1.010116 1.623262 0.263118
1.010279 1.199840 1.642032 0.322934
1.013387 1.092688 1.628557 0.298669
1.016868 1.234784 1.593358 0.303115
1.017061 1.087959 1.628637 0.294514
1.017516 1.249730 1.606455 0.275434
1.018961 1.004099 1.623684 0.276291
1.019105 1.174390 1.635219 0.279843
1.020615 1.129904 1.544413 0.300752
1.023887 1.200205 1.642110 0.322591
1.027270 1.254793 1.594781 0.315439
1.032948 1.009082 1.623227 0.263730
1.033287 1.004042 1.623601 0.274987
1.035430 1.093371 1.628735 0.299632
1.036231 1.229048 1.597755 0.272964
1.036952 1.239042 1.593785 0.304093
1.037012 1.200598 1.642190 0.322251
1.037553 0.995510 1.621259 0.293919
1.039127 1.058484 1.625929 0.277016
1.040524 1.086415 1.628777 0.293852
1.043989 1.003971 1.623475 0.273658
1.048266 1.273966 1.648880 0.311412
1.048832 1.007993 1.623189 0.264207
1.050291 1.003888 1.623356 0.272287
1.051023 1.200950 1.642252 0.321924
1.052348 1.249063 1.606158 0.276114
1.052443 1.259052 1.595222 0.314893
1.052854 1.243334 1.594127 0.305016
1.057537 1.004081 1.623259 0.271004
1.062668 1.007354 1.623187 0.264892
1.065320 1.004289 1.623194 0.269746
1.065327 1.094030 1.628978 0.300479
1.065683 1.201427 1.642310 0.321711
1.066342 1.178338 1.635586 0.279787
1.066640 1.247654 1.594360 0.305560
1.066704 1.006562 1.623185 0.265676
1.067072 1.005186 1.623155 0.267435
1.068476 1.004646 1.623160 0.268531
1.068634 1.005856 1.623172 0.266516
1.070229 1.084839 1.628973 0.293386
1.070304 1.131721 1.543338 0.300946
1.073017 1.262214 1.595455 0.314473
1.073093 0.995555 1.621621 0.293502
1.077429 1.251874 1.594466 0.306013
1.082196 1.201827 1.642378 0.321432
1.086502 1.248235 1.605850 0.276640
1.087701 1.264333 1.595457 0.313774
1.090053 1.255840 1.594437 0.306065
1.091022 1.062274 1.625674 0.275740
1.098909 1.202278 1.642416 0.321072
1.101194 1.265136 1.595473 0.312530
1.102507 1.094862 1.629272 0.301055
1.103195 1.083223 1.629148 0.293118
1.104499 1.275453 1.648971 0.311771
1.106048 1.259316 1.594549 0.306159
1.108012 0.995989 1.622021 0.293257
1.108496 1.227980 1.599016 0.272364
1.110804 1.265043 1.595356 0.310945
1.113101 1.182313 1.635957 0.279924
1.116880 1.202742 1.642474 0.320672
1.119136 1.263936 1.595096 0.309246
1.119209 1.247187 1.605579 0.277090
1.119452 1.262111 1.594803 0.307365
1.123787 1.133509 1.542404 0.301395
1.134712 1.203330 1.642539 0.320221
1.137094 1.081545 1.629266 0.292823
1.139061 1.066197 1.625397 0.274181
1.142460 0.996491 1.622430 0.292860
1.145166 1.095991 1.629648 0.301459
1.152578 1.246182 1.605319 0.277590
1.153556 1.203831 1.642588 0.319697
1.158128 1.276816 1.649069 0.312361
1.160862 1.186256 1.636314 0.280120
1.167764 1.079568 1.629283 0.292570
1.173415 1.204295 1.642649 0.319139
1.176353 0.997233 1.622921 0.292857
1.178613 1.226743 1.600241 0.271636
1.179296 1.135502 1.541531 0.301773
1.186434 1.244993 1.605042 0.277888
1.186458 1.069949 1.625034 0.272234
1.191925 1.097315 1.630018 0.301844
1.192676 1.204955 1.642692 0.318593
1.197190 1.077550 1.629219 0.292184
1.207906 1.190196 1.636712 0.280829
1.209311 1.278167 1.649137 0.312871
1.210128 0.998044 1.623445 0.292945
1.212219 1.205650 1.642684 0.318009
1.221308 1.243652 1.604741 0.278153
1.226161 1.075529 1.629126 0.291899
1.230578 1.073916 1.624613 0.270451
1.231371 1.206498 1.642638 0.317289
1.235094 1.137811 1.540670 0.302198
1.242275 0.999022 1.623912 0.292459
1.242441 1.098710 1.630260 0.302040
1.245140 1.225056 1.601452 0.271041
1.248982 1.207464 1.642542 0.316261
1.255303 1.073541 1.629044 0.291851
1.255968 1.241958 1.604454 0.278421
1.258982 1.193971 1.637111 0.281529
1.260498 1.278786 1.649230 0.313758
1.268249 1.208812 1.642515 0.315290
1.272124 1.000122 1.624342 0.291630
1.274729 1.077929 1.624196 0.268944
1.280253 1.071330 1.628926 0.291696
1.287665 1.210194 1.642473 0.313897
1.287805 1.140621 1.539810 0.302510
1.293382 1.240220 1.604171 0.278695
1.294674 1.100155 1.630379 0.302117
1.300798 1.001320 1.624743 0.290736
1.301996 1.068970 1.628806 0.291633
1.305112 1.211704 1.642422 0.312158
1.307642 1.223005 1.602636 0.270650
1.309439 1.197813 1.637552 0.282294
1.310328 1.279450 1.649303 0.314375
1.317169 1.081879 1.623688 0.267264
1.320059 1.066472 1.628718 0.291853
1.325395 1.213272 1.642418 0.310328
1.327770 1.002881 1.625201 0.290396
1.331723 1.238372 1.603941 0.279065
1.337355 1.063895 1.628635 0.292015
1.343158 1.143459 1.539053 0.303152
1.343831 1.215097 1.642423 0.308576
1.345502 1.101821 1.630400 0.302294
1.350691 1.004694 1.625613 0.289947
1.355097 1.061257 1.628598 0.292150
1.357929 1.279441 1.649398 0.315350
1.357940 1.201680 1.638032 0.283408
1.359081 1.085836 1.623149 0.265610
1.362166 1.217078 1.642473 0.307088
1.365514 1.236241 1.603825 0.279828
1.366961 1.220814 1.603756 0.270006
1.372015 1.006588 1.625997 0.289411
1.372999 1.058551 1.628581 0.292040
1.380675 1.218972 1.642517 0.305744
1.388665 1.055772 1.628602 0.291655
1.390800 1.008617 1.626377 0.289030
1.390973 1.103947 1.630382 0.302619
1.396069 1.220906 1.642611 0.304571
1.399031 1.146550 1.538326 0.303561
1.400457 1.089806 1.622570 0.263998
1.400520 1.052897 1.628655 0.291182
1.401056 1.234171 1.603714 0.280401
1.403686 1.279212 1.649441 0.316194
1.406668 1.205479 1.638502 0.284661
1.409128 1.010702 1.626745 0.288723
1.413278 1.222788 1.642726 0.303717
1.415053 1.050060 1.628754 0.290732
1.420251 1.218165 1.604761 0.269371
1.424953 1.012902 1.627099 0.288419
1.428584 1.047206 1.628866 0.290261
1.429373 1.224752 1.642890 0.303115
1.433165 1.106188 1.630320 0.303176
1.436616 1.232061 1.603643 0.280841
1.439213 1.015189 1.627441 0.288226
1.439604 1.093842 1.621972 0.262471
1.442630 1.044396 1.628959 0.289823
1.445564 1.226747 1.643087 0.302580
1.447303 1.278961 1.649446 0.317046
1.452163 1.017550 1.627772 0.288183
1.453963 1.149907 1.537562 0.304348
1.454216 1.041556 1.629025 0.289483
1.455499 1.209138 1.639017 0.286214
1.460880 1.228753 1.643281 0.301977
1.462221 1.020012 1.628070 0.288141
1.466111 1.038770 1.629046 0.289113
1.469692 1.022540 1.628342 0.288206
1.470800 1.229943 1.603662 0.281347
1.471566 1.108550 1.630213 0.303791
1.471796 1.215417 1.605656 0.268745
1.474800 1.035980 1.629035 0.288767
1.475095 1.230832 1.643497 0.301564
1.475188 1.025119 1.628556 0.288100
1.478042 1.097906 1.621368 0.261048
1.478561 1.033199 1.628981 0.288552
1.480070 1.027753 1.628745 0.288191
1.480900 1.030455 1.628886 0.288357
1.489816 1.278641 1.649383 0.317667
1.490363 1.232843 1.643659 0.301133
1.499832 1.227620 1.603802 0.282043
1.504614 1.212677 1.639522 0.287843
1.507265 1.234768 1.643767 0.300768
1.507606 1.153562 1.536886 0.305188
1.507721 1.110912 1.630043 0.304392
1.513346 1.102119 1.620773 0.259772
1.519718 1.212487 1.606485 0.268002
1.521915 1.236745 1.643867 0.300681
1.526811 1.225272 1.604031 0.282739
1.530954 1.278524 1.649281 0.318287
1.537746 1.113449 1.629854 0.305039
1.541361 1.238484 1.643876 0.300411
1.546001 1.106375 1.620130 0.258370
1.551201 1.215982 1.640084 0.290008
1.551458 1.222864 1.604344 0.283353
1.556077 1.240421 1.643961 0.300482
1.557403 1.157567 1.536257 0.306125
1.565207 1.209405 1.607278 0.267277
1.565474 1.115994 1.629615 0.305569
1.567565 1.277477 1.649041 0.318576
1.574381 1.110809 1.619486 0.257139
1.576908 1.242202 1.644072 0.300392
1.577985 1.220544 1.604618 0.283687
1.588853 1.118603 1.629313 0.305903
1.598480 1.244068 1.644299 0.300158
1.602006 1.115248 1.618814 0.255962
1.602377 1.276600 1.648852 0.319344
1.603444 1.219122 1.640574 0.291782
1.603921 1.218188 1.604897 0.283716
1.607308 1.161665 1.535803 0.307148
1.607370 1.121256 1.628990 0.306074
1.609521 1.206212 1.608013 0.266485
1.622595 1.119743 1.618113 0.254607
1.622715 1.245855 1.644562 0.299761
1.623803 1.123933 1.628658 0.306090
1.626168 1.215651 1.605208 0.283877
1.635909 1.275351 1.648547 0.319634
1.637148 1.126667 1.628269 0.305965
1.643463 1.124240 1.617369 0.253386
1.645509 1.212947 1.605472 0.283929
1.649387 1.129358 1.627849 0.305523
1.649654 1.202768 1.608714 0.265619
1.649929 1.247515 1.644890 0.299836
1.653809 1.222329 1.641050 0.293454
1.655146 1.165987 1.535279 0.308008
1.658598 1.132060 1.627387 0.304964
1.661407 1.210087 1.605786 0.284214
1.661728 1.128870 1.616697 0.252657
1.664645 1.273630 1.648193 0.319746
1.664878 1.134713 1.626865 0.304118
1.669266 1.137374 1.626323 0.303327
1.671026 1.139917 1.625784 0.302390
1.674102 1.142427 1.625152 0.301539
1.675527 1.207090 1.606119 0.284489
1.675818 1.144840 1.624512 0.300687
1.675992 1.147184 1.623852 0.299831
1.676815 1.149495 1.623178 0.299069
1.676971 1.249102 1.645124 0.299549
1.678164 1.151806 1.622462 0.298370
1.680230 1.154080 1.621735 0.297715
1.681007 1.133558 1.616070 0.252290
1.681705 1.198910 1.609414 0.264756
1.683320 1.156308 1.621030 0.297042
1.684323 1.203951 1.606527 0.285023
1.685443 1.271441 1.647832 0.320069
1.688786 1.158522 1.620342 0.296440
1.692502 1.200779 1.607092 0.285721
1.694377 1.160693 1.619657 0.295745
1.697081 1.138339 1.615551 0.252353
1.698694 1.197496 1.607707 0.286171
1.701143 1.162823 1.619025 0.294973
1.702402 1.170373 1.534817 0.308920
1.704482 1.250388 1.645272 0.299196
1.704499 1.194297 1.608535 0.287007
1.704656 1.225288 1.641520 0.295208
1.707009 1.194929 1.610053 0.263322
1.707676 1.165001 1.618370 0.294277
1.709399 1.191133 1.609446 0.287856
1.711714 1.269365 1.647336 0.319588
1.712579 1.143153 1.615066 0.252401
1.713293 1.188037 1.610475 0.288691
1.713411 1.167223 1.617707 0.293574
1.717810 1.185014 1.611484 0.289320
1.718997 1.169483 1.616983 0.292878
1.721289 1.182135 1.612525 0.290020
1.724228 1.147992 1.614639 0.252812
1.724266 1.171837 1.616221 0.292371
1.724517 1.179418 1.613544 0.290728
1.725405 1.174277 1.615403 0.291799
1.726350 1.176825 1.614527 0.291378
1.730629 1.190817 1.610660 0.261849
1.730740 1.251551 1.645387 0.298846
1.737351 1.152829 1.614202 0.253150
1.737787 1.267066 1.646835 0.319076
1.744078 1.174988 1.534317 0.309963
1.745408 1.186334 1.611258 0.260608
1.746888 1.157674 1.613803 0.253768
1.747988 1.228221 1.642023 0.297262
1.752510 1.162540 1.613435 0.254648
1.756693 1.252581 1.645477 0.298635
1.760079 1.167453 1.613025 0.255341
1.761771 1.181900 1.611709 0.258944
1.763887 1.264586 1.646284 0.318412
1.764738 1.172332 1.612614 0.256390
1.767183 1.177166 1.612157 0.257599
1.782311 1.253495 1.645581 0.298779
1.782762 1.173134 1.622111 0.301568
1.788746 1.261991 1.645671 0.317527
1.793604 1.230628 1.642512 0.299284
1.808348 1.254196 1.645668 0.299057
1.812287 1.259351 1.644986 0.316370
1.816184 1.177819 1.623484 0.302387
1.834403 1.254864 1.645707 0.299046
1.834684 1.256626 1.644268 0.315244
1.837474 1.233055 1.642962 0.300826
1.848618 1.182452 1.624743 0.303106
1.852848 1.253777 1.643517 0.314192
1.857803 1.255768 1.645758 0.299074
1.875078 1.251023 1.642757 0.313247
1.877204 1.187080 1.626024 0.303798
1.877462 1.235499 1.643372 0.301975
1.881530 1.256586 1.645838 0.299133
1.892705 1.248163 1.641960 0.312195
1.904408 1.191597 1.627258 0.304514
1.905320 1.257295 1.645930 0.299276
1.912287 1.245262 1.641168 0.311357
1.914793 1.237854 1.643759 0.302924
1.928319 1.196061 1.628471 0.305278
1.928778 1.257920 1.646038 0.299530
1.929980 1.242212 1.640386 0.310847
1.946492 1.239121 1.639526 0.310179
1.949157 1.200455 1.629669 0.306106
1.950149 1.240081 1.644131 0.303747
1.950841 1.258566 1.646121 0.299716
1.961968 1.235853 1.638718 0.310055
1.963656 1.204726 1.630884 0.307294
1.972152 1.259138 1.646167 0.299743
1.974964 1.208974 1.632057 0.308293
1.976672 1.232454 1.637859 0.309966
1.983160 1.242173 1.644518 0.304623
1.983250 1.213156 1.633152 0.309177
1.985970 1.228871 1.636974 0.309982
1.988248 1.217234 1.634170 0.309844
1.990681 1.225109 1.636099 0.310079
1.992529 1.221225 1.635173 0.310076
1.993312 1.259527 1.646188 0.299721
2.012539 1.259985 1.646197 0.299657
2.015053 1.244318 1.644817 0.304565
2.029323 1.260544 1.646266 0.299890
2.042199 1.246511 1.645058 0.304292
2.045567 1.261042 1.646307 0.299930
2.059925 1.261551 1.646388 0.300123
2.066329 1.248680 1.645360 0.304376
2.071925 1.262106 1.646481 0.300411
2.083129 1.262540 1.646568 0.300808
2.086084 1.250850 1.645700 0.304707
2.094876 1.262697 1.646657 0.301213
2.103509 1.252950 1.645938 0.304571
2.103510 1.263171 1.646733 0.301501
2.113289 1.255113 1.646181 0.304416
2.114346 1.263335 1.646775 0.301626
2.123012 1.263603 1.646845 0.301813
2.128200 1.256808 1.646321 0.303604
2.130616 1.263612 1.646920 0.302055
2.136834 1.263779 1.646988 0.302143
2.137168 1.258540 1.646522 0.303191
2.140840 1.263795 1.647060 0.302330
2.144007 1.260009 1.646691 0.302762
2.144120 1.263785 1.647108 0.302491
2.146895 1.263464 1.647093 0.302466
2.149040 1.261244 1.646830 0.302509
2.150560 1.262236 1.646941 0.302307
2.150713 1.262987 1.647038 0.302389