-8.475359 -0.549928 1.598537 0.285532
-8.470994 -0.548329 1.598024 0.289981
-8.449580 -0.552438 1.599428 0.282519
-8.447788 -0.547906 1.597897 0.294388
-8.437714 -0.548518 1.598044 0.299176
-8.429067 -0.548740 1.598145 0.304182
-8.415472 -0.548546 1.598185 0.309204
-8.415156 -0.554931 1.600514 0.280228
-8.399225 -0.548228 1.598208 0.313972
-8.388562 -0.558235 1.601911 0.278287
-8.381722 -0.547412 1.598132 0.318477
-8.359881 -0.561604 1.603409 0.277767
-8.356360 -0.546413 1.598050 0.322945
-8.326063 -0.545254 1.597873 0.327690
-8.324763 -0.564547 1.604887 0.277391
-8.293814 -0.567910 1.606322 0.276709
-8.293316 -0.543943 1.597680 0.332548
-8.264216 -0.571431 1.607697 0.276093
-8.255908 -0.541903 1.597260 0.336488
-8.232840 -0.574971 1.609036 0.276441
-8.218866 -0.539819 1.596812 0.340121
-8.205736 -0.578805 1.610252 0.277210
-8.186049 -0.537631 1.596359 0.343290
-8.172409 -0.582460 1.611356 0.278144
-8.156907 -0.535635 1.595937 0.346353
-8.135489 -0.586071 1.612330 0.279047
-8.125390 -0.533595 1.595491 0.348895
-8.097952 -0.589966 1.613267 0.280580
-8.096176 -0.531786 1.595176 0.351684
-8.068423 -0.529848 1.594847 0.354286
-8.048971 -0.593962 1.614173 0.282283
-8.040776 -0.527681 1.594491 0.356648
-8.012079 -0.525216 1.594064 0.358876
-7.996202 -0.598420 1.615207 0.284545
-7.983247 -0.522343 1.593500 0.361124
-7.951686 -0.519070 1.592825 0.363366
-7.926950 -0.602489 1.616164 0.286316
-7.918292 -0.515494 1.592095 0.365504
-7.881953 -0.511544 1.591238 0.367248
-7.847982 -0.507360 1.590332 0.369375
-7.847618 -0.606664 1.617134 0.287671
-7.813657 -0.503020 1.589378 0.371452
-7.782690 -0.498453 1.588320 0.373785
-7.768690 -0.611176 1.618231 0.290279
-7.751008 -0.493658 1.587048 0.375720
-7.716552 -0.488920 1.585701 0.377648
-7.695609 -0.616322 1.619461 0.293762
-7.684777 -0.484015 1.584228 0.379838
-7.649993 -0.478853 1.582700 0.381328
-7.612044 -0.473683 1.581283 0.382667
-7.595732 -0.619263 1.620136 0.295138
-7.574596 -0.468374 1.579877 0.383990
-7.536215 -0.463085 1.578509 0.385518
-7.497110 -0.622645 1.620839 0.297424
-7.496050 -0.457856 1.577161 0.387000
-7.461856 -0.452318 1.575780 0.388399
-7.427277 -0.446773 1.574396 0.389788
-7.401010 -0.441032 1.572993 0.391618
-7.397561 -0.625407 1.621372 0.299892
-7.376374 -0.435166 1.571565 0.393200
-7.360204 -0.429102 1.570115 0.394926
-7.348062 -0.423066 1.568756 0.397174
-7.334667 -0.416955 1.567393 0.399136
-7.315006 -0.411076 1.566184 0.401208
-7.297680 -0.626940 1.621638 0.301990
-7.294978 -0.405291 1.565027 0.403395
-7.276599 -0.399523 1.563813 0.405588
-7.258536 -0.393974 1.562552 0.408108
-7.235586 -0.388570 1.561230 0.410504
-7.215118 -0.383293 1.559846 0.413326
-7.202438 -0.627957 1.621810 0.304621
-7.188169 -0.378292 1.558420 0.416026
-7.164626 -0.373395 1.556928 0.418987
-7.126498 -0.369193 1.555480 0.421646
-7.111177 -0.628749 1.621999 0.307004
-7.087486 -0.364740 1.553897 0.423493
-7.045368 -0.360742 1.552353 0.425789
-7.024712 -0.629355 1.622204 0.309580
-7.000253 -0.356787 1.550731 0.427327
-6.956041 -0.352828 1.549104 0.428919
-6.943257 -0.629546 1.622366 0.312089
-6.908416 -0.349199 1.547593 0.430450
-6.873328 -0.345422 1.546234 0.433718
-6.861232 -0.629369 1.622464 0.313929
-6.832475 -0.341424 1.544904 0.436177
-6.790055 -0.337308 1.543623 0.438289
-6.780358 -0.629068 1.622589 0.315391
-6.741128 -0.333363 1.542413 0.439198
-6.699023 -0.628999 1.622784 0.316519
-6.696621 -0.329077 1.541094 0.438314
-6.656824 -0.324886 1.539837 0.436230
-6.616847 -0.628542 1.623002 0.318074
-6.612862 -0.321776 1.538869 0.433275
-6.573027 -0.318553 1.537906 0.430092
-6.534155 -0.628236 1.623298 0.319553
-6.533586 -0.314580 1.536834 0.427980
-6.483531 -0.311306 1.536009 0.426474
-6.451857 -0.627567 1.623558 0.321012
-6.427292 -0.308197 1.535306 0.426547
-6.370334 -0.626464 1.623853 0.322288
-6.368787 -0.306346 1.534994 0.428720
-6.306847 -0.305135 1.534817 0.431139
-6.288690 -0.625361 1.624263 0.324172
-6.241353 -0.304014 1.534626 0.433518
-6.203459 -0.623956 1.624739 0.325790
-6.171662 -0.303684 1.534634 0.436135
-6.112149 -0.622541 1.625294 0.327417
-6.093989 -0.303473 1.534520 0.436355
-6.015254 -0.303638 1.534380 0.435613
-6.013529 -0.621132 1.625876 0.329223
-5.937220 -0.305338 1.534559 0.434657
-5.911215 -0.619969 1.626487 0.331738
-5.866004 -0.308137 1.534891 0.431742
-5.807456 -0.618147 1.627027 0.333032
-5.797073 -0.310213 1.534956 0.427591
-5.729959 -0.311896 1.534861 0.422728
-5.708223 -0.617234 1.627809 0.335377
-5.678078 -0.312192 1.534369 0.415980
-5.625160 -0.312212 1.533822 0.409174
-5.613406 -0.616380 1.628556 0.337055
-5.584842 -0.311959 1.533203 0.401664
-5.545272 -0.311239 1.532428 0.394204
-5.524719 -0.615498 1.629365 0.338652
-5.516176 -0.309516 1.531381 0.386625
-5.497614 -0.307976 1.530375 0.378811
-5.476678 -0.306307 1.529347 0.371177
-5.459227 -0.304658 1.528317 0.363491
-5.443766 -0.302813 1.527230 0.355753
-5.440485 -0.614685 1.630185 0.339943
-5.434263 -0.301014 1.526182 0.347772
-5.425488 -0.299399 1.525231 0.339509
-5.421198 -0.297896 1.524337 0.330845
-5.420438 -0.295554 1.523260 0.321993
-5.407231 -0.291494 1.521876 0.313394
-5.397005 -0.286420 1.520291 0.304963
-5.380266 -0.279627 1.518433 0.297658
-5.358991 -0.614341 1.631097 0.341624
-5.352938 -0.271939 1.516468 0.291351
-5.313978 -0.263403 1.514403 0.286487
-5.276851 -0.613913 1.632007 0.343121
-5.269029 -0.253813 1.512242 0.284704
-5.215542 -0.244381 1.510188 0.284843
-5.194510 -0.613394 1.632964 0.345022
-5.170765 -0.234964 1.508340 0.288176
-5.131323 -0.225637 1.506595 0.292584
-5.113297 -0.613086 1.633973 0.346998
-5.092729 -0.216256 1.504877 0.297119
-5.053990 -0.206813 1.503131 0.301595
-5.033561 -0.613083 1.635006 0.348785
-5.013339 -0.197133 1.501303 0.305232
-4.975761 -0.186869 1.499307 0.307939
-4.956723 -0.612704 1.636044 0.350716
-4.935201 -0.176375 1.497224 0.310403
-4.896391 -0.165723 1.494983 0.312301
-4.881794 -0.612441 1.637061 0.352252
-4.856182 -0.155129 1.492686 0.314081
-4.815038 -0.144335 1.490304 0.315658
-4.809186 -0.612236 1.638016 0.353267
-4.778390 -0.133195 1.487837 0.316537
-4.740550 -0.612126 1.638963 0.354039
-4.730823 -0.122349 1.485340 0.317300
-4.683619 -0.111459 1.482841 0.318464
-4.680756 -0.612245 1.640059 0.355597
-4.638836 -0.100395 1.480330 0.319426
-4.625521 -0.612227 1.641092 0.356415
-4.597617 -0.031454 1.601547 0.331692
-4.597362 -0.025476 1.599767 0.331901
-4.596414 -0.019572 1.598126 0.331984
-4.595855 -0.008212 1.595386 0.332068
-4.594677 -0.013813 1.596675 0.331882
-4.593961 -0.037506 1.603389 0.331419
-4.593114 -0.089233 1.477860 0.320440
-4.590864 -0.002766 1.594091 0.331673
-4.586667 -0.043560 1.605219 0.331227
-4.583839 -0.049586 1.607193 0.330911
-4.582968 0.002423 1.592862 0.332214
-4.578726 -0.055493 1.609289 0.330256
-4.578346 -0.612105 1.642170 0.357290
-4.575662 0.007447 1.591660 0.332048
-4.571659 -0.061425 1.611352 0.330077
-4.566757 0.012245 1.590511 0.331831
-4.560779 -0.067296 1.613294 0.330067
-4.558539 0.016805 1.589437 0.331461
-4.553994 -0.077761 1.475307 0.321289
-4.550000 0.021110 1.588501 0.330622
-4.548442 -0.363063 1.611440 0.373360
-4.542674 -0.358662 1.609163 0.372115
-4.542033 -0.073076 1.615141 0.330364
-4.540543 -0.368236 1.613898 0.373749
-4.538413 0.025254 1.587610 0.330369
-4.537127 -0.612410 1.643309 0.358044
-4.535477 -0.355137 1.606930 0.370996
-4.530765 -0.352099 1.604762 0.370829
-4.529608 -0.079015 1.616901 0.329718
-4.526955 -0.349345 1.602518 0.371088
-4.524957 0.029083 1.586778 0.329507
-4.522926 -0.346748 1.600377 0.370748
-4.518920 -0.344046 1.598176 0.370355
-4.513863 -0.373438 1.616415 0.374719
-4.511823 -0.084913 1.618591 0.329907
-4.511411 0.032851 1.585967 0.328903
-4.510773 -0.066266 1.472704 0.321711
-4.506198 -0.341425 1.596253 0.369772
-4.500938 -0.612554 1.644467 0.358789
-4.497584 0.036569 1.585191 0.328062
-4.495857 -0.090859 1.620235 0.329596
-4.489237 -0.338948 1.594443 0.369121
-4.486206 -0.378845 1.618903 0.375428
-4.480303 -0.096758 1.621785 0.329806
-4.478812 0.040145 1.584363 0.326970
-4.467670 -0.612399 1.645560 0.359203
-4.466320 -0.102469 1.623235 0.329702
-4.465329 -0.336802 1.592919 0.370098
-4.463935 -0.054739 1.470094 0.322321
-4.458924 0.043757 1.583484 0.325553
-4.448491 -0.383486 1.621287 0.376627
-4.447116 -0.107730 1.624498 0.329387
-4.444230 -0.334453 1.591612 0.371642
-4.437952 -0.612349 1.646686 0.359631
-4.435169 0.047421 1.582538 0.324282
-4.433987 -0.389072 1.623757 0.377051
-4.430744 -0.112624 1.625676 0.328831
-4.424301 -0.331509 1.590392 0.372247
-4.417139 -0.043174 1.467484 0.322569
-4.416600 -0.117256 1.626733 0.328545
-4.411350 0.051206 1.581579 0.322820
-4.408362 -0.612416 1.647849 0.360080
-4.404702 -0.121435 1.627607 0.327433
-4.400615 -0.328574 1.589292 0.372626
-4.387792 -0.125168 1.628336 0.326664
-4.383988 0.054913 1.580583 0.321154
-4.377215 -0.128702 1.629001 0.325658
-4.376973 -0.612318 1.648937 0.360495
-4.376804 -0.325542 1.588317 0.373455
-4.374459 -0.390817 1.625262 0.377578
-4.364852 -0.031852 1.464895 0.322065
-4.360586 -0.131780 1.629510 0.325017
-4.357961 0.058722 1.579544 0.319073
-4.346905 -0.322961 1.587490 0.374945
-4.343010 -0.134555 1.629952 0.324337
-4.340865 -0.612278 1.650048 0.360871
-4.329970 0.062535 1.578459 0.316987
-4.324866 -0.137068 1.630350 0.323978
-4.318305 -0.389251 1.625862 0.375705
-4.316659 -0.319772 1.586775 0.375263
-4.310259 -0.020436 1.462278 0.321723
-4.309057 -0.139443 1.630805 0.323854
-4.302304 -0.612457 1.651224 0.361578
-4.299284 0.066199 1.577297 0.314813
-4.291171 -0.141474 1.631220 0.323974
-4.285482 -0.316477 1.586017 0.375899
-4.274387 -0.385676 1.625936 0.374214
-4.272938 -0.143301 1.631586 0.324054
-4.268274 0.069751 1.576043 0.312426
-4.260722 -0.612520 1.652381 0.362056
-4.257121 -0.312739 1.585140 0.376207
-4.253543 -0.145158 1.631972 0.324107
-4.241942 -0.009497 1.459755 0.321718
-4.239444 0.073470 1.574668 0.309984
-4.231792 -0.146922 1.632366 0.324352
-4.231007 -0.382216 1.626128 0.374457
-4.224756 -0.309316 1.584276 0.377075
-4.216704 -0.612027 1.653515 0.362378
-4.209251 -0.377890 1.626015 0.373178
-4.207611 -0.148772 1.632773 0.324632
-4.207428 0.077296 1.573133 0.308197
-4.197741 -0.305286 1.582997 0.377439
-4.190563 -0.373739 1.626002 0.371909
-4.180783 0.081316 1.571357 0.306318
-4.179472 -0.150844 1.633285 0.324900
-4.173808 -0.611604 1.654723 0.362372
-4.171488 0.001363 1.457186 0.321131
-4.171303 -0.370159 1.626011 0.370267
-4.162567 -0.301780 1.581848 0.377440
-4.158607 -0.366419 1.626061 0.368981
-4.156643 0.085546 1.569360 0.304609
-4.145803 -0.152907 1.633798 0.325235
-4.145634 -0.362879 1.626097 0.367479
-4.137711 -0.610927 1.655956 0.362416
-4.135798 0.089818 1.567216 0.302384
-4.133522 -0.359263 1.626110 0.365880
-4.125259 -0.298359 1.580502 0.378030
-4.124858 -0.355280 1.626087 0.364514
-4.112381 0.094281 1.564982 0.300651
-4.111013 -0.351338 1.626041 0.362840
-4.108838 -0.610501 1.657229 0.362506
-4.108720 -0.155175 1.634302 0.325004
-4.098266 -0.347561 1.625943 0.360655
-4.087940 -0.294718 1.579126 0.378508
-4.087901 0.011217 1.454780 0.319384
-4.087115 0.098848 1.562728 0.298885
-4.085683 -0.610183 1.658576 0.362603
-4.081857 -0.343409 1.625918 0.359138
-4.068020 -0.157373 1.634783 0.324657
-4.067246 -0.609666 1.659889 0.362524
-4.065398 -0.339127 1.625946 0.357265
-4.058919 0.103618 1.560482 0.297563
-4.054085 -0.334454 1.626074 0.355573
-4.050543 -0.290932 1.577653 0.378971
-4.047758 -0.609488 1.661192 0.362659
-4.039124 -0.329565 1.626160 0.354018
-4.036899 0.108765 1.558221 0.296196
-4.027342 -0.159683 1.635303 0.324558
-4.023667 -0.324399 1.626283 0.352555
-4.023016 -0.609229 1.662465 0.362692
-4.008680 -0.287262 1.576180 0.379554
-4.005011 0.113751 1.556194 0.295489
-4.003186 -0.319154 1.626436 0.351260
-3.999123 0.020319 1.452514 0.317374
-3.991618 -0.609023 1.663703 0.362599
-3.986317 -0.161969 1.635830 0.324686
-3.983514 0.119304 1.554186 0.294904
-3.975552 -0.313892 1.626633 0.350881
-3.971152 -0.283695 1.574756 0.381818
-3.958998 -0.608435 1.664813 0.362098
-3.955997 0.124793 1.552274 0.294528
-3.951177 -0.308390 1.626747 0.349976
-3.945349 -0.164266 1.636384 0.324829
-3.934713 0.130696 1.550424 0.293806
-3.926176 -0.279975 1.573252 0.383084
-3.926058 -0.607916 1.665845 0.362351
-3.919769 -0.303075 1.626971 0.350793
-3.907755 0.028207 1.450479 0.314071
-3.906485 -0.166375 1.636804 0.324704
-3.904249 0.136479 1.548690 0.292672
-3.893096 -0.297367 1.627061 0.350840
-3.892733 -0.607424 1.666752 0.362410
-3.883537 -0.275774 1.571642 0.384561
-3.881898 0.142659 1.546988 0.290712
-3.870636 -0.168269 1.637124 0.324959
-3.863398 -0.291629 1.627159 0.350544
-3.859402 -0.606740 1.667509 0.362201
-3.853098 0.149013 1.545384 0.289152
-3.842364 -0.271369 1.570016 0.386614
-3.839571 -0.170066 1.637382 0.325642
-3.827216 -0.606496 1.668230 0.362152
-3.823591 -0.286443 1.627336 0.350982
-3.821338 0.155722 1.543876 0.288316
-3.817522 0.035372 1.448585 0.310642
-3.811538 -0.171565 1.637411 0.326119
-3.809349 -0.195238 1.630232 0.328662
-3.798110 -0.606551 1.668880 0.362357
-3.796606 -0.267662 1.568570 0.389683
-3.796063 -0.280649 1.627305 0.350645
-3.794141 -0.195687 1.629245 0.332841
-3.785427 -0.173007 1.637356 0.326284
-3.777474 -0.196277 1.628315 0.336794
-3.775413 -0.195101 1.631337 0.325588
-3.775413 0.162068 1.542560 0.288711
-3.769608 -0.606181 1.669362 0.362023
-3.766887 -0.274979 1.627287 0.350509
-3.760791 -0.174454 1.637175 0.326750
-3.752434 -0.262923 1.566968 0.391740
-3.741735 -0.176019 1.636904 0.327077
-3.740454 -0.195429 1.625836 0.342673
-3.740244 0.168532 1.541241 0.286099
-3.739713 -0.197580 1.627406 0.339037
-3.737798 -0.203979 1.625318 0.345830
-3.737340 -0.605817 1.669763 0.361746
-3.736032 -0.199552 1.625577 0.344609
-3.734707 -0.269722 1.627348 0.351816
-3.732190 -0.192842 1.632077 0.325212
-3.727032 0.041409 1.446936 0.306871
-3.725264 -0.177132 1.636386 0.326838
-3.712215 -0.178240 1.635775 0.326893
-3.708837 -0.204533 1.624378 0.349325
-3.706235 -0.264333 1.627268 0.352944
-3.702867 -0.258444 1.565459 0.394040
-3.699337 -0.179472 1.635126 0.326548
-3.699086 0.174612 1.540046 0.283441
-3.697763 -0.604810 1.669939 0.360596
-3.692826 -0.181641 1.634502 0.325840
-3.692662 -0.184452 1.633937 0.325139
-3.691281 -0.258614 1.627013 0.353157
-3.689587 -0.208280 1.624034 0.350757
-3.688090 -0.187769 1.633439 0.324694
-3.687195 -0.191794 1.633076 0.324420
-3.685418 -0.216096 1.624001 0.353601
-3.677012 -0.220308 1.624147 0.353278
-3.674488 -0.212065 1.623907 0.352423
-3.666851 -0.224473 1.624518 0.354015
-3.666444 -0.253416 1.626741 0.353193
-3.656170 -0.228835 1.624910 0.354078
-3.656036 0.179483 1.539054 0.279293
-3.653168 -0.253756 1.564009 0.396394
-3.650481 -0.603782 1.670100 0.360184
-3.649713 -0.248216 1.626421 0.353408
-3.646559 -0.233298 1.625272 0.353902
-3.645076 -0.243029 1.626129 0.353774
-3.644962 -0.238046 1.625708 0.353882
-3.637849 0.046747 1.445474 0.303481
-3.606712 -0.602486 1.670204 0.358752
-3.605620 0.183844 1.538232 0.275488
-3.599779 -0.249367 1.562574 0.399112
-3.562886 -0.601521 1.670495 0.357401
-3.554278 0.051721 1.444101 0.300199
-3.547162 0.187572 1.537534 0.271996
-3.536531 -0.245766 1.561192 0.401643
-3.522801 -0.600016 1.670799 0.355922
-3.493971 0.190383 1.537005 0.267222
-3.478321 -0.241824 1.559735 0.404952
-3.477750 -0.598952 1.671278 0.355050
-3.468654 0.055371 1.443041 0.296965
-3.439078 -0.597262 1.671753 0.353403
-3.433871 0.192740 1.536557 0.263126
-3.414925 -0.238068 1.558213 0.408105
-3.396172 -0.595994 1.672510 0.353013
-3.385337 0.058555 1.442115 0.294082
-3.369218 0.194036 1.536271 0.259798
-3.355348 -0.594764 1.673344 0.353090
-3.345380 -0.234426 1.556664 0.410614
-3.320408 -0.593486 1.674123 0.351683
-3.312155 0.195518 1.535831 0.256216
-3.302868 0.061071 1.441284 0.291388
-3.292091 -0.591982 1.674818 0.350609
-3.270910 -0.231119 1.555114 0.413171
-3.270213 -0.590637 1.675479 0.349414
-3.262318 0.197032 1.535260 0.252319
-3.251947 -0.589915 1.676133 0.348432
-3.235074 -0.589097 1.676577 0.347558
-3.221628 0.062996 1.440572 0.288535
-3.220229 -0.588647 1.676857 0.346011
-3.212672 0.198345 1.534649 0.248961
-3.203466 -0.588199 1.677010 0.344856
-3.187124 -0.587501 1.676988 0.343567
-3.186959 -0.229277 1.553874 0.416531
-3.171888 -0.586948 1.676943 0.341668
-3.166748 0.199956 1.533874 0.245764
-3.146697 -0.585758 1.676682 0.340166
-3.143537 0.065214 1.439732 0.285646
-3.124212 0.200958 1.533132 0.242311
-3.118880 -0.584622 1.676385 0.337915
-3.102451 -0.586933 1.676074 0.309073
-3.099831 -0.588447 1.676552 0.312314
-3.099701 -0.227749 1.552674 0.420530
-3.099460 -0.590483 1.677089 0.315021
-3.098660 -0.584221 1.676221 0.334449
-3.096752 -0.588870 1.676832 0.318145
-3.086521 -0.585724 1.675656 0.305365
-3.081711 -0.584072 1.676096 0.330798
-3.079579 -0.589239 1.677020 0.321387
-3.079442 0.201852 1.532301 0.239460
-3.076546 -0.584298 1.676038 0.326929
-3.075482 -0.586842 1.676582 0.324121
-3.066066 0.067014 1.439021 0.282670
-3.060080 -0.583020 1.674929 0.302234
-3.037574 0.202978 1.531229 0.236394
-3.029123 -0.581169 1.674342 0.298156
-3.004759 -0.225119 1.551199 0.423214
-2.996658 0.203782 1.530064 0.232943
-2.991870 -0.578509 1.673636 0.295535
-2.985389 0.068534 1.438499 0.280319
-2.957614 0.205575 1.528550 0.229334
-2.950314 -0.577179 1.673286 0.294017
-2.925653 0.208205 1.526689 0.225129
-2.917195 -0.575825 1.672984 0.293796
-2.908156 0.070574 1.437851 0.277476
-2.907177 -0.224078 1.550164 0.426999
-2.889785 -0.575356 1.672863 0.293784
-2.888088 0.210189 1.524921 0.220400
-2.869400 -0.574659 1.672700 0.293883
-2.856215 0.213291 1.522930 0.215632
-2.850847 -0.574165 1.672581 0.294340
-2.831877 -0.573936 1.672557 0.295016
-2.830268 0.072736 1.437222 0.274760
-2.820013 0.216052 1.520975 0.210425
-2.816306 -0.573748 1.672554 0.296512
-2.806474 -0.222132 1.548994 0.430328
-2.794453 -0.573942 1.672590 0.297735
-2.778303 0.218106 1.519340 0.204866
-2.769490 -0.574012 1.672638 0.299359
-2.752347 0.075235 1.436594 0.272018
-2.736846 0.221026 1.517612 0.199240
-2.735091 -0.573016 1.672418 0.299583
-2.702570 -0.572179 1.672168 0.297941
-2.699302 -0.220408 1.547983 0.432544
-2.690930 0.224143 1.515951 0.193320
-2.675882 0.078170 1.435924 0.269123
-2.670240 -0.571265 1.671883 0.295788
-2.650354 0.225538 1.514695 0.186009
-2.648369 -0.571046 1.671666 0.292261
-2.627309 -0.570907 1.671448 0.288401
-2.606674 -0.570565 1.671161 0.284222
-2.602657 0.227663 1.513427 0.178933
-2.597296 0.081257 1.435273 0.266261
-2.591155 -0.218875 1.547154 0.435019
-2.577968 -0.569784 1.670720 0.280066
-2.550962 0.229818 1.512310 0.171786
-2.548464 -0.569288 1.670329 0.275407
-2.516303 0.084378 1.434690 0.263327
-2.514372 -0.568657 1.669935 0.270557
-2.505058 0.231430 1.511491 0.164056
-2.480047 -0.217570 1.546438 0.436802
-2.472685 -0.567297 1.669400 0.265868
-2.458132 0.233293 1.510647 0.156343
-2.434572 0.087833 1.434096 0.260253
-2.418268 0.235754 1.509621 0.148445
-2.417718 -0.565506 1.668882 0.262377
-2.373419 0.237793 1.508681 0.140730
-2.369344 -0.217158 1.546046 0.439433
-2.360675 -0.563733 1.668360 0.259100
-2.354444 0.091891 1.433358 0.256772
-2.326948 0.240854 1.507559 0.133483
-2.302149 -0.560959 1.667697 0.257243
-2.277199 0.096451 1.432557 0.253265
-2.267726 0.243996 1.506594 0.127363
-2.258985 -0.217457 1.545820 0.441974
-2.239438 -0.559507 1.667365 0.255715
-2.216876 0.248330 1.505374 0.121383
-2.202201 -0.007973 1.481436 0.299666
-2.202154 -0.007911 1.481920 0.299644
-2.202088 -0.007844 1.482412 0.299622
-2.201986 -0.007773 1.482877 0.299600
-2.201888 -0.007709 1.483305 0.299580
-2.201756 -0.007624 1.483792 0.299556
-2.201583 -0.007513 1.484380 0.299526
-2.201399 -0.007372 1.485086 0.299491
-2.201250 -0.007218 1.485824 0.299453
-2.201150 -0.007040 1.486637 0.299414
-2.201060 -0.006858 1.487460 0.299376
-2.200884 -0.006665 1.488339 0.299336
-2.200666 -0.006462 1.489252 0.299291
-2.200421 -0.006265 1.490136 0.299249
-2.200284 -0.006056 1.491068 0.299205
-2.200197 -0.005838 1.492035 0.299160
-2.200127 -0.005610 1.493050 0.299112
-2.200026 -0.005380 1.494075 0.299065
-2.199876 -0.005134 1.495167 0.299012
-2.199692 -0.004899 1.496206 0.298961
-2.199518 0.100892 1.431858 0.249646
-2.199467 -0.004654 1.497291 0.298909
-2.199303 -0.004408 1.498382 0.298857
-2.199114 -0.004149 1.499530 0.298802
-2.198995 -0.003889 1.500685 0.298747
-2.198968 -0.003639 1.501802 0.298697
-2.198836 -0.003393 1.502894 0.298647
-2.198649 -0.003159 1.503938 0.298602
-2.198534 -0.002961 1.504824 0.298563
-2.198432 -0.002778 1.505641 0.298528
-2.198288 -0.002614 1.506365 0.298497
-2.198107 -0.002481 1.506952 0.298475
-2.197969 -0.002345 1.507547 0.298449
-2.197933 -0.002241 1.508004 0.298429
-2.197913 -0.002169 1.508326 0.298414
-2.197836 -0.002125 1.508508 0.298406
-2.197624 -0.002082 1.508661 0.298400
-2.197414 -0.002068 1.508672 0.298400
-2.197156 -0.002047 1.508690 0.298401
-2.196766 -0.002021 1.508682 0.298402
-2.196341 -0.001971 1.508760 0.298397
-2.195808 -0.001881 1.508968 0.298390
-2.195521 -0.001804 1.509200 0.298376
-2.195265 -0.001705 1.509532 0.298359
-2.195109 -0.001591 1.509982 0.298337
-2.194885 -0.001435 1.510583 0.298307
-2.194767 -0.001260 1.511318 0.298272
-2.194656 -0.001089 1.512035 0.298238
-2.194474 -0.000900 1.512783 0.298204
-2.194288 -0.000701 1.513579 0.298166
-2.194209 -0.000521 1.514338 0.298132
-2.194176 -0.000335 1.515147 0.298095
-2.194096 -0.000169 1.515843 0.298060
-2.193998 0.000016 1.516610 0.298024
-2.193891 0.000191 1.517324 0.297989
-2.193844 0.000352 1.518007 0.297957
-2.193786 0.000531 1.518757 0.297921
-2.193658 0.000761 1.519690 0.297874
-2.193563 0.000997 1.520664 0.297828
-2.193498 0.001224 1.521626 0.297783
-2.193382 0.001464 1.522595 0.297735
-2.193262 0.001703 1.523553 0.297688
-2.193169 0.001914 1.524397 0.297646
-2.193046 0.002112 1.525138 0.297606
-2.192904 0.002303 1.525824 0.297567
-2.192858 0.002444 1.526350 0.297539
-2.192821 0.002554 1.526725 0.297517
-2.192767 0.002670 1.527101 0.297496
-2.192754 0.002706 1.527201 0.297489
-2.192709 0.002743 1.527219 0.297487
-2.192697 0.002791 1.527164 0.297478
-2.192502 0.002913 1.527222 0.297468
-2.192260 0.003049 1.527295 0.297452
-2.192197 0.003099 1.527354 0.297448
-2.192061 0.003202 1.527498 0.297436
-2.191944 0.003285 1.527624 0.297425
-2.191578 0.003473 1.527735 0.297417
-2.191022 0.003677 1.527831 0.297389
-2.190326 0.003929 1.527867 0.297373
-2.189528 0.004167 1.527904 0.297329
-2.188141 0.004529 1.527890 0.297261
-2.185559 0.005124 1.527775 0.297120
-2.183262 0.005666 1.527657 0.296944
-2.178294 -0.558103 1.667040 0.254453
-2.176906 0.007106 1.527300 0.296560
-2.173623 0.007753 1.527047 0.296366
-2.161981 0.010492 1.526453 0.295767
-2.158635 0.011265 1.526274 0.295647
-2.158297 0.254050 1.503953 0.117289
-2.148089 -0.217260 1.545561 0.443909
-2.141859 0.014407 1.525496 0.294606
-2.132657 0.016255 1.525082 0.294182
-2.120426 0.105818 1.431099 0.246972
-2.115689 -0.557439 1.666927 0.253647
-2.113015 0.020035 1.524139 0.293145
-2.103318 0.021775 1.523665 0.292664
-2.095973 0.023441 1.523351 0.292299
-2.084158 0.259798 1.502667 0.116976
-2.081374 0.026092 1.522707 0.291684
-2.056808 -0.555879 1.666714 0.254537
-2.053519 0.030780 1.521538 0.290400
-2.042454 0.111051 1.430278 0.244359
-2.040971 0.032958 1.520972 0.289973
-2.037896 -0.217145 1.545333 0.445653
-2.007077 0.264756 1.501693 0.120040
-2.001343 0.040366 1.519261 0.288294
-1.996124 -0.555147 1.666645 0.254851
-1.968393 0.045962 1.517990 0.286950
-1.963273 0.116529 1.429419 0.241780
-1.945591 0.049953 1.517116 0.286211
-1.943893 -0.552757 1.666227 0.256767
-1.937232 0.269819 1.500743 0.124713
-1.930514 0.052446 1.516554 0.285591
-1.929114 -0.217216 1.545169 0.447314
-1.920669 0.054016 1.516197 0.285214
-1.912037 0.055457 1.515776 0.284870
-1.904178 0.056725 1.515375 0.284496
-1.896491 0.057974 1.515002 0.284175
-1.886810 -0.554227 1.666620 0.258226
-1.885377 0.122260 1.428483 0.239376
-1.885358 0.059690 1.514479 0.283642
-1.868703 0.062229 1.513811 0.282862
-1.865095 0.270706 1.500788 0.131536
-1.844435 0.065578 1.513054 0.281613
-1.829387 -0.552364 1.666172 0.257532
-1.820400 -0.216560 1.544876 0.447957
-1.815208 0.069434 1.512237 0.280229
-1.808396 0.128323 1.427588 0.237073
-1.789744 0.270763 1.501035 0.138126
-1.784802 0.073729 1.511313 0.278772
-1.778086 -0.549633 1.665673 0.259865
-1.754132 0.078048 1.510356 0.277131
-1.741537 0.318971 1.455689 0.263179
-1.740721 0.326728 1.453888 0.263915
-1.737378 0.294935 1.461074 0.262177
-1.736867 0.311158 1.457379 0.262260
-1.735722 0.303102 1.459258 0.262391
-1.734597 0.334403 1.452063 0.264452
-1.732429 0.134665 1.426668 0.235003
-1.731771 0.286666 1.462888 0.261186
-1.728386 0.342124 1.450370 0.265466
-1.726927 0.269875 1.466819 0.261038
-1.725444 0.271816 1.501128 0.145585
-1.724616 0.278303 1.464849 0.261113
-1.723942 -0.546972 1.665205 0.262448
-1.722671 0.349979 1.448436 0.265792
-1.722629 0.082407 1.509407 0.275538
-1.720797 0.261669 1.468576 0.259265
-1.719557 0.253367 1.470601 0.259066
-1.715873 0.245146 1.472600 0.259220
-1.711048 -0.216427 1.544716 0.447980
-1.709847 0.237131 1.474482 0.258666
-1.708925 0.357835 1.446610 0.266748
-1.701885 0.229263 1.476303 0.258047
-1.692546 0.086751 1.508415 0.273868
-1.691452 0.221533 1.478094 0.257213
-1.690777 0.365579 1.444700 0.266184
-1.681529 0.214018 1.479799 0.256489
-1.674347 0.373026 1.442813 0.267024
-1.667445 0.274459 1.500895 0.152937
-1.665370 0.091226 1.507381 0.272638
-1.664736 0.206974 1.481355 0.255547
-1.662481 0.141869 1.425651 0.233980
-1.657647 -0.548300 1.665579 0.264156
-1.652913 0.380073 1.441131 0.267925
-1.647970 0.200275 1.482808 0.254775
-1.641025 0.095519 1.506389 0.271350
-1.632377 0.386812 1.439446 0.268895
-1.630836 0.194091 1.484125 0.254034
-1.621764 -0.542525 1.664260 0.263598
-1.620469 0.099505 1.505469 0.270343
-1.612597 0.188387 1.485383 0.253767
-1.603489 0.393120 1.437859 0.270175
-1.603116 0.103294 1.504576 0.269210
-1.601454 -0.216664 1.544599 0.448479
-1.598886 0.274192 1.501235 0.159723
-1.596915 0.183135 1.486521 0.253542
-1.591262 0.149080 1.424710 0.233073
-1.588132 0.106906 1.503697 0.268156
-1.582387 0.178307 1.487574 0.253210
-1.578891 0.399222 1.436408 0.272603
-1.575756 0.110243 1.502954 0.267103
-1.567009 0.173763 1.488645 0.253446
-1.565054 0.113794 1.502147 0.265972
-1.559990 -0.541340 1.664166 0.267328
-1.554454 0.117581 1.501285 0.264744
-1.553532 0.169320 1.489679 0.253610
-1.542326 0.121266 1.500437 0.263304
-1.541577 0.164801 1.490683 0.253580
-1.538903 0.404853 1.434952 0.274337
-1.534760 0.286373 1.498894 0.177403
-1.532234 0.160212 1.491737 0.253869
-1.529929 0.279193 1.500478 0.172684
-1.529466 0.124964 1.499587 0.261662
-1.527587 0.273336 1.501565 0.165977
-1.526495 0.293526 1.497250 0.181822
-1.523291 0.155625 1.492810 0.254347
-1.522648 0.129045 1.498694 0.260426
-1.522327 0.156696 1.423850 0.233613
-1.521161 0.306642 1.494346 0.191393
-1.518001 0.151000 1.493850 0.255022
-1.517318 0.133151 1.497806 0.259085
-1.516740 0.313845 1.492763 0.194388
-1.516422 0.300104 1.495742 0.186699
-1.514918 0.137534 1.496891 0.258080
-1.513661 0.146398 1.494900 0.255741
-1.513082 0.141898 1.495880 0.256791
-1.503107 0.320812 1.491232 0.197335
-1.498920 0.410375 1.433623 0.276687
-1.494259 -0.216026 1.544295 0.447629
-1.488590 -0.542179 1.664454 0.269498
-1.487971 0.327619 1.489709 0.199901
-1.469162 0.333998 1.488291 0.202629
-1.457144 0.164492 1.423082 0.236247
-1.445745 0.339968 1.486951 0.205382
-1.445620 0.415422 1.432271 0.276700
-1.425143 0.345777 1.485629 0.208148
-1.422153 -0.541308 1.664436 0.273211
-1.402648 0.172790 1.422225 0.240440
-1.389485 -0.216534 1.544366 0.448230
-1.389393 0.419889 1.430973 0.278428
-1.388654 0.350512 1.484543 0.211041
-1.355345 -0.538140 1.663826 0.275402
-1.353250 0.181336 1.421333 0.245131
-1.342269 0.355102 1.483393 0.211576
-1.329020 0.423731 1.429972 0.280483
-1.311001 0.189681 1.420505 0.251143
-1.305133 0.359936 1.482093 0.210188
-1.303526 -0.543388 1.665017 0.275773
-1.288788 -0.217115 1.544469 0.448792
-1.268876 0.364254 1.480922 0.208034
-1.265008 0.427176 1.428993 0.282451
-1.260620 0.198006 1.419675 0.256847
-1.241458 0.368365 1.479719 0.204882
-1.235441 -0.541161 1.664570 0.276819
-1.218575 0.371696 1.478610 0.200703
-1.217385 0.206481 1.418798 0.262846
-1.205293 0.431150 1.428013 0.284165
-1.198561 0.375482 1.477449 0.196821
-1.193339 -0.217357 1.544544 0.449275
-1.177379 0.378734 1.476365 0.192546
-1.173476 0.214836 1.417923 0.269093
-1.172126 -0.540300 1.664481 0.279039
-1.156018 0.382268 1.475272 0.188645
-1.142332 0.434353 1.427203 0.285904
-1.129654 0.386057 1.474145 0.185222
-1.126242 0.223115 1.416992 0.274841
-1.115762 -0.540970 1.664746 0.281552
-1.102942 -0.217472 1.544641 0.449602
-1.099779 0.390012 1.473047 0.182116
-1.081035 0.437493 1.426411 0.287702
-1.078511 0.231203 1.416090 0.280685
-1.063577 0.394053 1.471965 0.179458
-1.060135 -0.540140 1.664621 0.282719
-1.031614 0.239215 1.415179 0.286413
-1.023992 0.398553 1.470839 0.177671
-1.023147 0.439093 1.426014 0.291292
-1.018840 -0.217777 1.544800 0.450425
-1.014211 -0.539052 1.664459 0.284655
-0.985729 0.403441 1.469634 0.176107
-0.983237 -0.542255 1.665141 0.283874
-0.974388 0.247046 1.414279 0.291844
-0.964405 0.441574 1.425471 0.294102
-0.946422 -0.540441 1.664813 0.285429
-0.943738 0.408457 1.468372 0.175215
-0.940377 -0.217940 1.544941 0.451155
-0.920356 0.255579 1.413242 0.297672
-0.908707 -0.541976 1.665209 0.286398
-0.903938 0.443731 1.425065 0.297301
-0.900021 0.413098 1.467240 0.174171
-0.871221 -0.542329 1.665377 0.288173
-0.867242 -0.217859 1.545050 0.451943
-0.859036 0.417815 1.466209 0.173374
-0.854661 0.263659 1.412308 0.303200
-0.839327 0.444967 1.424842 0.301083
-0.830379 -0.542497 1.665437 0.288513
-0.818056 0.422108 1.465216 0.172434
-0.798076 -0.217310 1.545044 0.452531
-0.793183 -0.543276 1.665666 0.289782
-0.788695 0.270571 1.411679 0.309940
-0.779182 0.426357 1.464248 0.171613
-0.764862 0.446482 1.424590 0.303425
-0.757309 -0.542046 1.665457 0.291169
-0.742535 0.430432 1.463335 0.170762
-0.732268 -0.216361 1.544965 0.452706
-0.717899 -0.542160 1.665554 0.292567
-0.712487 0.276794 1.411156 0.316050
-0.708137 0.434370 1.462425 0.169930
-0.684706 0.353932 1.399465 0.247406
-0.683713 0.447705 1.424399 0.305009
-0.679967 0.438257 1.461548 0.169346
-0.673901 0.345865 1.400872 0.246671
-0.672507 -0.541401 1.665415 0.293057
-0.669152 -0.215508 1.544902 0.453432
-0.668230 0.338376 1.402171 0.245179
-0.654968 0.441781 1.460704 0.168812
-0.648589 0.361847 1.398150 0.247351
-0.645599 0.281021 1.411135 0.324016
-0.636500 0.445036 1.459785 0.168130
-0.632771 0.332126 1.403163 0.243318
-0.629717 -0.540092 1.665207 0.294913
-0.622176 0.387337 1.485805 0.268809
-0.622121 0.447931 1.458834 0.167421
-0.613031 0.393146 1.484267 0.267142
-0.613019 0.381366 1.487390 0.270018
-0.609087 0.450730 1.457855 0.166724
-0.608612 -0.214063 1.544697 0.453665
-0.599775 0.448371 1.424310 0.306986
-0.598824 0.453497 1.456886 0.166064
-0.598556 -0.537424 1.664710 0.297073
-0.589805 0.398814 1.482887 0.266084
-0.589160 0.368703 1.397203 0.248385
-0.588720 0.375647 1.488910 0.270721
-0.588469 0.456072 1.455953 0.165472
-0.583578 0.327270 1.403814 0.241324
-0.580089 0.458628 1.454941 0.164775
-0.574627 0.285604 1.411008 0.330982
-0.573063 0.461083 1.453908 0.163710
-0.564714 0.463871 1.452584 0.162890
-0.557134 0.466641 1.451169 0.162286
-0.556011 -0.536684 1.664574 0.297535
-0.552924 0.403796 1.481677 0.264606
-0.552393 0.370123 1.490393 0.271077
-0.550326 -0.212492 1.544444 0.454008
-0.549929 0.469279 1.449709 0.161509
-0.541687 0.472388 1.448024 0.160841
-0.536079 0.376188 1.396168 0.248055
-0.531287 0.475707 1.446278 0.160008
-0.527909 0.323444 1.404268 0.240918
-0.524931 -0.537126 1.664729 0.298776
-0.519121 0.479388 1.444516 0.159349
-0.512959 0.448757 1.424198 0.308803
-0.508292 -0.535469 1.664400 0.299795
-0.507142 0.408132 1.480652 0.263593
-0.503972 0.483271 1.442838 0.158785
-0.498115 0.290592 1.410702 0.336708
-0.497841 0.365835 1.491596 0.271626
-0.493896 -0.210652 1.544175 0.454227
-0.491399 -0.534668 1.664257 0.300584
-0.487353 0.487243 1.441249 0.158211
-0.485021 0.383892 1.395175 0.247601
-0.474948 0.320672 1.404318 0.239071
-0.473486 -0.535122 1.664384 0.301045
-0.468703 0.493394 1.340460 0.208400
-0.467289 0.491176 1.439825 0.157491
-0.465170 0.490010 1.341354 0.211432
-0.463804 0.497785 1.339405 0.206990
-0.461654 0.412419 1.479736 0.262756
-0.459997 -0.534996 1.664383 0.301542
-0.453632 0.502189 1.338356 0.205904
-0.451554 0.486443 1.342252 0.213639
-0.450499 -0.535171 1.664446 0.301762
-0.445784 -0.534989 1.664407 0.301907
-0.444746 0.494932 1.438666 0.157070
-0.441693 -0.534825 1.664389 0.302095
-0.441230 0.506376 1.337365 0.204857
-0.439707 -0.208429 1.543773 0.454491
-0.439043 -0.534803 1.664389 0.302217
-0.437273 -0.534811 1.664400 0.302263
-0.436872 0.482807 1.343157 0.215176
-0.435814 -0.534920 1.664423 0.302288
-0.435183 0.362009 1.492705 0.272024
-0.434777 -0.534913 1.664430 0.302329
-0.433480 -0.534924 1.664438 0.302365
-0.432505 -0.534884 1.664434 0.302404
-0.431653 -0.534907 1.664439 0.302431
-0.431122 0.510175 1.336448 0.203486
-0.430559 -0.534934 1.664447 0.302456
-0.429619 -0.534926 1.664454 0.302484
-0.429186 -0.534912 1.664444 0.302497
-0.428719 -0.534868 1.664448 0.302516
-0.428276 -0.534855 1.664456 0.302527
-0.427897 -0.534855 1.664458 0.302541
-0.427372 -0.534827 1.664455 0.302564
-0.427138 -0.534826 1.664460 0.302570
-0.426828 -0.534821 1.664462 0.302582
-0.426065 -0.534805 1.664467 0.302595
-0.425548 0.296353 1.410201 0.341262
-0.425280 -0.534813 1.664477 0.302622
-0.425115 0.318106 1.404310 0.237230
-0.425056 -0.534796 1.664481 0.302632
-0.424482 -0.534776 1.664481 0.302651
-0.423652 0.448634 1.424145 0.310118
-0.423530 -0.534741 1.664478 0.302693
-0.423062 0.498263 1.437752 0.156450
-0.422578 -0.534761 1.664487 0.302702
-0.422049 -0.534735 1.664488 0.302731
-0.421742 -0.534727 1.664494 0.302740
-0.421499 -0.534726 1.664495 0.302749
-0.421061 -0.534710 1.664502 0.302759
-0.421008 -0.534710 1.664502 0.302760
-0.420912 -0.534703 1.664501 0.302766
-0.420705 -0.534691 1.664509 0.302772
-0.420556 -0.534691 1.664511 0.302777
-0.420309 -0.534682 1.664512 0.302788
-0.420111 -0.534676 1.664517 0.302793
-0.419724 -0.534669 1.664527 0.302805
-0.419468 0.479912 1.343945 0.217355
-0.419414 -0.534656 1.664541 0.302814
-0.419214 -0.534651 1.664548 0.302823
-0.419149 -0.534644 1.664565 0.302825
-0.419055 -0.534638 1.664566 0.302829
-0.418929 0.513600 1.335631 0.201769
-0.418908 -0.534640 1.664564 0.302827
-0.418855 -0.534633 1.664552 0.302833
-0.418648 -0.534624 1.664572 0.302838
-0.418445 -0.534621 1.664581 0.302846
-0.418262 -0.534613 1.664593 0.302854
-0.418032 -0.534612 1.664601 0.302858
-0.417872 -0.534627 1.664612 0.302868
-0.417758 -0.534627 1.664570 0.302871
-0.417667 -0.534631 1.664549 0.302874
-0.417474 -0.534634 1.664542 0.302882
-0.417440 -0.534603 1.664491 0.302874
-0.417170 -0.534600 1.664560 0.302880
-0.416735 -0.534585 1.664587 0.302892
-0.416497 -0.534572 1.664596 0.302899
-0.416170 -0.534594 1.664587 0.302915
-0.415776 -0.534573 1.664576 0.302927
-0.415218 -0.534537 1.664565 0.302952
-0.414620 -0.534533 1.664586 0.302970
-0.414198 -0.534527 1.664585 0.302985
-0.414032 -0.534522 1.664603 0.302991
-0.413932 0.416121 1.478901 0.261443
-0.413807 -0.534521 1.664621 0.302996
-0.413457 -0.534496 1.664621 0.303014
-0.412379 0.389827 1.394703 0.248632
-0.412373 -0.534472 1.664626 0.303034
-0.410501 -0.534447 1.664629 0.303074
-0.407955 -0.534365 1.664621 0.303208
-0.403908 -0.534453 1.664652 0.303286
-0.402706 0.476667 1.344750 0.218479
-0.400622 0.501103 1.437027 0.156051
-0.386532 -0.206061 1.543383 0.454547
-0.386015 0.511585 1.336122 0.200295
-0.381129 0.473635 1.345455 0.219468
-0.379485 0.503849 1.436438 0.155508
-0.376397 0.315927 1.404223 0.235229
-0.367746 0.419645 1.478047 0.259908
-0.360325 0.359960 1.493466 0.272504
-0.359619 0.470495 1.346069 0.220638
-0.355125 0.301351 1.409874 0.345699
-0.354571 0.506769 1.435792 0.155157
-0.353234 0.509498 1.336675 0.199311
-0.341726 0.396003 1.394081 0.247898
-0.336619 0.467281 1.346675 0.221360
-0.334866 -0.203494 1.542917 0.454450
-0.333761 0.447178 1.424217 0.309343
-0.326320 0.314180 1.404104 0.233621
-0.325186 0.509782 1.435128 0.154967
-0.322703 0.423052 1.477176 0.258381
-0.320314 0.507337 1.337255 0.198513
-0.314836 0.463815 1.347311 0.222201
-0.293645 0.512930 1.434412 0.154643
-0.292275 0.307022 1.409355 0.349228
-0.290244 0.460515 1.347911 0.223308
-0.289609 0.504723 1.337924 0.197503
-0.283267 -0.200647 1.542383 0.454190
-0.283230 0.358430 1.494079 0.272345
-0.280273 0.313344 1.403743 0.231151
-0.277759 0.426255 1.476341 0.256898
-0.270337 0.402066 1.393422 0.246649
-0.267008 0.456963 1.348574 0.224418
-0.260854 0.501815 1.338665 0.196453
-0.258095 0.515981 1.433634 0.154330
-0.246201 0.453332 1.349278 0.225909
-0.244601 0.446427 1.424237 0.311063
-0.236356 0.429422 1.475477 0.255249
-0.234759 0.498547 1.339567 0.195299
-0.232952 0.312814 1.403436 0.229192
-0.231931 -0.197491 1.541747 0.453797
-0.231361 0.449295 1.350062 0.227339
-0.229774 0.312520 1.408901 0.352134
-0.220547 0.519072 1.432863 0.154162
-0.214527 0.445464 1.350897 0.228785
-0.208499 0.495335 1.340540 0.193967
-0.203958 0.357184 1.494584 0.271924
-0.197588 0.441493 1.351744 0.230039
-0.196729 0.407836 1.392830 0.245277
-0.195841 0.432519 1.474590 0.253552
-0.185673 0.313141 1.402885 0.227211
-0.184741 0.492049 1.341611 0.192705
-0.182881 -0.193945 1.540987 0.453051
-0.180111 0.522215 1.431990 0.153843
-0.176310 0.437541 1.352560 0.230782
-0.170954 0.318117 1.408424 0.353936
-0.163069 0.488899 1.342765 0.191785
-0.155860 0.447765 1.423920 0.312717
-0.155386 0.435424 1.473726 0.252036
-0.154006 0.433550 1.353343 0.231750
-0.145496 0.486141 1.343929 0.191053
-0.144135 0.314380 1.401997 0.224770
-0.136616 0.525398 1.431182 0.153820
-0.132735 -0.190161 1.540192 0.452486
-0.131661 0.483839 1.345010 0.190525
-0.131402 0.429553 1.354095 0.232720
-0.122944 0.356408 1.494927 0.271253
-0.120385 0.481787 1.346089 0.190095
-0.116713 0.438240 1.472874 0.250616
-0.115861 0.323614 1.407943 0.354185
-0.115581 0.412879 1.392606 0.245210
-0.109888 0.425608 1.354852 0.233489
-0.109729 0.316510 1.400843 0.222178
-0.109598 0.479729 1.347216 0.189730
-0.095961 0.477163 1.348509 0.189336
-0.088391 0.528488 1.430377 0.154014
-0.087533 0.421688 1.355589 0.234245
-0.083829 0.319466 1.399497 0.219487
-0.082293 -0.186080 1.539320 0.451799
-0.079600 0.440865 1.472071 0.249353
-0.077499 0.473644 1.349997 0.188723
-0.067801 0.448752 1.423712 0.314640
-0.063745 0.417554 1.356341 0.234437
-0.062736 0.322571 1.398113 0.216463
-0.062383 0.328157 1.407691 0.354269
-0.058555 0.469259 1.351679 0.187932
-0.044191 0.325993 1.396629 0.213722
-0.044084 0.443057 1.471431 0.248102
-0.041710 0.357223 1.494876 0.270291
-0.039182 0.413279 1.357132 0.234357
-0.036763 0.531406 1.429637 0.154463
-0.036465 0.464164 1.353543 0.187303
-0.035501 0.417990 1.392434 0.245762
-0.032404 -0.181660 1.538352 0.451140
-0.026568 0.329592 1.395062 0.210914
-0.020784 0.332388 1.407455 0.353059
-0.012672 0.458459 1.355499 0.186973
-0.011316 0.444894 1.470844 0.247007
-0.011298 0.408867 1.357963 0.233926
-0.010055 0.333172 1.393439 0.207870
0.005836 0.452168 1.357421 0.186748
0.006661 0.337008 1.391766 0.205020
0.016192 0.534143 1.429046 0.155444
0.016790 -0.176940 1.537323 0.450438
0.018196 0.404330 1.358842 0.232967
0.018204 0.446427 1.470332 0.246154
0.020234 0.449371 1.423694 0.316553
0.020661 0.335475 1.407528 0.351667
0.023311 0.341227 1.390036 0.202413
0.024747 0.445727 1.359247 0.186341
0.037379 0.345490 1.388305 0.199499
0.039728 0.439052 1.361039 0.185934
0.042865 0.423308 1.392196 0.245839
0.043032 0.358244 1.494732 0.269300
0.044685 0.447654 1.469886 0.245533
0.048899 0.350144 1.386496 0.196874
0.049214 0.399722 1.359738 0.231767
0.049654 0.432417 1.362672 0.184870
0.056146 0.425849 1.364242 0.183972
0.060678 0.354864 1.384675 0.194238
0.064193 0.338107 1.407696 0.350433
0.065455 0.419322 1.365748 0.182746
0.066309 -0.172046 1.536229 0.449920
0.067837 0.448713 1.469474 0.245077
0.069186 0.536470 1.428544 0.156798
0.072963 0.359695 1.382872 0.191667
0.073113 0.412836 1.367238 0.181736
0.080087 0.395147 1.360661 0.230398
0.081345 0.406340 1.368751 0.180982
0.081824 0.364757 1.381046 0.189269
0.087770 0.370143 1.379154 0.187282
0.088524 0.449509 1.469101 0.244682
0.089825 0.399905 1.370294 0.180820
0.096395 0.375429 1.377301 0.184758
0.096562 0.393560 1.371899 0.181150
0.098043 0.387307 1.373598 0.181821
0.099673 0.381262 1.375426 0.183313
0.106230 0.450100 1.468759 0.244381
0.109470 0.449915 1.423724 0.317763
0.111332 0.340042 1.407977 0.348391
0.114129 0.390868 1.361486 0.228784
0.115568 -0.166905 1.535083 0.449304
0.118701 0.701743 1.376647 0.182195
0.121109 0.450440 1.468455 0.244122
0.122607 0.538219 1.428182 0.158087
0.123338 0.428313 1.392062 0.245429
0.127609 0.700059 1.376816 0.180265
0.129940 0.702159 1.376812 0.185162
0.133074 0.450607 1.468181 0.244005
0.133143 0.359777 1.494427 0.267808
0.139561 0.698452 1.377008 0.179242
0.144248 0.450720 1.467963 0.243904
0.149706 0.697268 1.377092 0.178386
0.150423 0.386851 1.362251 0.227414
0.151259 0.703585 1.376769 0.187894
0.154060 0.342254 1.408103 0.344258
0.158314 0.450798 1.467791 0.243804
0.159005 0.696354 1.377179 0.178165
0.164504 -0.161630 1.533894 0.448703
0.165087 0.695661 1.377186 0.178221
0.169458 0.705973 1.376490 0.190879
0.170757 0.695317 1.377187 0.178205
0.173296 0.123420 1.434140 0.262935
0.174175 0.121925 1.435230 0.265509
0.175146 0.694998 1.377171 0.178254
0.176387 0.539200 1.428060 0.159929
0.176590 0.450791 1.467727 0.243763
0.177447 0.124531 1.433225 0.260403
0.177603 0.120159 1.436414 0.268262
0.179403 0.694531 1.377171 0.178363
0.185275 0.693941 1.377257 0.178483
0.185286 0.118432 1.437589 0.271152
0.185447 0.125302 1.432466 0.257893
0.188103 0.382976 1.363016 0.225925
0.190968 0.126241 1.431746 0.255292
0.193108 0.693199 1.377427 0.178794
0.197694 0.116669 1.438683 0.274030
0.198235 0.449801 1.423907 0.318485
0.199005 0.450710 1.467641 0.243630
0.199860 0.707204 1.376425 0.194236
0.199972 0.126935 1.431198 0.252504
0.202557 0.433491 1.391978 0.245688
0.203090 0.692333 1.377687 0.179088
0.205698 0.344272 1.408221 0.339501
0.207695 0.127012 1.430844 0.249226
0.213123 -0.156092 1.532601 0.448128
0.213741 0.691217 1.377931 0.179262
0.214470 0.114877 1.439664 0.276768
0.214751 0.127229 1.430583 0.245722
0.218956 0.125279 1.430945 0.240058
0.219078 0.127146 1.430529 0.242530
0.222962 0.123348 1.431397 0.239155
0.224856 0.362040 1.493933 0.266366
0.225759 0.689961 1.378290 0.179595
0.226168 0.450545 1.467607 0.243456
0.227619 0.122045 1.431732 0.240020
0.229527 0.708810 1.376170 0.197860
0.229608 0.379327 1.363752 0.224540
0.229903 0.539284 1.428132 0.161961
0.231373 0.121254 1.431957 0.241478
0.233026 0.113140 1.440544 0.279749
0.239731 0.688670 1.378674 0.179749
0.243610 0.120953 1.432139 0.243904
0.248954 0.111473 1.441329 0.283143
0.249386 0.121373 1.432143 0.246846
0.253016 0.347209 1.408052 0.333471
0.254331 0.687300 1.379027 0.179681
0.257327 0.450352 1.467528 0.243150
0.259400 0.122167 1.432039 0.249646
0.260583 -0.150355 1.531191 0.447426
0.262649 0.711286 1.375530 0.200935
0.267621 0.109811 1.442041 0.286474
0.268870 0.685984 1.379433 0.179720
0.269188 0.122987 1.431894 0.252326
0.273975 0.375596 1.364498 0.223652
0.279145 0.123761 1.431718 0.254802
0.281965 0.684744 1.379798 0.179631
0.282231 0.539038 1.428285 0.164225
0.285752 0.449841 1.424090 0.318822
0.287433 0.437849 1.392033 0.246093
0.287974 0.124767 1.431484 0.257376
0.289200 0.108437 1.442632 0.289781
0.290573 0.450080 1.467518 0.242850
0.295151 0.683322 1.380204 0.179613
0.302030 0.714227 1.374652 0.202995
0.302969 0.125973 1.431237 0.260241
0.303913 -0.144204 1.529672 0.446151
0.307535 0.349340 1.408161 0.327357
0.311561 0.681637 1.380687 0.179521
0.314817 0.107312 1.443156 0.292965
0.316601 0.126865 1.431058 0.263612
0.316789 0.365045 1.493197 0.265104
0.320625 0.372174 1.365199 0.223252
0.325198 0.449719 1.467520 0.242413
0.328042 0.537754 1.428625 0.166774
0.330161 0.679357 1.381335 0.179439
0.338850 0.127954 1.430849 0.266725
0.342004 0.106029 1.443685 0.296097
0.343230 0.716211 1.373893 0.206054
0.348172 -0.137888 1.528107 0.444838
0.352830 0.676843 1.382105 0.179254
0.360296 0.351427 1.408301 0.321795
0.360809 0.449394 1.467529 0.241912
0.361399 0.129491 1.430588 0.269883
0.367501 0.536063 1.429131 0.169594
0.369548 0.449602 1.424374 0.320398
0.370825 0.442335 1.392190 0.246997
0.372094 0.369439 1.365776 0.223248
0.372430 0.104588 1.444220 0.299006
0.379002 0.674056 1.382991 0.179397
0.380413 0.468989 1.438157 0.208673
0.380612 0.466484 1.438309 0.211099
0.382295 0.471659 1.438101 0.206678
0.382936 0.463614 1.438645 0.213095
0.386592 0.131250 1.430340 0.272869
0.386593 0.474173 1.438267 0.204946
0.387316 0.717342 1.373344 0.209404
0.387527 0.461026 1.439166 0.215342
0.391210 -0.131235 1.526476 0.443624
0.391424 0.476668 1.438527 0.203328
0.393345 0.458367 1.439806 0.217394
0.394759 0.533361 1.429834 0.172413
0.396586 0.448842 1.467557 0.241218
0.397109 0.479233 1.438827 0.201807
0.400962 0.103077 1.444690 0.302214
0.402881 0.455757 1.440499 0.219498
0.404477 0.482061 1.439099 0.200244
0.406517 0.671121 1.383925 0.179506
0.406779 0.368413 1.492303 0.263382
0.406825 0.352761 1.408604 0.316626
0.410955 0.133991 1.429873 0.275460
0.413481 0.485255 1.439264 0.198678
0.413799 0.453096 1.441163 0.221432
0.417176 0.530270 1.430699 0.175151
0.423589 0.488905 1.439180 0.196815
0.425051 0.366782 1.366378 0.223721
0.426233 0.450128 1.441669 0.223140
0.428567 0.667665 1.384903 0.179695
0.429711 0.101493 1.445074 0.305586
0.432012 0.719638 1.372650 0.212172
0.433322 0.492903 1.438836 0.195065
0.433395 0.448114 1.467774 0.240441
0.433494 0.526820 1.431653 0.177721
0.436249 -0.124603 1.524849 0.442266
0.440227 0.496847 1.438440 0.193104
0.442824 0.136207 1.429519 0.278233
0.442866 0.523048 1.432641 0.179829
0.445310 0.447455 1.442148 0.225009
0.445462 0.500748 1.437898 0.191159
0.448068 0.353349 1.409130 0.312273
0.448569 0.504619 1.437208 0.189398
0.450005 0.519243 1.433677 0.181851
0.450929 0.664127 1.385845 0.179505
0.453373 0.508310 1.436420 0.187582
0.453594 0.446754 1.392318 0.247994
0.453987 0.515630 1.434717 0.184035
0.454277 0.511962 1.435620 0.185829
0.455319 0.448983 1.424688 0.321369
0.461692 0.100298 1.445383 0.309195
0.465492 0.445248 1.442510 0.227445
0.471397 0.447214 1.468203 0.239451
0.474643 0.660468 1.386852 0.179507
0.476875 0.720470 1.372394 0.216043
0.478180 0.364339 1.366945 0.224236
0.480171 0.138733 1.429055 0.280197
0.480400 -0.117909 1.523173 0.440431
0.481759 0.353629 1.409734 0.308411
0.485658 0.442677 1.442831 0.229714
0.491632 0.371803 1.491292 0.261542
0.497347 0.099074 1.445672 0.312624
0.500526 0.656747 1.387862 0.179368
0.510721 0.440293 1.443181 0.232207
0.511140 0.354457 1.410245 0.304718
0.512572 0.446152 1.468829 0.238396
0.520982 0.141741 1.428468 0.281929
0.522332 0.721916 1.372054 0.219858
0.526433 0.653119 1.388795 0.179726
0.529410 -0.111438 1.521619 0.438924
0.533486 0.097175 1.446088 0.315995
0.534191 0.362075 1.367482 0.224570
0.534524 0.437388 1.443531 0.234785
0.535309 0.450875 1.392602 0.249928
0.541461 0.448130 1.425045 0.322261
0.542664 0.355243 1.410721 0.300819
0.549095 0.649409 1.389716 0.179517
0.551320 0.445004 1.469643 0.237378
0.555292 0.145628 1.427641 0.283659
0.565411 0.435026 1.443887 0.237541
0.569607 0.645652 1.390611 0.179418
0.570232 0.375627 1.490118 0.260377
0.571754 0.095257 1.446522 0.319339
0.572950 0.723218 1.371756 0.223303
0.577200 0.355687 1.411207 0.296214
0.577968 -0.105029 1.520078 0.437339
0.585030 0.443787 1.470661 0.236327
0.587788 0.641960 1.391524 0.179452
0.590715 0.591023 1.409434 0.182483
0.592009 0.594419 1.407815 0.182413
0.593420 0.587416 1.411218 0.182935
0.593869 0.359863 1.367983 0.224510
0.594776 0.149380 1.426772 0.285051
0.594838 0.597640 1.406328 0.182248
0.598167 0.600595 1.405000 0.182089
0.598886 0.583488 1.412926 0.182886
0.602200 0.433181 1.444189 0.240603
0.603426 0.638438 1.392440 0.179512
0.603631 0.603101 1.403816 0.181818
0.609689 0.605182 1.402838 0.181578
0.609982 0.092835 1.447132 0.322589
0.610754 0.579394 1.414710 0.183259
0.613671 0.455261 1.392858 0.252120
0.614035 0.442259 1.471848 0.235269
0.614149 0.606873 1.402043 0.181300
0.614249 0.356229 1.411673 0.290990
0.614341 0.635070 1.393278 0.179216
0.618052 0.608170 1.401485 0.181338
0.618494 0.722312 1.372035 0.227640
0.621731 0.609172 1.400979 0.181232
0.624686 0.610320 1.400526 0.181162
0.625573 0.632123 1.394155 0.179245
0.627816 0.611429 1.400058 0.180996
0.628279 0.575333 1.416572 0.183990
0.628407 -0.098923 1.518630 0.435853
0.629240 0.448819 1.425237 0.323451
0.630604 0.612706 1.399629 0.180883
0.632116 0.629388 1.394955 0.179390
0.633841 0.613919 1.399225 0.180780
0.635634 0.626902 1.395647 0.179425
0.636332 0.153017 1.425851 0.286742
0.637363 0.615560 1.398734 0.180554
0.638869 0.624620 1.396342 0.179564
0.639080 0.440720 1.473318 0.234446
0.639511 0.617236 1.398289 0.180363
0.641781 0.622532 1.396893 0.179790
0.641843 0.618890 1.397849 0.180301
0.642069 0.431435 1.444422 0.243872
0.642428 0.620580 1.397392 0.179916
0.646185 0.571059 1.418238 0.184375
0.649717 0.090230 1.447739 0.325725
0.650667 0.379214 1.488941 0.259525
0.650735 0.356846 1.412086 0.285318
0.657229 0.357862 1.368408 0.224130
0.660085 0.438783 1.475049 0.233828
0.665313 0.722144 1.372282 0.232011
0.666980 0.566878 1.419675 0.184751
0.672121 0.357732 1.412436 0.279095
0.674275 0.157280 1.424665 0.288000
0.674300 0.430278 1.444471 0.248338
0.678426 -0.092959 1.517245 0.434706
0.679587 0.436488 1.476932 0.233169
0.686225 0.359390 1.412690 0.273193
0.692863 0.563084 1.420907 0.185176
0.695506 0.361614 1.412815 0.267883
0.695968 0.458918 1.393289 0.254080
0.697450 0.434114 1.478838 0.232461
0.697574 0.087937 1.448226 0.327877
0.714542 0.428499 1.444564 0.252121
0.714643 0.161237 1.423516 0.289020
0.715227 0.447291 1.425758 0.323949
0.715853 0.431896 1.480714 0.231982
0.720536 0.720761 1.372630 0.235154
0.722358 0.363369 1.413112 0.263598
0.723010 0.559651 1.421912 0.185520
0.723180 0.355770 1.368840 0.222968
0.729344 -0.087186 1.515867 0.433210
0.731746 0.429854 1.482489 0.231568
0.736223 0.382676 1.487699 0.258825
0.744249 0.428165 1.484198 0.231273
0.749280 0.556039 1.422670 0.185395
0.749895 0.086062 1.448582 0.328909
0.754580 0.426782 1.485816 0.231021
0.754744 0.164684 1.422385 0.289833
0.760917 0.428229 1.444347 0.255602
0.762466 0.425834 1.487402 0.230850
0.764977 0.362560 1.414082 0.261316
0.769908 0.425040 1.488976 0.230750
0.775876 0.424451 1.490498 0.230614
0.776523 0.720743 1.372462 0.238469
0.776562 0.552693 1.423293 0.185267
0.776952 0.463077 1.393555 0.255440
0.781298 0.423934 1.491991 0.230508
0.783514 -0.081687 1.514521 0.431521
0.786810 0.423474 1.493376 0.230443
0.789315 0.167591 1.421304 0.290141
0.793077 0.422940 1.494741 0.230392
0.793733 0.354850 1.368965 0.221401
0.797140 0.429438 1.443930 0.259695
0.798993 0.445685 1.426326 0.324824
0.799178 0.084018 1.448990 0.329397
0.800437 0.422245 1.495975 0.230293
0.804351 0.549502 1.423849 0.184835
0.805842 0.361905 1.415115 0.259959
0.810511 0.421342 1.497029 0.230223
0.818663 0.169993 1.420249 0.290397
0.822215 0.420208 1.497981 0.230005
0.825886 0.385706 1.486490 0.258354
0.829488 0.546360 1.424280 0.184147
0.835106 0.722303 1.371633 0.240635
0.836015 -0.076150 1.513132 0.430089
0.836036 0.418825 1.498827 0.229624
0.836630 0.430360 1.443565 0.263134
0.839408 0.360212 1.416485 0.259554
0.840206 0.171952 1.419203 0.290617
0.848646 0.082583 1.449299 0.329594
0.853549 0.417305 1.499567 0.229333
0.858651 0.543641 1.424687 0.183317
0.858933 0.173419 1.418180 0.290782
0.859351 0.466005 1.394021 0.258193
0.866722 0.353536 1.369199 0.220016
0.870990 0.415676 1.500250 0.228924
0.872331 0.359697 1.417677 0.259711
0.873876 0.432086 1.443001 0.266101
0.876218 0.444323 1.426848 0.326647
0.876615 0.174832 1.417176 0.290941
0.887346 0.723066 1.370780 0.244120
0.889535 0.541129 1.425067 0.182916
0.890263 0.413892 1.500849 0.228345
0.890580 -0.070935 1.511787 0.428683
0.895912 0.176324 1.416198 0.291253
0.897224 0.081193 1.449610 0.329612
0.901231 0.359691 1.418847 0.259995
0.907208 0.231656 1.399154 0.286970
0.908348 0.227510 1.400185 0.287432
0.909154 0.223882 1.401118 0.287802
0.909198 0.433989 1.442299 0.268965
0.909948 0.236084 1.398085 0.286236
0.911855 0.220675 1.401994 0.288086
0.912524 0.411736 1.501439 0.227344
0.913252 0.240635 1.397003 0.285616
0.914257 0.177931 1.415243 0.291357
0.914795 0.217799 1.402844 0.288332
0.915439 0.388591 1.485239 0.257838
0.916310 0.538429 1.425471 0.182283
0.917831 0.245088 1.395958 0.285240
0.918922 0.215128 1.403663 0.288397
0.923343 0.212633 1.404426 0.288479
0.924708 0.248980 1.395039 0.284772
0.927292 0.359289 1.420061 0.260727
0.927420 0.179598 1.414333 0.291485
0.929090 0.210254 1.405142 0.288524
0.932817 0.252369 1.394243 0.284431
0.935073 0.207881 1.405820 0.288637
0.938349 0.180977 1.413558 0.291557
0.940248 0.409320 1.501978 0.225870
0.941553 0.205599 1.406451 0.288779
0.942167 0.353574 1.369144 0.218777
0.942330 0.255349 1.393547 0.284336
0.942772 0.469030 1.394437 0.260289
0.943458 0.182067 1.412903 0.291587
0.944811 0.080145 1.449901 0.330260
0.945425 0.536042 1.425870 0.181748
0.946046 0.724206 1.369632 0.246349
0.947241 0.182935 1.412368 0.291581
0.947378 -0.066035 1.510443 0.427202
0.947789 0.203556 1.406981 0.289111
0.948549 0.436289 1.441430 0.271133
0.951409 0.183795 1.411895 0.291526
0.952226 0.442813 1.427411 0.327747
0.953213 0.257960 1.392921 0.284080
0.953794 0.201743 1.407408 0.289381
0.955277 0.184625 1.411449 0.291485
0.955662 0.358527 1.421206 0.261365
0.958118 0.200474 1.407670 0.289635
0.959162 0.185615 1.411003 0.291467
0.960937 0.199598 1.407820 0.289838
0.962717 0.198980 1.407881 0.289958
0.964428 0.187181 1.410518 0.291392
0.964765 0.260312 1.392337 0.283888
0.965147 0.198020 1.408021 0.290161
0.967992 0.196709 1.408221 0.290293
0.968382 0.188968 1.409966 0.291200
0.968994 0.195022 1.408522 0.290532
0.970451 0.193163 1.408902 0.290842
0.970618 0.191158 1.409378 0.291017
0.972424 0.533733 1.426263 0.181290
0.972959 0.407177 1.502338 0.223656
0.977725 0.262476 1.391795 0.283757
0.985917 0.438919 1.440388 0.273208
0.988223 0.357148 1.422327 0.260842
0.991603 0.264698 1.391235 0.283597
0.993573 0.079675 1.450128 0.330431
0.999115 0.531740 1.426628 0.181069
1.002507 0.391409 1.483799 0.257084
1.003917 -0.061224 1.509100 0.425334
1.006332 0.725550 1.368396 0.248623
1.007393 0.405383 1.502565 0.221344
1.008066 0.267322 1.390590 0.283476
1.018512 0.353738 1.369101 0.218449
1.019471 0.442324 1.439057 0.274618
1.022075 0.529842 1.426924 0.180646
1.022443 0.355586 1.423293 0.259381
1.023158 0.472483 1.394691 0.262458
1.026005 0.442014 1.427856 0.328215
1.027573 0.270238 1.389893 0.283456
1.038516 0.404258 1.502554 0.219058
1.043025 0.079528 1.450290 0.330296
1.043272 0.528401 1.427138 0.180531
1.052773 0.353424 1.424282 0.257398
1.053778 0.273663 1.389061 0.283421
1.056657 0.445929 1.437443 0.274876
1.058775 -0.056413 1.507835 0.423605
1.060537 0.527344 1.427241 0.180534
1.062708 0.402758 1.502563 0.215591
1.067675 0.724217 1.367746 0.251799
1.077581 0.526327 1.427269 0.180366
1.082510 0.351466 1.425269 0.255224
1.082589 0.450498 1.435469 0.274993
1.084146 0.401848 1.502389 0.212001
1.084992 0.277672 1.388094 0.283547
1.085088 0.394563 1.482055 0.255811
1.090467 0.354700 1.368900 0.218625
1.093386 0.079046 1.450543 0.330170
1.097780 0.525551 1.427213 0.180150
1.098737 0.440974 1.428454 0.329030
1.102053 0.401237 1.502139 0.208176
1.106006 0.474621 1.395179 0.265024
1.106994 0.455167 1.433220 0.274613
1.109075 0.349281 1.426376 0.253209
1.110860 0.282743 1.386889 0.284512
1.113763 -0.052042 1.506666 0.421904
1.115370 0.400301 1.502029 0.204260
1.119792 0.524839 1.427007 0.179618
1.127830 0.459966 1.430841 0.274244
1.129066 0.724174 1.366881 0.255538
1.130995 0.399507 1.501827 0.200021
1.134452 0.347284 1.427446 0.251243
1.141335 0.288064 1.385609 0.284933
1.143296 0.524192 1.426755 0.178953
1.146013 0.078836 1.450741 0.329981
1.146123 0.464497 1.428433 0.273616
1.149593 0.398931 1.501526 0.195676
1.154428 0.345428 1.428527 0.249366
1.157257 0.355456 1.368632 0.219686
1.165374 0.397888 1.480107 0.254466
1.165532 -0.047776 1.505512 0.420173
1.166782 0.468462 1.426080 0.272455
1.166998 0.292789 1.384486 0.285549
1.167141 0.439001 1.429078 0.329889
1.167868 0.344028 1.429500 0.247834
1.168514 0.398414 1.501288 0.191327
1.170785 0.718627 1.367288 0.258155
1.170893 0.523780 1.426489 0.178385
1.172298 0.336636 1.375949 0.286087
1.172792 0.340849 1.375071 0.285608
1.173668 0.344911 1.374204 0.285219
1.173783 0.332252 1.376841 0.286231
1.178524 0.327621 1.377800 0.286183
1.178571 0.348595 1.373382 0.284604
1.181460 0.342973 1.430321 0.246451
1.181767 0.472320 1.423906 0.271751
1.182746 0.322667 1.378806 0.286210
1.183694 0.296581 1.383603 0.285966
1.186305 0.317743 1.379794 0.286332
1.186615 0.476786 1.395621 0.268002
1.190375 0.351817 1.372610 0.283716
1.191780 0.398472 1.500941 0.187429
1.191856 0.342260 1.431040 0.245265
1.193629 0.313189 1.380640 0.286428
1.193631 0.299064 1.383067 0.286162
1.197419 0.309474 1.381292 0.286628
1.198081 0.301153 1.382650 0.286343
1.198540 0.475549 1.421856 0.270565
1.199072 0.523235 1.426272 0.177528
1.199653 0.079130 1.450718 0.329446
1.199995 0.302706 1.382394 0.286500
1.200344 0.306671 1.381777 0.286753
1.202253 0.304533 1.382100 0.286569
1.202688 0.354730 1.371915 0.283048
1.204385 0.341469 1.431704 0.243982
1.213528 0.478618 1.419956 0.269972
1.216637 0.357264 1.371303 0.282450
1.217262 -0.043974 1.504533 0.418906
1.217998 0.356365 1.368255 0.220986
1.218610 0.340509 1.432410 0.242586
1.221967 0.399155 1.500494 0.184560
1.228593 0.713359 1.367732 0.259963
1.229331 0.522847 1.426020 0.176413
1.230421 0.481276 1.418199 0.269048
1.233856 0.359330 1.370777 0.281906
1.235092 0.339655 1.433056 0.240987
1.235823 0.437281 1.429685 0.329277
1.244256 0.401790 1.477887 0.253501
1.247026 0.483815 1.416608 0.268203
1.250012 0.361259 1.370260 0.281401
1.253325 0.338946 1.433705 0.239440
1.254947 0.079516 1.450705 0.329668
1.255106 0.481054 1.395574 0.271108
1.259814 0.399830 1.500162 0.183096
1.261556 0.522747 1.425730 0.175135
1.262859 0.486153 1.415220 0.267402
1.265224 0.362643 1.369869 0.280955
1.267826 -0.040435 1.503709 0.417951
1.272786 0.357496 1.367798 0.221979
1.272810 0.338447 1.434331 0.237799
1.277834 0.363755 1.369533 0.280572
1.278062 0.488447 1.413964 0.266627
1.285336 0.707895 1.368415 0.262323
1.289258 0.364584 1.369264 0.280313
1.294517 0.490657 1.412834 0.265669
1.295103 0.338119 1.434894 0.236423
1.295175 0.522540 1.425504 0.173579
1.298064 0.365066 1.369056 0.280146
1.298716 0.400740 1.499895 0.182869
1.303036 0.435454 1.430325 0.329190
1.304578 0.365416 1.368847 0.280080
1.310020 0.365599 1.368672 0.280021
1.311262 0.492891 1.411702 0.264858
1.312842 0.080186 1.450590 0.329737
1.314062 -0.037021 1.503047 0.416907
1.314079 0.700492 1.369586 0.263151
1.315444 0.365852 1.368486 0.279911
1.318998 0.337900 1.435508 0.235320
1.321862 0.366184 1.368316 0.279749
1.322670 0.406090 1.475400 0.252427
1.324108 0.358591 1.367313 0.222466
1.325060 0.484740 1.395575 0.274355
1.328987 0.494921 1.410577 0.263963
1.329255 0.522630 1.425264 0.171663
1.329839 0.692853 1.370821 0.262289
1.330814 0.402168 1.499648 0.184359
1.332603 0.366661 1.368137 0.279374
1.342757 0.337915 1.436108 0.234312
1.345108 0.367340 1.367928 0.278699
1.347291 0.657032 1.378026 0.268183
1.348356 0.496874 1.409488 0.263276
1.350898 0.685369 1.372199 0.262788
1.351798 0.671093 1.375089 0.266721
1.351959 0.644627 1.380941 0.272116
1.352565 0.664074 1.376576 0.268334
1.352667 0.593286 1.391616 0.283479
1.353439 0.678075 1.373607 0.264638
1.355373 0.638651 1.382464 0.273610
1.355478 0.589937 1.391785 0.283282
1.357234 0.596560 1.391363 0.282610
1.357581 0.368494 1.367632 0.277503
1.359897 -0.033997 1.502644 0.415879
1.360593 0.583156 1.392158 0.285332
1.360686 0.600008 1.391128 0.282425
1.360786 0.586669 1.391973 0.284223
1.361866 0.403537 1.499449 0.186252
1.361911 0.432259 1.431188 0.328697
1.364344 0.650894 1.379502 0.270697
1.365103 0.522686 1.425028 0.169573
1.367122 0.603504 1.390761 0.281682
1.368007 0.499062 1.408301 0.262575
1.368822 0.633537 1.383913 0.275882
1.369152 0.338252 1.436575 0.233753
1.369260 0.359663 1.366894 0.223125
1.370255 0.369946 1.367258 0.275878
1.371937 0.579555 1.392377 0.286064
1.372953 0.081073 1.450416 0.329726
1.374827 0.619412 1.387737 0.279927
1.375035 0.607195 1.390265 0.281201
1.377504 0.575581 1.392602 0.286751
1.378265 0.615146 1.388803 0.280740
1.380070 0.371877 1.366792 0.273776
1.380724 0.611055 1.389653 0.280586
1.382210 0.628658 1.385261 0.277628
1.382650 0.623809 1.386553 0.278733
1.389071 0.571436 1.392737 0.286882
1.389562 0.501249 1.407027 0.262005
1.394200 0.372930 1.366500 0.270721
1.395109 0.404747 1.499290 0.188209
1.395218 0.567070 1.392826 0.286939
1.396493 0.488330 1.395414 0.277172
1.398105 0.410906 1.472770 0.250883
1.398967 0.339046 1.436893 0.233151
1.400499 0.374064 1.366184 0.267053
1.401988 0.522483 1.424894 0.167062
1.402596 -0.031076 1.502400 0.414989
1.403668 0.562602 1.392814 0.286410
1.405377 0.376066 1.365695 0.263510
1.410398 0.360843 1.366468 0.223604
1.412040 0.503487 1.405646 0.261222
1.412158 0.378044 1.365217 0.259935
1.412919 0.380144 1.364672 0.256389
1.415795 0.557973 1.392822 0.286553
1.420530 0.429304 1.432034 0.328558
1.422139 0.381168 1.364329 0.252541
1.425163 0.553106 1.392833 0.286762
1.429533 0.406037 1.499156 0.190458
1.431447 0.340199 1.436990 0.233110
1.434932 0.081919 1.450288 0.329647
1.435254 0.505672 1.404181 0.260442
1.441009 0.381948 1.364043 0.249006
1.443907 -0.028265 1.502285 0.413996
1.446506 0.523105 1.424678 0.165141
1.447522 0.362091 1.366031 0.224031
1.457582 0.507794 1.402851 0.259722
1.459387 0.549486 1.392514 0.285138
1.461274 0.342014 1.436886 0.232909
1.462258 0.382482 1.363794 0.245666
1.465671 0.492069 1.395145 0.279828
1.469013 0.407460 1.498993 0.192752
1.472655 0.425917 1.432917 0.327792
1.472771 0.415984 1.470135 0.250105
1.479556 0.509976 1.401558 0.258964
1.482531 0.363330 1.365564 0.224410
1.482817 0.544757 1.392475 0.286316
1.483599 0.382775 1.363550 0.242456
1.485026 -0.025505 1.502276 0.413086
1.490973 0.343944 1.436703 0.232746
1.495264 0.524276 1.424376 0.163524
1.499029 0.082705 1.450228 0.329521
1.502651 0.512322 1.400320 0.258513
1.509452 0.409075 1.498795 0.194606
1.509579 0.383040 1.363269 0.239708
1.514730 0.364623 1.365156 0.224884
1.515027 0.540014 1.392345 0.286278
1.518222 0.475544 1.466937 0.255920
1.519669 0.478625 1.464803 0.253835
1.523135 0.472156 1.469220 0.257964
1.523533 0.422902 1.433752 0.327361
1.523657 0.481333 1.462883 0.251820
1.523732 0.346402 1.436365 0.232378
1.523755 -0.022810 1.502356 0.411879
1.525483 0.514764 1.399230 0.257966
1.530126 0.496050 1.394761 0.282514
1.531316 0.483828 1.461151 0.249694
1.532310 0.468284 1.471680 0.259917
1.539344 0.383259 1.362939 0.237523
1.541818 0.486497 1.459439 0.247567
1.542409 0.366243 1.364780 0.225620
1.545383 0.421101 1.467487 0.249412
1.548550 0.410650 1.498627 0.196435
1.548732 0.517213 1.398340 0.257454
1.549287 0.464197 1.474156 0.261557
1.550820 0.525626 1.424140 0.163651
1.555469 0.489182 1.457754 0.245649
1.556729 0.349129 1.435936 0.232050
1.560792 -0.020121 1.502487 0.410724
1.562498 0.083766 1.450127 0.329141
1.566658 0.537471 1.391794 0.288551
1.567738 0.382317 1.362827 0.235519
1.569395 0.419860 1.434553 0.327173
1.569876 0.519695 1.397597 0.257193
1.570295 0.459728 1.476719 0.262430
1.570605 0.367818 1.364524 0.226420
1.570779 0.491714 1.456066 0.243142
1.586156 0.412243 1.498460 0.198102
1.587083 0.494535 1.454344 0.241003
1.591030 0.522136 1.397033 0.256990
1.591341 0.500513 1.394183 0.284382
1.593601 0.455315 1.479322 0.262190
1.593676 0.352448 1.435340 0.231901
1.594406 0.369636 1.364266 0.227147
1.596260 0.381075 1.362769 0.233943
1.597333 -0.017327 1.502704 0.409610
1.601826 0.526296 1.424219 0.166511
1.603836 0.497445 1.452546 0.238659
1.608121 0.524420 1.396599 0.256503
1.611263 0.371835 1.363928 0.228039
1.613355 0.417388 1.435258 0.327263
1.614196 0.426320 1.464881 0.248343
1.615503 0.379179 1.362855 0.232039
1.616030 0.451125 1.481860 0.261467
1.616042 0.533311 1.391484 0.287918
1.618278 0.414024 1.498366 0.200286
1.621448 0.500577 1.450569 0.235887
1.622488 0.526543 1.396193 0.256267
1.622936 0.374410 1.363496 0.228802
1.625301 0.085487 1.449782 0.329239
1.625980 0.377153 1.363057 0.229971
1.628637 0.526784 1.424476 0.171576
1.631341 0.356095 1.434845 0.231287
1.631541 -0.014392 1.502899 0.408055
1.637487 0.528583 1.395859 0.256035
1.640100 0.504041 1.448469 0.232924
1.642413 0.447604 1.484159 0.260111
1.642471 0.506065 1.393440 0.285696
1.646525 0.414398 1.436006 0.327098
1.647073 0.415760 1.498324 0.202742
1.647854 0.527842 1.424726 0.176715
1.651304 0.527802 1.391657 0.289366
1.652509 0.530697 1.395494 0.255755
1.656795 0.507328 1.446342 0.229957
1.665586 0.444471 1.486310 0.258503
1.667261 0.528913 1.425123 0.181522
1.667779 0.359458 1.434570 0.231154
1.668446 -0.011526 1.503230 0.406829
1.669779 0.532957 1.395157 0.255464
1.670573 0.417551 1.498280 0.205439
1.672693 0.510607 1.444219 0.227033
1.676158 0.411750 1.436624 0.326858
1.678717 0.431671 1.462257 0.247030
1.681582 0.529250 1.425836 0.186329
1.687027 0.511829 1.392773 0.287527
1.687105 0.087163 1.449414 0.329223
1.687864 0.513438 1.442183 0.223934
1.688004 0.483579 1.433727 0.202060
1.688445 0.476196 1.434706 0.203067
1.689330 0.441870 1.488141 0.256693
1.689360 0.535564 1.394717 0.255234
1.689610 0.490720 1.432598 0.201455
1.689945 0.497572 1.431431 0.201042
1.691567 0.419165 1.498278 0.208204
1.691646 0.504339 1.430040 0.200395
1.693357 0.468578 1.435668 0.204250
1.697750 0.511029 1.428555 0.200086
1.698487 0.529420 1.426760 0.190828
1.702011 0.362393 1.434637 0.231171
1.702059 0.460671 1.436594 0.205168
1.702061 0.516316 1.440093 0.220816
1.702090 0.409399 1.437142 0.326822
1.702889 0.523906 1.391447 0.286372
1.703701 -0.008489 1.503560 0.405422
1.704477 0.528339 1.428104 0.195242
1.707617 0.420661 1.498348 0.211340
1.709117 0.439538 1.489904 0.254743
1.712119 0.517600 1.427034 0.199725
1.713128 0.518914 1.438094 0.217705
1.713218 0.452697 1.437385 0.206186
1.713340 0.538401 1.394261 0.254945
1.714398 0.527573 1.429473 0.199336
1.720958 0.521399 1.436078 0.214369
1.721009 0.526851 1.430859 0.203382
1.722772 0.407288 1.437547 0.326956
1.724390 0.523607 1.434173 0.210918
1.724622 0.517809 1.392134 0.289049
1.724824 0.524228 1.425520 0.199503
1.725094 0.525361 1.432438 0.207171
1.726593 0.422194 1.498404 0.214260
1.727431 0.445040 1.438173 0.207351
1.730335 0.437648 1.491522 0.253045
1.731145 0.365086 1.434907 0.230211
1.737629 -0.005403 1.503890 0.403920
1.739040 0.405375 1.437802 0.327216
1.739693 0.541516 1.393703 0.254868
1.740528 0.437131 1.459643 0.245892
1.741502 0.423588 1.498442 0.217438
1.744947 0.438441 1.438772 0.208398
1.746976 0.088991 1.449051 0.329543
1.748137 0.436245 1.492936 0.251264
1.752244 0.403602 1.437925 0.327411
1.753599 0.424809 1.498477 0.220550
1.758578 0.530241 1.424149 0.200703
1.759980 0.367608 1.435302 0.229564
1.763247 0.426094 1.498453 0.223440
1.763445 0.435171 1.494123 0.249446
1.763604 0.402057 1.437898 0.327613
1.766234 0.433058 1.439109 0.209294
1.770585 0.544842 1.393090 0.254468
1.770824 -0.002166 1.504190 0.402343
1.773539 0.400542 1.437714 0.327769
1.773753 0.427317 1.498381 0.225935
1.775995 0.434322 1.495171 0.247646
1.779974 0.428324 1.498336 0.228161
1.782877 0.399174 1.437376 0.328122
1.786082 0.429126 1.498298 0.230165
1.786368 0.433577 1.496101 0.246032
1.787582 0.428743 1.439152 0.210139
1.789739 0.429891 1.498236 0.232062
1.789863 0.370240 1.435731 0.228650
1.790399 0.397623 1.436838 0.328040
1.793785 0.430632 1.498165 0.233789
1.795610 0.433207 1.496795 0.244386
1.798384 0.431257 1.498163 0.235275
1.798998 0.396028 1.436162 0.328221
1.799409 0.442604 1.457094 0.243896
1.801689 0.431775 1.498146 0.236497
1.802340 0.432942 1.497316 0.242619
1.802370 0.001090 1.504537 0.400850
1.804563 0.432135 1.498082 0.237788
1.805277 0.548440 1.392328 0.254317
1.806622 0.432718 1.497665 0.240823
1.806967 0.432508 1.497913 0.239195
1.807063 0.090437 1.448875 0.329962
1.807329 0.424962 1.439103 0.210793
1.808598 0.394171 1.435371 0.328380
1.812994 0.373604 1.436045 0.227072
1.818633 0.392131 1.434531 0.328779
1.819287 0.532228 1.423835 0.204295
1.827601 0.421769 1.439072 0.211588
1.831378 0.389863 1.433735 0.329107
1.832592 0.004213 1.504814 0.399489
1.838236 0.377193 1.436441 0.225543
1.842765 0.418611 1.438938 0.212195
1.842902 0.552157 1.391542 0.254040
1.843051 0.387288 1.432980 0.329574
1.854468 0.448690 1.454425 0.242320
1.855086 0.384567 1.432324 0.330259
1.856673 0.381086 1.436747 0.223659
1.857093 0.415699 1.438773 0.212895
1.861381 0.007260 1.505002 0.398249
1.865827 0.091729 1.448627 0.329648
1.868159 0.381633 1.431683 0.330825
1.869758 0.412797 1.438589 0.213606
1.871369 0.385182 1.437002 0.222047
1.873930 0.528723 1.424836 0.207582
1.880986 0.556020 1.390718 0.253670
1.882333 0.410034 1.438397 0.214535
1.882841 0.378601 1.431125 0.331499
1.883494 0.389302 1.437235 0.220688
1.889272 0.010133 1.505108 0.397194
1.890151 0.393253 1.437366 0.219199
1.890350 0.407081 1.438179 0.215297
1.894018 0.397027 1.437523 0.217988
1.894257 0.403895 1.437969 0.216107
1.895096 0.400548 1.437737 0.216953
1.898929 0.375538 1.430655 0.332134
1.906009 0.454927 1.451761 0.240209
1.910503 0.523092 1.426421 0.209642
1.913816 0.012919 1.505089 0.395985
1.916220 0.372492 1.430255 0.332766
1.921937 0.559850 1.389877 0.253200
1.925452 0.092167 1.448636 0.329644
1.929976 0.369381 1.429949 0.333714
1.937385 0.015613 1.504937 0.394878
1.941123 0.366118 1.429769 0.334272
1.948543 0.517687 1.428165 0.211909
1.948944 0.461428 1.449109 0.237471
1.950974 0.362738 1.429751 0.334688
1.957982 0.359416 1.429905 0.335083
1.959228 0.018215 1.504696 0.393752
1.961142 0.356173 1.430153 0.335131
1.963791 0.563892 1.388963 0.252908
1.964757 0.353143 1.430555 0.335526
1.969148 0.350231 1.431124 0.335842
1.971362 0.347316 1.431747 0.336088
1.974518 0.344104 1.432491 0.336289
1.976072 0.340882 1.433340 0.336556
1.978880 0.020751 1.504407 0.392641
1.980801 0.337715 1.434231 0.336697
1.981310 0.512162 1.430017 0.214643
1.982966 0.468112 1.446453 0.234651
1.983168 0.092439 1.448699 0.329559
1.984771 0.334584 1.435119 0.336795
1.989680 0.330962 1.436151 0.336884
1.992641 0.327442 1.437051 0.336880
1.996511 0.324070 1.437876 0.336968
1.997402 0.023378 1.503965 0.391753
2.001193 0.320892 1.438642 0.337032
2.004899 0.568243 1.388015 0.252722
2.006614 0.317555 1.439424 0.337034
2.010740 0.506617 1.432022 0.217611
2.011371 0.474663 1.443863 0.231778
2.013265 0.314098 1.440192 0.336775
2.013963 0.026034 1.503443 0.390754
2.021492 0.310524 1.440981 0.336802
2.026690 0.307082 1.441711 0.336914
2.029173 0.028810 1.502802 0.389781
2.031028 0.481397 1.441286 0.229200
2.031660 0.500849 1.434137 0.220786
2.033567 0.303848 1.442369 0.336934
2.038912 0.300285 1.443075 0.336868
2.040089 0.487922 1.438794 0.226156
2.040259 0.092324 1.448813 0.329321
2.040608 0.494495 1.436403 0.223509
2.042905 0.031787 1.502085 0.388858
2.045239 0.296290 1.443841 0.336805
2.048495 0.572641 1.387025 0.252348
2.050771 0.291764 1.444660 0.336615
2.054016 0.287146 1.445394 0.336315
2.054623 0.034899 1.501335 0.388071
2.057997 0.282323 1.446151 0.336140
2.063899 0.277484 1.446856 0.335762
2.066881 0.038151 1.500540 0.387521
2.068953 0.272559 1.447514 0.335617
2.074303 0.267640 1.448159 0.335819
2.075673 0.041448 1.499700 0.386536
2.078647 0.262655 1.448735 0.335907
2.082534 0.044805 1.498853 0.385507
2.086666 0.257621 1.449334 0.336622
2.090626 0.577086 1.385969 0.252247
2.090909 0.048158 1.498028 0.384638
2.091658 0.252408 1.450028 0.337082
2.097187 0.091674 1.449019 0.328975
2.098118 0.247221 1.450835 0.337724
2.099620 0.051339 1.497200 0.383593
2.104973 0.241995 1.451788 0.338415
2.109411 0.054459 1.496359 0.382832
2.113332 0.236650 1.452837 0.339495
2.118389 0.057554 1.495538 0.381972
2.122938 0.231253 1.454055 0.340570
2.125590 0.060717 1.494685 0.381412
2.127515 0.581676 1.384934 0.252095
2.129193 0.225650 1.455348 0.341723
2.136413 0.219854 1.456724 0.342763
2.136890 0.063824 1.493878 0.380758
2.141000 0.214036 1.458097 0.344240
2.146807 0.067176 1.493002 0.380203
2.147659 0.208194 1.459560 0.346238
2.153763 0.090511 1.449321 0.328506
2.154591 0.202016 1.461074 0.348054
2.156645 0.070649 1.492020 0.379538
2.160272 0.586242 1.383904 0.251994
2.161570 0.195537 1.462567 0.349718
2.167609 0.074255 1.491029 0.378702
2.175925 0.188909 1.464074 0.351177
2.180290 0.078149 1.489980 0.377845
2.188026 0.590916 1.382889 0.252372
2.192837 0.182204 1.465559 0.352824
2.194868 0.082425 1.488886 0.377034
2.209249 0.088751 1.449761 0.328007
2.209975 0.175473 1.467030 0.354535
2.211421 0.595691 1.381797 0.252909
2.211886 0.087006 1.487739 0.376070
2.227359 0.092186 1.486460 0.374799
2.227722 0.168688 1.468538 0.356192
2.236394 0.600428 1.380688 0.253349
2.245246 0.161871 1.470063 0.357847
2.246751 0.097593 1.485149 0.373204
2.261076 0.605029 1.379560 0.253966
2.261788 0.103287 1.483742 0.371449
2.261833 0.154996 1.471597 0.359442
2.264227 0.087040 1.450154 0.326892
2.273534 0.109271 1.482302 0.369919
2.277323 0.148066 1.473173 0.360572
2.285270 0.115392 1.480843 0.368158
2.287155 0.609470 1.378516 0.254616
2.290043 0.141370 1.474733 0.362203
2.293612 0.121719 1.479345 0.366774
2.296559 0.134684 1.476293 0.363507
2.297328 0.128081 1.477828 0.364961
2.315975 0.613616 1.377489 0.254958
2.320972 0.085384 1.450552 0.326048
2.344071 0.617737 1.376496 0.255219
2.373904 0.621759 1.375473 0.255545
2.374688 0.083202 1.451012 0.325196
2.404093 0.625817 1.374528 0.255881
2.427816 0.080753 1.451505 0.324287
2.437590 0.629827 1.373528 0.256093
2.472240 0.633936 1.372521 0.256223
2.477982 0.077975 1.452109 0.322838
2.509660 0.638124 1.371493 0.256249
2.526897 0.075157 1.452791 0.321622
2.548052 0.642486 1.370436 0.256239
2.574313 0.072251 1.453530 0.320193
2.588068 0.646713 1.369426 0.256338
2.620791 0.069307 1.454334 0.318861
2.628755 0.650769 1.368541 0.256559
2.665279 0.066280 1.455257 0.317860
2.670554 0.654699 1.367629 0.256411
2.709661 0.063313 1.456193 0.316981
2.711361 0.658528 1.366733 0.256015
2.753917 0.662002 1.365898 0.255727
2.754782 0.060553 1.457117 0.316280
2.794340 0.665514 1.365048 0.255576
2.798429 0.057863 1.458069 0.316027
2.836603 0.668519 1.364173 0.255031
2.843230 0.055559 1.459003 0.315824
2.879532 0.671370 1.363340 0.254836
2.887798 0.053497 1.459831 0.315500
2.921714 0.674093 1.362516 0.254828
2.931343 0.051765 1.460577 0.315237
2.964547 0.676625 1.361682 0.254906
2.972091 0.050428 1.461197 0.315091
3.006426 0.679180 1.360946 0.255012
3.008467 0.049305 1.461717 0.314916
3.038704 0.048385 1.462102 0.314934
3.048184 0.681704 1.360257 0.255324
3.065480 0.047731 1.462417 0.314721
3.089880 0.684156 1.359598 0.255509
3.090591 0.047185 1.462645 0.314616
3.114652 0.046706 1.462839 0.314552
3.132878 0.686223 1.358965 0.255916
3.140729 0.046241 1.462989 0.314530
3.167291 0.045925 1.463094 0.314420
3.176713 0.688129 1.358313 0.256382
3.193708 0.045575 1.463191 0.314251
3.219280 0.045329 1.463244 0.314030
3.220961 0.689897 1.357681 0.256841
3.244550 0.045146 1.463262 0.313837
3.266735 0.691311 1.357100 0.257311
3.269371 0.044969 1.463271 0.313612
3.295238 0.044915 1.463223 0.313265
3.314459 0.692522 1.356543 0.257696
3.323008 0.044828 1.463205 0.312883
3.353064 0.044810 1.463174 0.312477
3.363835 0.693258 1.356031 0.257860
3.384817 0.044796 1.463103 0.311959
3.413840 0.693533 1.355617 0.258042
3.418493 0.044849 1.463074 0.311483
3.454128 0.045031 1.463033 0.310813
3.463080 0.693779 1.355159 0.258065
3.490732 0.045247 1.462998 0.310220
3.512011 0.693838 1.354713 0.258103
3.528185 0.045583 1.462896 0.309454
3.559940 0.693663 1.354276 0.258175
3.566653 0.046000 1.462792 0.308678
3.606460 0.046589 1.462660 0.307739
3.607488 0.693437 1.353806 0.258203
3.648626 0.047194 1.462638 0.306937
3.653790 0.692849 1.353337 0.258296
3.691606 0.048165 1.462608 0.306004
3.699144 0.692189 1.352814 0.258190
3.736581 0.049140 1.462630 0.305052
3.743185 0.691423 1.352296 0.258194
3.783874 0.050218 1.462654 0.304091
3.785347 0.690634 1.351925 0.258072
3.825944 0.689798 1.351720 0.258021
3.832747 0.051542 1.462613 0.303001
3.864832 0.688616 1.351730 0.258045
3.882648 0.053007 1.462499 0.302012
3.903452 0.687539 1.351850 0.258136
3.932541 0.054596 1.462357 0.300930
3.941515 0.686388 1.352167 0.258371
3.979984 0.685176 1.352568 0.258664
3.982705 0.056181 1.462355 0.300027
4.018928 0.683930 1.353050 0.259051
4.031547 0.057736 1.462366 0.298848
4.058984 0.682443 1.353598 0.259325
4.079588 0.059287 1.462417 0.297737
4.100752 0.681037 1.354101 0.259860
4.127682 0.060923 1.462404 0.296540
4.143197 0.679576 1.354606 0.260473
4.178012 0.062751 1.462321 0.295345
4.186488 0.678050 1.355079 0.261049
4.228780 0.676478 1.355569 0.261786
4.228862 0.064689 1.462185 0.294133
4.268817 0.674989 1.355991 0.262444
4.278128 0.066769 1.461948 0.292888
4.304270 0.673658 1.356375 0.263090
4.325511 0.068626 1.461763 0.291725
4.335139 0.672511 1.356672 0.263706
4.356997 0.671633 1.356818 0.264075
4.368700 0.070591 1.461512 0.290821
4.374497 0.671012 1.356880 0.264328
4.390647 0.670439 1.356877 0.264543
4.407188 0.072358 1.461254 0.290118
4.407876 0.669760 1.356848 0.264686
4.425750 0.669036 1.356799 0.264789
4.439894 0.073806 1.461019 0.289465
4.446057 0.668268 1.356773 0.264921
4.467857 0.667240 1.356674 0.264941
4.468211 0.074955 1.460893 0.288946
4.492171 0.666181 1.356544 0.264830
4.492666 0.076023 1.460775 0.288373
4.517621 0.077070 1.460618 0.287536
4.517677 0.664993 1.356326 0.264700
4.543516 0.078194 1.460465 0.286560
4.545367 0.663720 1.356016 0.264573
4.568801 0.079329 1.460241 0.285530
4.573401 0.662286 1.355637 0.264303
4.594624 0.080320 1.460041 0.284764
4.603316 0.660601 1.355218 0.264168
4.620278 0.081533 1.459761 0.283912
4.634845 0.658781 1.354855 0.264069
4.645325 0.082691 1.459496 0.283356
4.667930 0.656771 1.354563 0.264248
4.671882 0.083842 1.459237 0.282912
4.698079 0.085209 1.458891 0.282325
4.703981 0.654658 1.354401 0.264524
4.724570 0.086744 1.458496 0.281827
4.743172 0.652410 1.354251 0.264937
4.753108 0.088293 1.458080 0.281241
4.782343 0.089920 1.457651 0.280779
4.787265 0.649823 1.354162 0.265204
4.811485 0.091736 1.457198 0.280314
4.837257 0.647112 1.354115 0.265681
4.841189 0.093690 1.456688 0.279768
4.870933 0.095847 1.456122 0.279443
4.891951 0.644130 1.354181 0.266038
4.901971 0.098120 1.455611 0.279167
4.933408 0.100508 1.455155 0.279085
4.951178 0.641102 1.354421 0.266106
4.964113 0.103110 1.454775 0.278700
4.992889 0.105859 1.454426 0.278314
5.015051 0.638097 1.354731 0.265746
5.022099 0.108667 1.454226 0.278327
5.048316 0.111706 1.454056 0.278151
5.072747 0.114867 1.453946 0.278085
5.084350 0.635204 1.355135 0.265365
5.097831 0.118120 1.453812 0.278041
5.120180 0.121326 1.453616 0.277955
5.141323 0.124599 1.453292 0.277736
5.159312 0.632797 1.355466 0.264868
5.165283 0.127946 1.452929 0.277831
5.189827 0.131272 1.452465 0.277644
5.212217 0.134945 1.451815 0.277341
5.238528 0.138735 1.451065 0.276799
5.238708 0.630750 1.355698 0.264411
5.266117 0.142432 1.450291 0.276083
5.294196 0.146014 1.449541 0.275665
5.317902 0.628703 1.355911 0.264342
5.323576 0.149428 1.448804 0.275375
5.349667 0.153047 1.447930 0.275075
5.378671 0.156426 1.447087 0.274837
5.394137 0.626507 1.356155 0.263780
5.407499 0.159790 1.446202 0.274701
5.436865 0.163305 1.445260 0.274524
5.461443 0.167071 1.444204 0.274227
5.464428 0.623824 1.356520 0.263834
5.486140 0.170976 1.443142 0.274126
5.511300 0.175183 1.442105 0.273975
5.527942 0.620614 1.356997 0.263868
5.535356 0.179855 1.440993 0.273453
5.564892 0.184853 1.439900 0.272655
5.584909 0.616857 1.357602 0.263406
5.593281 0.190585 1.438683 0.271766
5.615641 0.197233 1.437325 0.270426
5.642898 0.613388 1.358267 0.263234
5.655709 0.203926 1.436095 0.269164
5.687702 0.608606 1.359445 0.263070
5.705004 0.211222 1.434860 0.268301
5.727188 0.603330 1.360733 0.262434
5.755453 0.219282 1.433475 0.266979
5.762683 0.597639 1.362172 0.261850
5.778272 0.591133 1.363768 0.260227
5.794949 0.584129 1.365513 0.259082
5.808357 0.576798 1.367277 0.257445
5.820058 0.227076 1.432286 0.266511
5.820095 0.568929 1.369216 0.256404
5.837602 0.560913 1.371187 0.255599
5.855700 0.552782 1.373258 0.254833
5.868588 0.544352 1.375329 0.253269
5.870076 0.535876 1.377316 0.250799
5.875647 0.527236 1.379329 0.248295
5.889469 0.234867 1.431131 0.265865
5.904740 0.518494 1.381494 0.246746
5.934054 0.509587 1.383646 0.244656
5.962337 0.242303 1.430106 0.265349
5.971707 0.500501 1.385926 0.243574
5.997998 0.490963 1.388118 0.241509
6.033868 0.249723 1.429137 0.264862
6.041148 0.481864 1.390126 0.238897
6.099713 0.257239 1.428043 0.263899
6.106321 0.473817 1.391834 0.236026
6.163767 0.465404 1.393502 0.232772
6.169526 0.264039 1.427057 0.262967
6.235925 0.458080 1.394837 0.229169
6.240066 0.270466 1.426114 0.262227
6.306639 0.276601 1.425112 0.260908
6.308546 0.451260 1.395993 0.225532
6.359833 0.283095 1.423832 0.258833
6.378703 0.444376 1.397094 0.222499
6.419158 0.288920 1.422775 0.257349
6.450346 0.438206 1.397949 0.219786
6.460185 0.295270 1.421353 0.254537
6.506719 0.300894 1.420051 0.251521
6.521383 0.433064 1.398457 0.217035
6.552537 0.306592 1.418736 0.249272
6.593511 0.312350 1.417314 0.246660
6.594085 0.428649 1.398704 0.215533
6.639288 0.317773 1.416031 0.244404
6.655878 0.424675 1.398624 0.212562
6.674118 0.323638 1.414606 0.242125
6.704447 0.329530 1.413101 0.239619
6.712590 0.421600 1.398170 0.209576
6.738359 0.335241 1.411669 0.237335
6.752640 0.418245 1.397642 0.206113
6.769863 0.340825 1.410205 0.234917
6.801475 0.416053 1.396837 0.203761
6.802427 0.346465 1.408713 0.232980
6.821982 0.351835 1.407156 0.229831
6.844738 0.413754 1.395972 0.201591
6.849803 0.356729 1.405727 0.226807
6.867217 0.361620 1.404150 0.223494
6.883351 0.410856 1.395285 0.200075
6.898438 0.366011 1.402817 0.220920
6.915119 0.370116 1.401339 0.217642
6.919494 0.407726 1.394806 0.199116
6.929901 0.373995 1.399878 0.214457
6.944711 0.377652 1.398577 0.211603
6.949294 0.404077 1.394601 0.198623
6.958073 0.381153 1.397512 0.208851
6.968168 0.384539 1.396632 0.206128
6.971934 0.400127 1.394639 0.199025
6.976076 0.388066 1.395877 0.203783
6.977654 0.391824 1.395303 0.201611
6.980330 0.395843 1.394942 0.199927