-4.157528 0.593277 1.779248 0.333479
-4.157368 0.590303 1.779167 0.334452
-4.155183 0.587421 1.778969 0.335504
-4.154856 0.596234 1.779352 0.332381
-4.153420 0.584638 1.778565 0.336506
-4.150410 0.581928 1.778000 0.337263
-4.148593 0.599173 1.779518 0.331183
-4.143783 0.579382 1.777444 0.337930
-4.135645 0.602037 1.779722 0.330078
-4.135269 0.577037 1.776959 0.338723
-4.124885 0.574771 1.776567 0.339204
-4.123685 0.604854 1.780025 0.329057
-4.117950 0.572618 1.776254 0.339723
-4.109509 0.570667 1.776090 0.340182
-4.109068 0.607450 1.780434 0.328075
-4.104977 0.568865 1.776048 0.340605
-4.104645 0.559644 1.775805 0.345068
-4.101820 0.567278 1.776073 0.340956
-4.100201 0.566023 1.776161 0.341392
-4.099363 0.562893 1.776097 0.343105
-4.098302 0.565088 1.776232 0.341808
-4.098154 0.560988 1.775939 0.344435
-4.096523 0.609843 1.780906 0.327165
-4.096484 0.563696 1.776230 0.342687
-4.096052 0.564385 1.776286 0.342249
-4.094167 0.562150 1.776051 0.343854
-4.083730 0.559284 1.775766 0.346058
-4.082565 0.611954 1.781529 0.326296
-4.068953 0.613805 1.782271 0.325511
-4.059351 0.559531 1.775650 0.346864
-4.056652 0.615507 1.783003 0.324986
-4.046817 0.616955 1.783701 0.324325
-4.038160 0.618269 1.784348 0.323766
-4.034100 0.560138 1.775443 0.347433
-4.031408 0.619508 1.784924 0.323220
-4.022136 0.620625 1.785568 0.322719
-4.014834 0.621706 1.786113 0.322248
-4.009692 0.561029 1.775186 0.347796
-4.008092 0.622707 1.786558 0.321875
-4.001042 0.623584 1.786932 0.321504
-3.993168 0.624427 1.787226 0.321128
-3.990201 0.562125 1.774812 0.348435
-3.985671 0.625340 1.787284 0.320712
-3.975115 0.626291 1.787311 0.320215
-3.974408 0.563400 1.774446 0.348700
-3.963014 0.627361 1.787212 0.319708
-3.960039 0.564642 1.774101 0.348815
-3.950126 0.565920 1.773784 0.349316
-3.948160 0.628374 1.787121 0.319023
-3.942053 0.567196 1.773510 0.349979
-3.936260 0.568640 1.773200 0.350714
-3.935156 0.629544 1.786896 0.318274
-3.931818 0.570238 1.772879 0.351661
-3.925572 0.571923 1.772512 0.352757
-3.922001 0.630740 1.786637 0.317469
-3.919727 0.573782 1.772120 0.353828
-3.911693 0.575801 1.771717 0.354759
-3.908722 0.631993 1.786388 0.316747
-3.902549 0.577811 1.771292 0.355743
-3.895883 0.633230 1.786157 0.315827
-3.891922 0.579883 1.770898 0.356556
-3.881260 0.581988 1.770494 0.357137
-3.879066 0.634616 1.786006 0.314970
-3.869847 0.584034 1.770202 0.357526
-3.862898 0.636287 1.785890 0.314050
-3.857690 0.586025 1.770009 0.357753
-3.843063 0.587928 1.769915 0.357766
-3.840176 0.638085 1.785856 0.313253
-3.825898 0.589748 1.769903 0.357577
-3.819747 0.640244 1.785734 0.312257
-3.808114 0.591486 1.769892 0.357172
-3.793967 0.642511 1.785651 0.311288
-3.786234 0.593084 1.769904 0.356798
-3.769211 0.645166 1.785565 0.310456
-3.760880 0.594530 1.769850 0.356369
-3.743976 0.648201 1.785526 0.310040
-3.732333 0.595764 1.769761 0.355970
-3.711488 0.651090 1.785599 0.309690
-3.701773 0.596939 1.769619 0.355408
-3.679210 0.654042 1.785663 0.309272
-3.668591 0.597887 1.769444 0.354952
-3.634743 0.598542 1.769325 0.354261
-3.634128 0.656204 1.785796 0.309280
-3.602544 0.538136 1.776261 0.367718
-3.601908 0.538884 1.775396 0.370409
-3.601538 0.538548 1.775865 0.368910
-3.601094 0.538000 1.776565 0.366595
-3.600665 0.540122 1.774390 0.374244
-3.600277 0.539407 1.774902 0.372187
-3.599625 0.537791 1.776825 0.365552
-3.598675 0.598937 1.769256 0.353794
-3.598209 0.541684 1.773915 0.376178
-3.596815 0.537493 1.777035 0.364574
-3.592793 0.537336 1.777204 0.363481
-3.592773 0.543873 1.773502 0.377904
-3.589251 0.546513 1.773129 0.379489
-3.587765 0.549458 1.772773 0.380758
-3.585792 0.537409 1.777325 0.362248
-3.583145 0.657660 1.785945 0.309531
-3.581342 0.552595 1.772513 0.381589
-3.579477 0.537104 1.777449 0.360785
-3.576449 0.555876 1.772249 0.382064
-3.573453 0.537356 1.777491 0.358996
-3.570526 0.559201 1.772003 0.382452
-3.569843 0.536773 1.777577 0.357004
-3.568558 0.535839 1.780078 0.253839
-3.567682 0.536315 1.777641 0.354942
-3.567508 0.532779 1.780164 0.256114
-3.564545 0.562582 1.771762 0.382916
-3.562791 0.535831 1.777686 0.353021
-3.562636 0.599191 1.769227 0.353574
-3.557874 0.535180 1.777785 0.351376
-3.555742 0.565956 1.771516 0.383380
-3.554121 0.534605 1.777872 0.349958
-3.552852 0.534011 1.777952 0.348871
-3.551515 0.531107 1.780144 0.259249
-3.550608 0.533683 1.778038 0.348103
-3.549677 0.533456 1.778093 0.347695
-3.548181 0.533237 1.778121 0.347276
-3.547875 0.569190 1.771257 0.383868
-3.546394 0.532776 1.778167 0.346554
-3.543146 0.532119 1.778206 0.345562
-3.541215 0.572247 1.770991 0.384275
-3.540059 0.529719 1.780090 0.262492
-3.535406 0.531574 1.778280 0.344322
-3.532918 0.575106 1.770720 0.384564
-3.531866 0.528811 1.779984 0.265846
-3.529625 0.538824 1.779962 0.253518
-3.528625 0.530806 1.778337 0.342886
-3.528270 0.658546 1.785971 0.309817
-3.527148 0.599126 1.769207 0.353696
-3.526475 0.540901 1.779787 0.256999
-3.525605 0.577806 1.770448 0.384595
-3.524529 0.527815 1.779855 0.269122
-3.520174 0.529977 1.778409 0.341188
-3.515503 0.580303 1.770237 0.384464
-3.515458 0.527254 1.779728 0.272434
-3.514194 0.528838 1.778491 0.339246
-3.511238 0.526263 1.779581 0.275708
-3.507247 0.527599 1.778604 0.337031
-3.506362 0.582694 1.770018 0.383743
-3.503599 0.525982 1.779467 0.279083
-3.500751 0.526287 1.778707 0.334622
-3.500500 0.542922 1.779594 0.260251
-3.498389 0.598590 1.769189 0.354849
-3.497533 0.585081 1.769794 0.382786
-3.495519 0.524847 1.779412 0.282271
-3.495209 0.525002 1.778793 0.332085
-3.492786 0.523645 1.778872 0.329440
-3.489734 0.522312 1.778997 0.326762
-3.488924 0.523520 1.779411 0.285414
-3.487408 0.520993 1.779115 0.323995
-3.484934 0.587362 1.769591 0.381324
-3.480161 0.519933 1.779247 0.321127
-3.479317 0.522194 1.779421 0.288470
-3.478961 0.518631 1.779359 0.318314
-3.478000 0.597702 1.769182 0.356430
-3.471291 0.658753 1.786082 0.310267
-3.469165 0.517832 1.779485 0.315342
-3.469039 0.520761 1.779456 0.291351
-3.467528 0.597085 1.769151 0.358490
-3.465163 0.589398 1.769432 0.379473
-3.463637 0.517202 1.779560 0.312300
-3.463571 0.519441 1.779504 0.294249
-3.459799 0.543983 1.779418 0.263496
-3.459352 0.518604 1.779525 0.297248
-3.458840 0.516872 1.779596 0.309232
-3.456770 0.596297 1.769149 0.360540
-3.452737 0.517806 1.779573 0.300189
-3.452609 0.516687 1.779626 0.306200
-3.452432 0.590916 1.769306 0.376785
-3.451556 0.517220 1.779599 0.303197
-3.447381 0.595481 1.769156 0.362717
-3.443490 0.592261 1.769176 0.373866
-3.440488 0.594725 1.769134 0.365114
-3.438859 0.594092 1.769103 0.367925
-3.435812 0.593256 1.769118 0.370886
-3.426360 0.544908 1.779231 0.267245
-3.414116 0.658317 1.786244 0.310761
-3.400666 0.546529 1.778961 0.271138
-3.376706 0.548530 1.778663 0.275032
-3.357761 0.657307 1.786516 0.311278
-3.344987 0.550416 1.778365 0.278886
-3.318241 0.552890 1.778080 0.282706
-3.303395 0.655940 1.786851 0.312109
-3.292746 0.555678 1.777817 0.286479
-3.269252 0.558408 1.777542 0.290449
-3.250488 0.654381 1.787202 0.313108
-3.242621 0.561279 1.777334 0.294351
-3.211749 0.564111 1.777130 0.298272
-3.199291 0.652499 1.787586 0.314064
-3.183686 0.567101 1.776896 0.302295
-3.150693 0.650382 1.788042 0.315142
-3.150468 0.570102 1.776713 0.306305
-3.118516 0.573232 1.776541 0.310454
-3.102202 0.648129 1.788603 0.316030
-3.086702 0.576322 1.776344 0.314823
-3.057324 0.579557 1.776087 0.319281
-3.056021 0.645743 1.789216 0.317249
-3.019709 0.582936 1.775862 0.323439
-3.010379 0.643223 1.789859 0.318316
-2.987336 0.586814 1.775505 0.327363
-2.967137 0.640605 1.790501 0.319548
-2.938185 0.590667 1.775066 0.330562
-2.925073 0.637817 1.791148 0.320507
-2.896281 0.594334 1.774524 0.334362
-2.884715 0.634975 1.791715 0.321618
-2.846163 0.632021 1.792305 0.322636
-2.844578 0.598048 1.773910 0.337532
-2.809381 0.629059 1.792780 0.323802
-2.788470 0.601866 1.773186 0.340130
-2.771766 0.626130 1.793305 0.324852
-2.733964 0.623239 1.793769 0.325700
-2.725713 0.605044 1.772394 0.342915
-2.705611 0.620240 1.794029 0.327182
-2.678509 0.782525 1.763514 0.343893
-2.675613 0.785413 1.763501 0.340661
-2.674125 0.617280 1.794278 0.328258
-2.668857 0.608450 1.771551 0.345853
-2.658641 0.780285 1.763541 0.346935
-2.643526 0.787260 1.763452 0.337120
-2.638824 0.614646 1.794602 0.329273
-2.628357 0.778258 1.763637 0.349147
-2.614309 0.611950 1.770590 0.348625
-2.605697 0.611984 1.794907 0.330128
-2.600272 0.788614 1.763270 0.333690
-2.594839 0.776695 1.763848 0.350960
-2.571978 0.609379 1.795214 0.330713
-2.564465 0.615798 1.769481 0.350889
-2.561338 0.775630 1.764056 0.352566
-2.538134 0.606901 1.795433 0.331438
-2.537638 0.789949 1.762980 0.331631
-2.530418 0.775125 1.764271 0.354125
-2.520775 0.619919 1.768417 0.352765
-2.505339 0.604403 1.795577 0.332009
-2.500634 0.775097 1.764528 0.355533
-2.471882 0.623866 1.767547 0.353902
-2.471778 0.775349 1.764740 0.356806
-2.471656 0.602089 1.795604 0.332801
-2.470543 0.791023 1.762636 0.329878
-2.445961 0.776027 1.764930 0.358012
-2.439223 0.599759 1.795584 0.333666
-2.421962 0.776821 1.765117 0.359148
-2.419958 0.627469 1.766744 0.354963
-2.403920 0.597628 1.795569 0.334110
-2.401043 0.777736 1.765301 0.360124
-2.399724 0.792090 1.762217 0.328614
-2.383970 0.778646 1.765510 0.360850
-2.376029 0.631470 1.765953 0.354467
-2.370059 0.779466 1.765713 0.361264
-2.365872 0.595871 1.795546 0.334433
-2.359548 0.780109 1.765863 0.361450
-2.351613 0.780638 1.765872 0.361493
-2.343763 0.781129 1.765708 0.361416
-2.334481 0.781645 1.765443 0.361220
-2.330937 0.635322 1.765267 0.354333
-2.330397 0.594090 1.795499 0.334698
-2.327408 0.793471 1.761808 0.327719
-2.325537 0.782130 1.765037 0.360990
-2.318210 0.782513 1.764545 0.360747
-2.311032 0.782835 1.763967 0.360448
-2.301857 0.783227 1.763285 0.360060
-2.294516 0.592617 1.795473 0.335169
-2.289085 0.783738 1.762511 0.359481
-2.289061 0.639213 1.764587 0.353875
-2.272104 0.784416 1.761628 0.358691
-2.257566 0.591446 1.795392 0.335286
-2.256179 0.643201 1.763898 0.353062
-2.251715 0.794604 1.761456 0.327294
-2.249919 0.785123 1.760794 0.357645
-2.223044 0.785953 1.759924 0.356483
-2.221867 0.590282 1.795285 0.335137
-2.218977 0.646833 1.763330 0.352590
-2.192086 0.786837 1.759001 0.355214
-2.185159 0.589374 1.794957 0.335103
-2.182909 0.650216 1.762755 0.352379
-2.175494 0.796091 1.761151 0.327140
-2.159589 0.787669 1.758116 0.353652
-2.148231 0.588685 1.794510 0.334754
-2.146525 0.653195 1.762219 0.352225
-2.120102 0.788386 1.757237 0.352413
-2.118166 0.656041 1.761624 0.351455
-2.109989 0.588447 1.793788 0.334182
-2.098227 0.797841 1.760847 0.327242
-2.089613 0.658504 1.761050 0.351086
-2.077735 0.789039 1.756389 0.351297
-2.069050 0.588257 1.792957 0.334047
-2.064939 0.660717 1.760445 0.350673
-2.047618 0.662809 1.759869 0.350008
-2.034108 0.789393 1.755576 0.350159
-2.029850 0.664646 1.759306 0.349544
-2.025875 0.587991 1.792046 0.333518
-2.018309 0.799282 1.760627 0.327437
-2.011861 0.666309 1.758785 0.349120
-1.995232 0.667959 1.758270 0.348723
-1.989107 0.789521 1.754841 0.349288
-1.978541 0.669610 1.757757 0.348308
-1.977791 0.587829 1.790973 0.333156
-1.961558 0.671309 1.757261 0.347910
-1.944478 0.789377 1.754152 0.348678
-1.944450 0.673054 1.756780 0.347407
-1.935795 0.800162 1.760503 0.327342
-1.924863 0.587871 1.789803 0.332643
-1.922169 0.674792 1.756305 0.347461
-1.902828 0.789416 1.753448 0.348239
-1.899396 0.676618 1.755857 0.347765
-1.877115 0.678621 1.755442 0.348227
-1.867178 0.587558 1.788634 0.331988
-1.865423 0.788920 1.752833 0.347949
-1.853373 0.680729 1.755050 0.348852
-1.852742 0.800800 1.760445 0.327465
-1.834188 0.788422 1.752237 0.347779
-1.832762 0.683220 1.754658 0.349415
-1.815321 0.686056 1.754294 0.349895
-1.808475 0.787660 1.751745 0.347757
-1.803802 0.586961 1.787475 0.331925
-1.800846 0.689138 1.753916 0.350136
-1.788524 0.692451 1.753556 0.350315
-1.785853 0.786604 1.751320 0.347786
-1.775160 0.695878 1.753252 0.350683
-1.770344 0.801489 1.760416 0.327218
-1.763208 0.785254 1.750994 0.347856
-1.761062 0.699447 1.753000 0.351307
-1.748330 0.703196 1.752808 0.352080
-1.741533 0.783651 1.750763 0.348339
-1.737254 0.707191 1.752646 0.352897
-1.735155 0.586439 1.786330 0.331907
-1.731956 0.711515 1.752501 0.353505
-1.724924 0.715938 1.752371 0.354358
-1.723782 0.720516 1.752280 0.354744
-1.722473 0.781639 1.750632 0.348840
-1.719905 0.734469 1.752005 0.354515
-1.719274 0.725143 1.752186 0.355081
-1.718726 0.743358 1.751709 0.353379
-1.718620 0.739013 1.751873 0.354064
-1.717684 0.747583 1.751550 0.352905
-1.716680 0.729834 1.752087 0.355096
-1.715487 0.751658 1.751418 0.352382
-1.714962 0.755646 1.751296 0.352074
-1.714284 0.759585 1.751205 0.351750
-1.712543 0.763409 1.751113 0.351558
-1.709873 0.779249 1.750620 0.349607
-1.706233 0.767016 1.751003 0.351472
-1.704365 0.770397 1.750919 0.351097
-1.703641 0.776489 1.750673 0.350125
-1.701055 0.773549 1.750783 0.350707
-1.689214 0.802115 1.760447 0.327169
-1.662753 0.585963 1.785207 0.332389
-1.648618 0.885143 1.757839 0.304714
-1.648171 0.879733 1.758238 0.306228
-1.647231 0.874242 1.758616 0.308682
-1.645792 0.868662 1.758990 0.311572
-1.645160 0.890138 1.757456 0.303615
-1.644933 0.863105 1.759349 0.314861
-1.642099 0.857521 1.759709 0.318246
-1.640394 0.894512 1.757128 0.302783
-1.639615 0.851939 1.760039 0.321571
-1.638511 0.846426 1.760345 0.324704
-1.636192 0.898193 1.756814 0.302202
-1.631919 0.901106 1.756490 0.301660
-1.629031 0.903205 1.756182 0.301009
-1.626424 0.840930 1.760601 0.327179
-1.626313 0.904812 1.755901 0.300617
-1.622935 0.906503 1.755606 0.300233
-1.618523 0.908850 1.755242 0.299674
-1.612190 0.912020 1.754842 0.298532
-1.611303 0.802889 1.760488 0.327681
-1.609281 0.835815 1.760825 0.329431
-1.601878 0.916266 1.754396 0.297450
-1.595792 0.921177 1.753958 0.295141
-1.587489 0.585351 1.784062 0.333093
-1.587201 0.831219 1.760981 0.331264
-1.585770 0.926897 1.753480 0.293089
-1.579226 0.932978 1.752946 0.290811
-1.576641 0.938652 1.752454 0.287481
-1.563852 0.827350 1.761061 0.332954
-1.553991 0.944287 1.752103 0.284671
-1.543929 0.824234 1.761068 0.334543
-1.539921 0.804342 1.760527 0.328557
-1.527493 0.821950 1.761016 0.336178
-1.516029 0.949318 1.751841 0.282261
-1.513561 0.820352 1.760942 0.337486
-1.510297 0.584923 1.783033 0.334003
-1.502950 0.819232 1.760841 0.338489
-1.493700 0.818317 1.760714 0.339156
-1.484435 0.953815 1.751569 0.279423
-1.483431 0.817231 1.760655 0.339570
-1.480509 0.805574 1.760595 0.330902
-1.471225 0.815744 1.760629 0.339991
-1.453822 0.813812 1.760642 0.339753
-1.446661 0.958106 1.751333 0.277657
-1.432067 0.811991 1.760646 0.338178
-1.431810 0.807091 1.760637 0.333427
-1.431486 0.584577 1.782007 0.335134
-1.413824 0.809583 1.760641 0.336162
-1.406189 0.857452 1.762729 0.270441
-1.401351 0.848618 1.762482 0.264285
-1.400941 0.861173 1.762174 0.275103
-1.399397 0.855270 1.763071 0.265411
-1.397595 0.960809 1.751228 0.275442
-1.397544 0.849051 1.762443 0.267206
-1.395742 0.857163 1.763052 0.260831
-1.394577 0.867209 1.761487 0.277269
-1.393345 0.849640 1.762364 0.261396
-1.385578 0.851788 1.762103 0.259038
-1.383452 0.850916 1.762173 0.269019
-1.382461 0.873918 1.760732 0.278027
-1.381402 0.859903 1.762798 0.257569
-1.374471 0.854171 1.761835 0.256822
-1.374408 0.881008 1.759924 0.278072
-1.372608 0.872882 1.758642 0.246591
-1.371897 0.853288 1.761699 0.269744
-1.369825 0.862394 1.762331 0.254926
-1.367040 0.888350 1.759064 0.277985
-1.366012 0.871087 1.759102 0.248142
-1.365084 0.875523 1.758375 0.245444
-1.364888 0.895874 1.758215 0.277715
-1.364283 0.866576 1.761054 0.251709
-1.364281 0.864652 1.761702 0.252955
-1.363332 0.948733 1.752208 0.274870
-1.362483 0.869616 1.759526 0.249162
-1.362180 0.856658 1.761564 0.254918
-1.362015 0.867764 1.760541 0.250621
-1.361362 0.868661 1.760059 0.249931
-1.360890 0.938719 1.753443 0.275401
-1.359263 0.855483 1.761139 0.270092
-1.357989 0.903501 1.757411 0.277354
-1.357352 0.952265 1.751807 0.274501
-1.356268 0.911109 1.756600 0.276972
-1.356036 0.963882 1.750994 0.274943
-1.354404 0.944228 1.752842 0.275312
-1.352091 0.857694 1.760535 0.270154
-1.352002 0.859024 1.761304 0.253166
-1.351438 0.878582 1.758152 0.244649
-1.351346 0.584569 1.781022 0.336265
-1.348795 0.932521 1.754249 0.276127
-1.348354 0.925731 1.755046 0.276495
-1.347326 0.918539 1.755858 0.276771
-1.342737 0.861313 1.761047 0.251566
-1.340328 0.954466 1.751674 0.274236
-1.337316 0.859657 1.760026 0.270348
-1.336397 0.881174 1.758030 0.242494
-1.335031 0.863569 1.760769 0.250129
-1.332976 0.955705 1.751598 0.273998
-1.331417 0.958735 1.751274 0.274436
-1.329481 0.956057 1.751594 0.273817
-1.329389 0.884523 1.757774 0.241187
-1.329334 0.956972 1.751455 0.273894
-1.326368 0.865810 1.760447 0.248927
-1.325025 0.861605 1.759586 0.270528
-1.322574 0.961353 1.751161 0.274159
-1.318840 0.868005 1.760117 0.247856
-1.311777 0.870116 1.759741 0.246923
-1.309982 0.863439 1.759199 0.270598
-1.307948 0.887762 1.757558 0.240616
-1.305013 0.872171 1.759369 0.246108
-1.299420 0.865328 1.758905 0.270275
-1.298672 0.874125 1.758957 0.245344
-1.295805 0.867198 1.758597 0.269429
-1.290707 0.875925 1.758552 0.244819
-1.284610 0.877508 1.758153 0.244260
-1.283805 0.869261 1.758399 0.269540
-1.279727 0.878932 1.757770 0.243899
-1.278106 0.890567 1.757361 0.240372
-1.274552 0.880174 1.757453 0.243848
-1.274145 0.698972 1.839479 0.331025
-1.272673 0.881226 1.757146 0.243841
-1.272600 0.871562 1.758199 0.268976
-1.271118 0.882144 1.756974 0.243804
-1.270360 0.584603 1.780152 0.337416
-1.267901 0.701742 1.840650 0.329223
-1.267794 0.874265 1.757937 0.268440
-1.266585 0.695999 1.838298 0.332066
-1.266058 0.693519 1.837138 0.333788
-1.264756 0.882906 1.757074 0.243595
-1.264155 0.691343 1.835968 0.335630
-1.261912 0.883796 1.757083 0.243143
-1.258901 0.884951 1.757104 0.242461
-1.258606 0.888725 1.757096 0.242350
-1.257406 0.886618 1.757124 0.241890
-1.257120 0.704668 1.841879 0.327487
-1.256936 0.877259 1.757659 0.268641
-1.255838 0.689140 1.834797 0.337075
-1.255225 0.893353 1.757112 0.240038
-1.248162 0.891090 1.757102 0.241735
-1.246912 0.686994 1.833637 0.338300
-1.243539 0.880402 1.757380 0.268208
-1.241508 0.707570 1.843070 0.325711
-1.237587 0.684987 1.832463 0.339453
-1.235781 0.883762 1.757095 0.267624
-1.228801 0.683186 1.831269 0.340675
-1.228405 0.710579 1.844305 0.323915
-1.217548 0.681534 1.829974 0.341855
-1.210588 0.713640 1.845570 0.322343
-1.203478 0.680119 1.828586 0.343070
-1.192219 0.716719 1.846853 0.320835
-1.189930 0.884967 1.757026 0.269172
-1.187834 0.584944 1.779311 0.338370
-1.184986 0.679084 1.827065 0.344282
-1.166125 0.677941 1.825519 0.345318
-1.157232 0.719052 1.848161 0.319299
-1.153202 0.886397 1.756935 0.271464
-1.141679 0.677266 1.823869 0.346017
-1.118319 0.809535 1.756312 0.331730
-1.118125 0.721321 1.849498 0.318224
-1.117886 0.676482 1.822128 0.346540
-1.117313 0.806328 1.756187 0.335592
-1.112027 0.813291 1.756395 0.327815
-1.111181 0.885900 1.757010 0.273800
-1.109356 0.803759 1.755993 0.339232
-1.105940 0.585373 1.778539 0.339651
-1.100031 0.817794 1.756381 0.324255
-1.094712 0.675759 1.820379 0.346878
-1.092953 0.822459 1.756354 0.320421
-1.091148 0.802930 1.755702 0.342784
-1.085000 0.883537 1.757206 0.276048
-1.081368 0.831581 1.756314 0.311764
-1.079863 0.827161 1.756322 0.316374
-1.077190 0.723283 1.850841 0.317040
-1.077111 0.860407 1.757389 0.292433
-1.076849 0.836360 1.756397 0.307554
-1.075567 0.880613 1.757411 0.278223
-1.074706 0.871595 1.757596 0.285474
-1.073410 0.864552 1.757476 0.290293
-1.073356 0.874822 1.757583 0.283112
-1.073124 0.868441 1.757541 0.288206
-1.072842 0.877687 1.757540 0.280525
-1.071710 0.675042 1.818620 0.346978
-1.070796 0.841697 1.756545 0.304234
-1.070354 0.802588 1.755401 0.345640
-1.068351 0.856195 1.757219 0.295022
-1.067486 0.851623 1.757024 0.297792
-1.066293 0.846783 1.756787 0.300888
-1.049553 0.802719 1.755064 0.347761
-1.049102 0.674421 1.816896 0.346871
-1.032498 0.725021 1.852120 0.316299
-1.031709 0.803034 1.754744 0.349213
-1.028394 0.673746 1.815268 0.346450
-1.022761 0.585810 1.777818 0.340777
-1.015235 0.803434 1.754405 0.350230
-1.008856 0.673060 1.813724 0.345998
-0.995385 0.804054 1.754050 0.351129
-0.989413 0.672507 1.812197 0.345587
-0.986404 0.726361 1.853452 0.315474
-0.969662 0.672058 1.810656 0.345310
-0.968556 0.805006 1.753620 0.351771
-0.949579 0.671653 1.809087 0.345187
-0.940739 0.586494 1.777126 0.342222
-0.939322 0.727293 1.854815 0.314624
-0.933326 0.806282 1.753093 0.352217
-0.929321 0.671341 1.807493 0.345191
-0.909360 0.671032 1.805911 0.345314
-0.890568 0.727667 1.856184 0.313962
-0.890122 0.670667 1.804399 0.345569
-0.887488 0.807483 1.752506 0.352250
-0.870023 0.670367 1.802897 0.345797
-0.860329 0.587375 1.776464 0.343851
-0.850106 0.669991 1.801490 0.345980
-0.842691 0.727901 1.857544 0.313240
-0.836191 0.808994 1.751920 0.351978
-0.829521 0.669617 1.800113 0.345994
-0.808318 0.669281 1.798724 0.345787
-0.794705 0.727643 1.858886 0.313119
-0.787167 0.668939 1.797313 0.345374
-0.783297 0.810885 1.751331 0.351284
-0.778450 0.587839 1.775866 0.345104
-0.765792 0.668624 1.795930 0.344792
-0.750872 0.726595 1.860254 0.313497
-0.743812 0.668320 1.794544 0.344105
-0.726613 0.812719 1.750740 0.350521
-0.721421 0.668034 1.793101 0.343313
-0.707373 0.725703 1.861521 0.314195
-0.698396 0.667846 1.791665 0.342370
-0.696228 0.588484 1.775360 0.345123
-0.674801 0.667694 1.790230 0.341293
-0.668078 0.814596 1.750207 0.349975
-0.666577 0.718644 1.770671 0.312810
-0.650662 0.667481 1.788850 0.340223
-0.627705 0.667503 1.787509 0.338929
-0.624716 0.717425 1.769628 0.313393
-0.618311 0.589364 1.774787 0.345849
-0.611685 0.774411 1.752015 0.301173
-0.611679 0.776011 1.751929 0.301127
-0.610053 0.772597 1.752053 0.301101
-0.609634 0.777495 1.751834 0.301026
-0.608488 0.816319 1.749755 0.349652
-0.607525 0.770553 1.752054 0.300998
-0.606541 0.778952 1.751720 0.300913
-0.604177 0.667539 1.786207 0.337594
-0.603413 0.768254 1.752047 0.300731
-0.602464 0.780471 1.751617 0.300837
-0.597547 0.765709 1.752089 0.300411
-0.596861 0.782085 1.751490 0.300726
-0.591662 0.762873 1.752113 0.300018
-0.589390 0.783837 1.751360 0.300643
-0.582734 0.759842 1.752197 0.299470
-0.581969 0.667505 1.784884 0.336107
-0.581094 0.716551 1.768689 0.313761
-0.579324 0.785688 1.751196 0.300694
-0.575430 0.756533 1.752305 0.298939
-0.567798 0.787660 1.751014 0.300522
-0.567402 0.752995 1.752459 0.298304
-0.565123 0.749175 1.752603 0.298169
-0.557478 0.666959 1.783524 0.334831
-0.556275 0.745251 1.752755 0.297899
-0.555854 0.789813 1.750782 0.300618
-0.551606 0.818140 1.749404 0.349316
-0.549748 0.741179 1.752894 0.297728
-0.546268 0.590263 1.774218 0.347270
-0.543564 0.737032 1.753028 0.297701
-0.541182 0.792054 1.750605 0.300517
-0.539372 0.715524 1.767828 0.314460
-0.535018 0.666249 1.782170 0.333456
-0.533125 0.732941 1.753157 0.297795
-0.530342 0.725939 1.753338 0.311017
-0.530061 0.723880 1.753498 0.311177
-0.528315 0.721883 1.753627 0.311206
-0.526930 0.728043 1.753174 0.310694
-0.524613 0.719994 1.753773 0.311109
-0.522663 0.730169 1.752978 0.310402
-0.522343 0.794334 1.750455 0.300588
-0.522159 0.728888 1.753290 0.297826
-0.519177 0.718104 1.753876 0.310921
-0.517505 0.724842 1.753433 0.298187
-0.513928 0.732248 1.752791 0.309760
-0.511417 0.665270 1.780919 0.332322
-0.510802 0.716249 1.753965 0.310587
-0.507133 0.720949 1.753590 0.298729
-0.504706 0.734287 1.752622 0.309199
-0.502648 0.796691 1.750306 0.300283
-0.502215 0.714432 1.754044 0.309997
-0.500012 0.714134 1.767040 0.315075
-0.497308 0.819843 1.749132 0.349306
-0.493769 0.736260 1.752465 0.308657
-0.493179 0.712642 1.754145 0.309304
-0.492481 0.717094 1.753688 0.299118
-0.486345 0.710821 1.754258 0.308551
-0.485598 0.664276 1.779713 0.331442
-0.482333 0.713175 1.753797 0.299631
-0.480049 0.738123 1.752365 0.308137
-0.479450 0.799055 1.750152 0.300334
-0.478206 0.709003 1.754417 0.307758
-0.477923 0.591412 1.773649 0.348624
-0.471909 0.709251 1.753888 0.300279
-0.468922 0.707223 1.754616 0.306919
-0.465838 0.624733 1.758969 0.320360
-0.465465 0.630023 1.758667 0.319066
-0.465094 0.739793 1.752324 0.307220
-0.464112 0.640264 1.758081 0.316815
-0.464110 0.635166 1.758370 0.317837
-0.462933 0.619352 1.759274 0.321866
-0.462459 0.712444 1.766305 0.315490
-0.460776 0.663591 1.778560 0.330302
-0.460445 0.645269 1.757789 0.315618
-0.460292 0.705451 1.754861 0.305990
-0.458778 0.613682 1.759640 0.322782
-0.458311 0.705319 1.753993 0.301110
-0.457099 0.607918 1.760014 0.324138
-0.455532 0.650158 1.757505 0.314178
-0.454796 0.655105 1.757168 0.313028
-0.451323 0.801272 1.750008 0.300731
-0.450909 0.660003 1.756834 0.311791
-0.450150 0.701252 1.754117 0.301918
-0.449083 0.601935 1.760421 0.325118
-0.448963 0.703740 1.755165 0.305083
-0.447294 0.821449 1.748997 0.349217
-0.446846 0.741435 1.752293 0.306467
-0.446473 0.697043 1.754304 0.302658
-0.446243 0.664861 1.756518 0.310456
-0.445308 0.669792 1.756141 0.309492
-0.442656 0.692770 1.754518 0.303703
-0.438821 0.595891 1.760870 0.326214
-0.438808 0.674468 1.755799 0.307849
-0.438317 0.688359 1.754776 0.304601
-0.438246 0.702056 1.755514 0.304166
-0.437975 0.683759 1.755097 0.305321
-0.435772 0.663079 1.777475 0.329183
-0.434903 0.679132 1.755445 0.306464
-0.429399 0.589753 1.761334 0.327301
-0.428347 0.743065 1.752268 0.305671
-0.425936 0.700362 1.755895 0.303482
-0.423623 0.710901 1.765600 0.316049
-0.421357 0.583609 1.761777 0.328751
-0.419579 0.803417 1.749878 0.301039
-0.413440 0.662777 1.776442 0.327853
-0.413342 0.698733 1.756307 0.302824
-0.412663 0.592554 1.773078 0.350019
-0.409341 0.744803 1.752247 0.304981
-0.406918 0.577611 1.762161 0.330560
-0.402909 0.822936 1.748955 0.349267
-0.399925 0.697180 1.756710 0.302292
-0.395481 0.571742 1.762490 0.332928
-0.389885 0.662098 1.775511 0.326814
-0.387731 0.709039 1.764958 0.316457
-0.386725 0.746398 1.752200 0.304204
-0.386311 0.695684 1.757102 0.301910
-0.384709 0.565779 1.762795 0.335151
-0.383163 0.805364 1.749755 0.301350
-0.372756 0.694192 1.757510 0.301578
-0.368049 0.559810 1.763057 0.337347
-0.367142 0.661656 1.774609 0.325637
-0.364966 0.824256 1.748990 0.349266
-0.360885 0.747975 1.752134 0.303551
-0.357816 0.692678 1.757919 0.301616
-0.350143 0.707403 1.764311 0.317150
-0.349352 0.593779 1.772520 0.351022
-0.348289 0.661330 1.773741 0.324264
-0.344389 0.807220 1.749644 0.301765
-0.344014 0.554099 1.763279 0.340006
-0.343478 0.691077 1.758353 0.301381
-0.337324 0.749896 1.752005 0.303036
-0.333070 0.825349 1.749062 0.349302
-0.329441 0.660614 1.773001 0.323131
-0.329196 0.689378 1.758789 0.301279
-0.318969 0.548225 1.763512 0.342345
-0.315341 0.705416 1.763746 0.317018
-0.314499 0.752064 1.751858 0.302773
-0.313007 0.660714 1.772221 0.321740
-0.311165 0.687831 1.759223 0.301813
-0.306316 0.826277 1.749134 0.349394
-0.302467 0.808881 1.749548 0.302245
-0.299219 0.685899 1.759696 0.301819
-0.293407 0.595049 1.771967 0.352661
-0.293343 0.660479 1.771506 0.320556
-0.287054 0.683914 1.760213 0.301752
-0.286178 0.754102 1.751729 0.302459
-0.284539 0.543050 1.763692 0.345722
-0.279908 0.827220 1.749204 0.349472
-0.277431 0.660863 1.770769 0.319130
-0.276139 0.703829 1.763220 0.317289
-0.274561 0.681910 1.760809 0.302163
-0.268292 0.679777 1.761472 0.302710
-0.267287 0.661653 1.770006 0.317550
-0.262868 0.677747 1.762186 0.303646
-0.261795 0.662883 1.769200 0.316051
-0.260526 0.664112 1.768430 0.314455
-0.258263 0.810481 1.749458 0.302646
-0.257396 0.665495 1.767660 0.312974
-0.256865 0.675770 1.762936 0.304749
-0.256525 0.666855 1.766943 0.311386
-0.254749 0.756154 1.751580 0.302498
-0.254624 0.671677 1.764543 0.306820
-0.253733 0.668138 1.766161 0.309662
-0.252387 0.669905 1.765351 0.308317
-0.250325 0.673733 1.763721 0.305759
-0.246956 0.537973 1.763880 0.349222
-0.246750 0.828425 1.749226 0.349654
-0.239247 0.702046 1.762711 0.317759
-0.237391 0.596218 1.771425 0.353590
-0.225501 0.758535 1.751404 0.302669
-0.210938 0.811788 1.749354 0.303116
-0.209132 0.532870 1.764071 0.352750
-0.201471 0.830049 1.749193 0.349953
-0.199658 0.700470 1.762232 0.318132
-0.193234 0.760966 1.751242 0.302725
-0.186382 0.597257 1.770848 0.354738
-0.167658 0.698480 1.761760 0.319169
-0.164325 0.529174 1.764175 0.357572
-0.160403 0.812831 1.749181 0.303582
-0.154056 0.763101 1.751087 0.302868
-0.141231 0.832140 1.749012 0.350236
-0.139664 0.598236 1.770259 0.355769
-0.137276 0.696300 1.761305 0.320104
-0.123468 0.526380 1.764238 0.363151
-0.116526 0.765542 1.750912 0.302859
-0.107521 0.813733 1.748972 0.303863
-0.103492 0.694330 1.760796 0.321056
-0.095597 0.599190 1.769628 0.356248
-0.076008 0.767834 1.750749 0.303126
-0.067273 0.692541 1.760260 0.322007
-0.066361 0.834638 1.748639 0.349956
-0.054222 0.599942 1.769014 0.356433
-0.053106 0.814564 1.748749 0.304323
-0.047826 0.526450 1.764179 0.367874
-0.040579 0.770610 1.750526 0.303052
-0.032661 0.690574 1.759772 0.322916
-0.015367 0.600424 1.768367 0.356834
-0.001980 0.773339 1.750298 0.302879
0.003613 0.815078 1.748538 0.304671
0.004105 0.688638 1.759291 0.323476
0.013002 0.837997 1.748083 0.349027
0.022009 0.600899 1.767772 0.356700
0.036310 0.686574 1.758766 0.324512
0.038812 0.527164 1.764105 0.371730
0.045322 0.775735 1.750100 0.302735
0.058340 0.601516 1.767145 0.356707
0.061292 0.815565 1.748319 0.305312
0.065735 0.684396 1.758179 0.325603
0.076963 0.779082 1.749830 0.302190
0.093915 0.602146 1.766549 0.356307
0.096058 0.682336 1.757596 0.326645
0.102818 0.841496 1.747487 0.348729
0.115148 0.782264 1.749596 0.301772
0.120927 0.815712 1.748144 0.305560
0.121813 0.680061 1.757076 0.327693
0.125932 0.530543 1.763890 0.373759
0.128214 0.603054 1.765912 0.355900
0.149174 0.677751 1.756614 0.328635
0.149296 0.536355 1.763483 0.377176
0.156841 0.785296 1.749407 0.301707
0.163471 0.603950 1.765280 0.355625
0.173334 0.542712 1.763050 0.379380
0.178406 0.675424 1.756271 0.329549
0.179623 0.816564 1.747918 0.305807
0.191447 0.549487 1.762641 0.379908
0.192224 0.788644 1.749177 0.301774
0.198654 0.604962 1.764623 0.355261
0.198682 0.556214 1.762193 0.381166
0.199186 0.844923 1.746933 0.348587
0.209392 0.673172 1.756008 0.330652
0.215585 0.810522 1.752835 0.324554
0.216723 0.562798 1.761787 0.382432
0.221171 0.741773 1.751605 0.422979
0.221613 0.741755 1.751604 0.423017
0.221959 0.741740 1.751603 0.423044
0.222206 0.741724 1.751603 0.423054
0.222298 0.741710 1.751603 0.423063
0.222374 0.741709 1.751603 0.423069
0.222379 0.741707 1.751602 0.423069
0.222413 0.741705 1.751602 0.423070
0.222459 0.741703 1.751601 0.423075
0.222483 0.741699 1.751599 0.423079
0.222501 0.741693 1.751596 0.423082
0.222523 0.741697 1.751598 0.423081
0.222537 0.741691 1.751596 0.423084
0.222563 0.741691 1.751596 0.423086
0.222573 0.741687 1.751592 0.423088
0.222574 0.741688 1.751593 0.423088
0.222600 0.741686 1.751592 0.423089
0.222609 0.741685 1.751592 0.423089
0.222634 0.741684 1.751590 0.423088
0.222647 0.741682 1.751589 0.423090
0.222652 0.741680 1.751589 0.423091
0.222676 0.741678 1.751587 0.423092
0.222685 0.741678 1.751588 0.423093
0.222708 0.741677 1.751587 0.423095
0.222728 0.741674 1.751586 0.423097
0.222749 0.741673 1.751586 0.423098
0.222767 0.741673 1.751585 0.423100
0.222820 0.741665 1.751585 0.423105
0.222860 0.741661 1.751585 0.423108
0.222903 0.741659 1.751585 0.423112
0.222910 0.741657 1.751584 0.423112
0.222927 0.870631 1.753001 0.207839
0.222978 0.741656 1.751583 0.423116
0.222999 0.868009 1.753119 0.208750
0.223013 0.741655 1.751583 0.423119
0.223061 0.741654 1.751584 0.423120
0.223108 0.741652 1.751583 0.423124
0.223184 0.741652 1.751583 0.423125
0.223218 0.741651 1.751582 0.423128
0.223235 0.741649 1.751580 0.423130
0.223262 0.741649 1.751579 0.423132
0.223268 0.741646 1.751576 0.423134
0.223274 0.741648 1.751574 0.423131
0.223323 0.741643 1.751573 0.423135
0.223365 0.741641 1.751571 0.423140
0.223372 0.741636 1.751570 0.423141
0.223419 0.741635 1.751570 0.423144
0.223429 0.741634 1.751568 0.423146
0.223460 0.741627 1.751567 0.423150
0.223505 0.741620 1.751567 0.423153
0.223604 0.741619 1.751566 0.423158
0.223617 0.803970 1.753766 0.321153
0.223646 0.741614 1.751565 0.423161
0.223648 0.576054 1.760976 0.383888
0.223691 0.741611 1.751565 0.423164
0.223731 0.741605 1.751564 0.423166
0.223789 0.741607 1.751563 0.423171
0.223828 0.741602 1.751562 0.423175
0.223853 0.741597 1.751560 0.423179
0.223882 0.741596 1.751560 0.423182
0.223885 0.741595 1.751559 0.423182
0.223903 0.741593 1.751558 0.423184
0.223929 0.569497 1.761402 0.382883
0.223949 0.741592 1.751557 0.423186
0.223971 0.741588 1.751556 0.423189
0.223993 0.741585 1.751555 0.423191
0.224020 0.741584 1.751554 0.423192
0.224054 0.741573 1.751548 0.423198
0.224064 0.741583 1.751554 0.423195
0.224088 0.741581 1.751552 0.423199
0.224093 0.741575 1.751553 0.423200
0.224104 0.741574 1.751547 0.423199
0.224159 0.741575 1.751547 0.423198
0.224167 0.741570 1.751547 0.423200
0.224264 0.741556 1.751545 0.423210
0.224303 0.741562 1.751546 0.423210
0.224419 0.741551 1.751543 0.423218
0.224426 0.741550 1.751542 0.423219
0.224526 0.741556 1.751541 0.423220
0.224531 0.741551 1.751543 0.423224
0.224571 0.741551 1.751545 0.423228
0.224936 0.741531 1.751544 0.423247
0.225024 0.741524 1.751547 0.423260
0.225140 0.875835 1.752786 0.205680
0.225194 0.741523 1.751546 0.423272
0.225282 0.865391 1.753234 0.209530
0.225416 0.741518 1.751548 0.423273
0.225495 0.741510 1.751552 0.423275
0.225578 0.741493 1.751548 0.423293
0.225585 0.741520 1.751550 0.423279
0.225596 0.741511 1.751548 0.423282
0.225606 0.741481 1.751543 0.423297
0.225665 0.741482 1.751540 0.423301
0.225692 0.741476 1.751547 0.423309
0.225828 0.741470 1.751541 0.423315
0.226021 0.741484 1.751541 0.423312
0.226060 0.582559 1.760594 0.383805
0.226077 0.873258 1.752887 0.206882
0.226107 0.741452 1.751540 0.423334
0.226347 0.741467 1.751538 0.423342
0.226450 0.741431 1.751538 0.423364
0.226495 0.741463 1.751539 0.423352
0.226697 0.741450 1.751539 0.423371
0.226916 0.741420 1.751537 0.423396
0.226976 0.741409 1.751536 0.423369
0.227216 0.741414 1.751535 0.423365
0.227347 0.741399 1.751534 0.423381
0.227415 0.741391 1.751534 0.423387
0.227588 0.741380 1.751534 0.423397
0.227798 0.741378 1.751532 0.423411
0.228292 0.741320 1.751533 0.423462
0.228506 0.862810 1.753346 0.210368
0.228955 0.741079 1.751547 0.423564
0.229109 0.878554 1.752655 0.204663
0.231551 0.860234 1.753464 0.211074
0.231647 0.791742 1.748990 0.301912
0.231866 0.606384 1.763999 0.354981
0.234037 0.740973 1.751551 0.423702
0.235230 0.588850 1.760179 0.384733
0.235458 0.670617 1.755840 0.331915
0.237345 0.881432 1.752474 0.203935
0.237981 0.595091 1.759801 0.384656
0.238628 0.741136 1.751534 0.423424
0.239601 0.816721 1.747841 0.305302
0.240068 0.857734 1.753566 0.211798
0.240273 0.740932 1.751545 0.423912
0.240280 0.740644 1.751564 0.423622
0.241129 0.740756 1.751563 0.423585
0.244920 0.740398 1.751574 0.424081
0.246301 0.740214 1.751590 0.423821
0.247991 0.817063 1.751804 0.328004
0.248385 0.601140 1.759457 0.384170
0.249331 0.855285 1.753681 0.212505
0.251229 0.739772 1.751608 0.424316
0.252402 0.709921 1.753788 0.393042
0.252760 0.706377 1.753810 0.390604
0.253518 0.884185 1.752249 0.202932
0.254033 0.707944 1.753802 0.392114
0.254541 0.704714 1.753860 0.389266
0.254632 0.703058 1.753919 0.387975
0.255483 0.701297 1.754011 0.386957
0.255917 0.711824 1.753716 0.394109
0.257385 0.699389 1.754150 0.386527
0.257788 0.739928 1.751589 0.424168
0.258746 0.697555 1.754309 0.386261
0.259092 0.739515 1.751611 0.424928
0.259137 0.695866 1.754445 0.386246
0.260134 0.694390 1.754566 0.386156
0.260620 0.852904 1.753798 0.213156
0.260645 0.607077 1.759103 0.384249
0.260701 0.740795 1.751543 0.424059
0.261276 0.693099 1.754666 0.386243
0.262561 0.713929 1.753532 0.394602
0.262709 0.692014 1.754707 0.386096
0.264433 0.691060 1.754703 0.386005
0.266050 0.740344 1.751585 0.423369
0.266240 0.690208 1.754682 0.385837
0.266286 0.740552 1.751563 0.423739
0.266465 0.607814 1.763386 0.354758
0.266579 0.612948 1.758770 0.384235
0.267169 0.668191 1.755755 0.333149
0.268604 0.689336 1.754639 0.385754
0.268825 0.618785 1.758419 0.384410
0.271672 0.688368 1.754602 0.385866
0.272938 0.740906 1.751531 0.424342
0.273438 0.715751 1.753254 0.395576
0.273748 0.850522 1.753911 0.213681
0.274482 0.740037 1.751587 0.424288
0.274956 0.687241 1.754605 0.385784
0.275305 0.794341 1.748842 0.301900
0.275462 0.624565 1.758085 0.384438
0.278489 0.886790 1.752000 0.201980
0.278691 0.685866 1.754628 0.385781
0.280195 0.739694 1.751615 0.423991
0.282248 0.630327 1.757746 0.384503
0.282474 0.684213 1.754701 0.385542
0.285622 0.717616 1.752994 0.396454
0.286160 0.636053 1.757394 0.385050
0.287238 0.682290 1.754797 0.385244
0.287349 0.848194 1.754038 0.214185
0.288480 0.799326 1.754423 0.317917
0.292527 0.680049 1.754927 0.384815
0.293603 0.665547 1.755722 0.334630
0.294682 0.641699 1.757079 0.384538
0.295194 0.848550 1.746392 0.348286
0.295640 0.647254 1.756756 0.385020
0.295889 0.817612 1.747630 0.306367
0.296814 0.677387 1.755059 0.384984
0.298549 0.719560 1.752765 0.397171
0.298770 0.823658 1.750770 0.330689
0.299213 0.609512 1.762799 0.354423
0.300288 0.666869 1.755602 0.385211
0.300655 0.739567 1.751607 0.424560
0.301038 0.845934 1.754170 0.214554
0.302213 0.778925 1.798677 0.291436
0.302691 0.670833 1.755392 0.385288
0.303440 0.652634 1.756447 0.384622
0.304264 0.779925 1.799387 0.291531
0.304520 0.674348 1.755209 0.385124
0.306933 0.657764 1.756145 0.384768
0.308772 0.778037 1.798030 0.291348
0.308866 0.662561 1.755869 0.384607
0.309692 0.721500 1.752571 0.398067
0.310132 0.889307 1.751693 0.201100
0.311640 0.740895 1.751534 0.423984
0.316470 0.843838 1.754287 0.215031
0.317943 0.662745 1.755755 0.336050
0.319747 0.796586 1.748698 0.301765
0.323908 0.723489 1.752337 0.398628
0.323914 0.780676 1.800254 0.291662
0.326608 0.740378 1.751539 0.425215
0.328486 0.611513 1.762205 0.354313
0.329328 0.778000 1.797208 0.291058
0.333448 0.841858 1.754428 0.215373
0.336793 0.738071 1.751919 0.407609
0.337652 0.736031 1.751811 0.403540
0.338908 0.737429 1.751874 0.405383
0.339421 0.725426 1.752147 0.399266
0.341036 0.733885 1.751794 0.402688
0.343816 0.727462 1.752002 0.400252
0.344144 0.729661 1.751881 0.400890
0.345403 0.660192 1.755792 0.337654
0.345620 0.731780 1.751798 0.401798
0.346586 0.738855 1.751861 0.409728
0.347198 0.839800 1.754550 0.215452
0.348198 0.891583 1.751360 0.200064
0.348221 0.741253 1.751504 0.424090
0.348763 0.819028 1.747404 0.307579
0.349411 0.779333 1.796258 0.290978
0.351516 0.740414 1.751532 0.425456
0.353881 0.781640 1.801174 0.291725
0.356594 0.613543 1.761666 0.353856
0.359720 0.742144 1.751468 0.422971
0.363399 0.837900 1.754697 0.215600
0.364777 0.829710 1.749812 0.333508
0.366003 0.798766 1.754692 0.313650
0.367252 0.798048 1.748609 0.301751
0.367749 0.740299 1.751752 0.410975
0.368016 0.740981 1.751517 0.424051
0.376867 0.657843 1.755836 0.339243
0.377743 0.836000 1.754867 0.215681
0.379582 0.819006 1.815038 0.291474
0.380626 0.780669 1.795293 0.290589
0.380630 0.740401 1.751723 0.413187
0.382294 0.783862 1.801989 0.291769
0.383341 0.742376 1.751581 0.414388
0.383430 0.819650 1.815015 0.291194
0.384169 0.818702 1.815002 0.291777
0.385439 0.615494 1.761193 0.353095
0.388610 0.821525 1.747093 0.308813
0.389376 0.852035 1.745933 0.347984
0.392062 0.834198 1.755053 0.215710
0.392227 0.893710 1.750983 0.199218
0.393300 0.741388 1.751611 0.416383
0.394665 0.740767 1.751529 0.424363
0.397248 0.818185 1.815017 0.292339
0.400491 0.743567 1.751397 0.421804
0.401278 0.655174 1.755935 0.340760
0.401549 0.820527 1.814914 0.290802
0.403195 0.742243 1.751456 0.423313
0.405976 0.832442 1.755248 0.215572
0.406632 0.741858 1.751557 0.418443
0.407378 0.799909 1.748440 0.302345
0.408129 0.617940 1.760683 0.352812
0.415471 0.786718 1.802821 0.291823
0.418293 0.742021 1.751512 0.420534
0.419410 0.652384 1.756080 0.342373
0.419867 0.830773 1.755441 0.215540
0.419980 0.817430 1.815000 0.293215
0.421435 0.781965 1.794523 0.289946
0.426813 0.649158 1.756313 0.343272
0.428726 0.620551 1.760216 0.352520
0.428778 0.742798 1.751428 0.422453
0.433936 0.829187 1.755630 0.215459
0.434566 0.821281 1.814741 0.291042
0.434769 0.645910 1.756604 0.343887
0.437187 0.835479 1.748943 0.336152
0.441198 0.895711 1.750618 0.199243
0.445913 0.821520 1.747028 0.308573
0.446303 0.623360 1.759745 0.352266
0.447066 0.799573 1.754614 0.310656
0.448084 0.827672 1.755793 0.215233
0.449015 0.643434 1.756859 0.345912
0.449131 0.801379 1.748300 0.302775
0.449682 0.817239 1.814893 0.294841
0.455696 0.626379 1.759233 0.351811
0.460281 0.634462 1.757943 0.349087
0.460408 0.789558 1.803698 0.292432
0.461820 0.826200 1.755939 0.214978
0.464017 0.637600 1.757550 0.348321
0.467267 0.640661 1.757202 0.347207
0.468429 0.783542 1.793716 0.289593
0.469817 0.629385 1.758748 0.351372
0.475811 0.824808 1.756095 0.214670
0.480340 0.821277 1.814661 0.290300
0.482082 0.855076 1.745549 0.348087
0.482313 0.632476 1.758300 0.351158
0.484193 0.803300 1.748131 0.303088
0.489132 0.823459 1.756244 0.214345
0.491210 0.897738 1.750286 0.198915
0.493155 0.817043 1.814693 0.295945
0.501787 0.821635 1.746972 0.308123
0.502834 0.822153 1.756403 0.214097
0.510511 0.841219 1.748128 0.338110
0.515674 0.820885 1.756548 0.213784
0.518783 0.805149 1.747972 0.303494
0.520730 0.800617 1.754261 0.308125
0.520741 0.791696 1.804624 0.292945
0.521379 0.785113 1.792955 0.289011
0.528946 0.819670 1.756681 0.213621
0.539221 0.821194 1.814545 0.290004
0.541151 0.818498 1.756810 0.213371
0.541306 0.899838 1.749973 0.198882
0.542713 0.817050 1.814390 0.297165
0.548660 0.719942 1.788143 0.272998
0.554028 0.817351 1.756930 0.213154
0.554102 0.806924 1.747868 0.303715
0.556265 0.821967 1.746855 0.308398
0.567416 0.724018 1.788978 0.272712
0.568014 0.816278 1.757039 0.212987
0.572734 0.857334 1.745279 0.348532
0.578352 0.794575 1.805360 0.293933
0.578439 0.809291 1.747672 0.304323
0.580934 0.786445 1.792280 0.288764
0.581733 0.815163 1.757161 0.212812
0.582265 0.846615 1.747367 0.339766
0.583535 0.802794 1.753433 0.306557
0.586197 0.816245 1.814230 0.299628
0.588190 0.806571 1.751221 0.287035
0.590417 0.902000 1.749675 0.198611
0.590819 0.727534 1.789799 0.272639
0.591466 0.803684 1.751605 0.286782
0.595497 0.813994 1.757290 0.212572
0.600228 0.730801 1.790511 0.273150
0.604628 0.720546 1.787070 0.270285
0.606755 0.809510 1.750713 0.288090
0.607492 0.801530 1.751755 0.286441
0.607933 0.820764 1.814448 0.290020
0.608093 0.811515 1.747490 0.304265
0.609236 0.822121 1.746768 0.308573
0.609665 0.733466 1.791140 0.273797
0.610384 0.812819 1.757430 0.212461
0.617250 0.831311 1.809781 0.222116
0.619824 0.836294 1.811612 0.220815
0.619888 0.735522 1.791582 0.273272
0.622771 0.841378 1.813403 0.219866
0.626147 0.811609 1.757565 0.212260
0.627136 0.737201 1.791950 0.273262
0.629521 0.800117 1.751637 0.285982
0.629916 0.826321 1.808100 0.222944
0.635223 0.846433 1.815226 0.219110
0.635783 0.738663 1.792256 0.273365
0.637452 0.812107 1.750141 0.289991
0.641127 0.804550 1.752590 0.305224
0.642152 0.903801 1.749432 0.198658
0.642316 0.797068 1.805972 0.295190
0.642644 0.787975 1.791610 0.288759
0.643370 0.810373 1.757709 0.212111
0.645851 0.816048 1.813883 0.301178
0.646366 0.740227 1.792467 0.273495
0.648043 0.821481 1.806558 0.224023
0.649855 0.812634 1.747378 0.304642
0.650209 0.798834 1.751270 0.285615
0.650319 0.851468 1.817073 0.218504
0.653325 0.851365 1.746705 0.341650
0.655027 0.742295 1.792501 0.273583
0.657236 0.859313 1.745061 0.348922
0.658771 0.822594 1.746678 0.307842
0.660540 0.723019 1.785935 0.268197
0.660854 0.803408 1.752736 0.326925
0.661489 0.809138 1.757842 0.211978
0.661534 0.803045 1.752866 0.325824
0.664717 0.802916 1.752962 0.325023
0.666252 0.804244 1.752558 0.328499
0.670386 0.856357 1.818973 0.217658
0.670433 0.816648 1.805083 0.224551
0.671325 0.802766 1.753025 0.324034
0.675499 0.744548 1.792559 0.274154
0.675740 0.797488 1.750789 0.285513
0.678450 0.805714 1.752284 0.330449
0.681187 0.814446 1.749578 0.291882
0.681215 0.807990 1.757954 0.211759
0.684135 0.821751 1.814133 0.289500
0.686533 0.802848 1.753046 0.322713
0.689570 0.814174 1.747231 0.304586
0.692102 0.747605 1.792433 0.274328
0.692342 0.806358 1.751703 0.304390
0.693913 0.905429 1.749187 0.198309
0.698190 0.811964 1.803568 0.224924
0.699277 0.820855 1.746763 0.307122
0.702176 0.789710 1.790980 0.288068
0.702207 0.860828 1.820786 0.216312
0.702272 0.806882 1.758055 0.211526
0.704302 0.807603 1.751867 0.332469
0.706076 0.726097 1.784847 0.265479
0.709246 0.799252 1.806542 0.296540
0.709261 0.795962 1.750355 0.285525
0.711705 0.803050 1.752986 0.321144
0.712580 0.816046 1.813415 0.302100
0.714832 0.751062 1.792246 0.274112
0.719934 0.808065 1.750931 0.325917
0.723641 0.815637 1.747087 0.306046
0.724332 0.805781 1.758150 0.211389
0.728782 0.855202 1.746147 0.342995
0.732263 0.818583 1.746892 0.306677
0.733832 0.807544 1.802040 0.225262
0.734835 0.865271 1.822621 0.215035
0.735404 0.860776 1.744873 0.349293
0.736799 0.815431 1.749098 0.294171
0.740119 0.807942 1.750929 0.303515
0.741237 0.808489 1.750845 0.329648
0.743585 0.803661 1.752800 0.319307
0.745293 0.907021 1.748920 0.198152
0.746123 0.809337 1.751317 0.334192
0.747366 0.804706 1.758271 0.211215
0.751013 0.794241 1.749945 0.285659
0.753305 0.809090 1.750900 0.322304
0.755449 0.754302 1.792171 0.274048
0.758611 0.729735 1.783814 0.264174
0.762796 0.790988 1.790557 0.287815
0.768706 0.822427 1.813841 0.288864
0.771775 0.803699 1.758390 0.211250
0.773955 0.809873 1.750661 0.332206
0.775059 0.880116 1.845913 0.234340
0.775586 0.803369 1.800472 0.225028
0.776929 0.734389 1.782621 0.265956
0.777440 0.877769 1.845858 0.237046
0.777800 0.800951 1.807045 0.297837
0.777875 0.869272 1.824359 0.213782
0.780687 0.816354 1.812832 0.303455
0.781499 0.804439 1.752501 0.317237
0.783358 0.809468 1.750248 0.302508
0.783715 0.881252 1.845951 0.231262
0.785197 0.739080 1.781555 0.267596
0.793303 0.743405 1.780537 0.269420
0.795087 0.757941 1.792057 0.273802
0.795202 0.811168 1.750609 0.335575
0.796199 0.816342 1.748563 0.296467
0.796395 0.792090 1.749629 0.285935
0.796401 0.858402 1.745670 0.344669
0.796647 0.908566 1.748622 0.198154
0.797446 0.802701 1.758548 0.211304
0.799211 0.875569 1.845718 0.239858
0.801280 0.862670 1.744664 0.349240
0.804564 0.879909 1.846040 0.229022
0.806948 0.810712 1.750648 0.320111
0.808225 0.747549 1.779691 0.270044
0.808853 0.751173 1.778966 0.270523
0.812370 0.810990 1.750470 0.333645
0.815262 0.754055 1.778375 0.270680
0.817373 0.792450 1.790235 0.287698
0.817419 0.877756 1.846112 0.228065
0.818078 0.766141 1.754436 0.289917
0.821582 0.873144 1.845614 0.242763
0.822186 0.873147 1.825887 0.212558
0.822550 0.799511 1.798918 0.224503
0.823280 0.756312 1.777936 0.270900
0.823973 0.873540 1.845703 0.227131
0.824887 0.805415 1.752138 0.315038
0.825070 0.801824 1.758708 0.211418
0.825908 0.810739 1.749721 0.301731
0.826731 0.874514 1.845932 0.227223
0.828570 0.758258 1.777570 0.271368
0.828640 0.875987 1.846041 0.227320
0.829361 0.872884 1.845213 0.226887
0.830153 0.872149 1.844809 0.226700
0.830454 0.766035 1.754301 0.287086
0.830732 0.871252 1.844440 0.226484
0.833071 0.889184 1.844630 0.206384
0.833916 0.765774 1.754415 0.293228
0.834353 0.869923 1.845622 0.245227
0.836785 0.761727 1.791986 0.273535
0.838618 0.802928 1.807448 0.299260
0.844061 0.870574 1.843993 0.226000
0.845344 0.759965 1.777393 0.272057
0.846391 0.811808 1.750258 0.334265
0.848340 0.789977 1.749435 0.285528
0.849268 0.812994 1.749824 0.336514
0.849829 0.816339 1.812285 0.304836
0.850390 0.765980 1.754117 0.285089
0.851357 0.909446 1.748356 0.198000
0.853376 0.886520 1.844484 0.210151
0.854341 0.801096 1.758889 0.211513
0.858105 0.869812 1.843667 0.225333
0.859345 0.822110 1.813645 0.288301
0.860097 0.860720 1.745290 0.345777
0.861179 0.866981 1.845546 0.247376
0.861218 0.817382 1.748017 0.298328
0.862059 0.863384 1.744608 0.348665
0.863306 0.882800 1.844505 0.212295
0.864026 0.793571 1.790040 0.287131
0.864614 0.795522 1.797366 0.223814
0.864825 0.812546 1.750092 0.318693
0.865074 0.892625 1.844536 0.203149
0.869236 0.761786 1.777069 0.272837
0.869584 0.811797 1.749328 0.300915
0.870641 0.765759 1.753793 0.283903
0.871902 0.806570 1.751740 0.312624
0.872392 0.812387 1.749989 0.334760
0.872874 0.879630 1.844378 0.214313
0.873329 0.765155 1.754210 0.296279
0.876200 0.765744 1.791857 0.274042
0.877665 0.869443 1.843334 0.224412
0.882667 0.876082 1.827614 0.212454
0.885180 0.800500 1.759037 0.211450
0.886146 0.765500 1.753441 0.283185
0.887796 0.786676 1.749381 0.285275
0.887992 0.877375 1.844145 0.216455
0.890974 0.864359 1.845387 0.249467
0.894122 0.812959 1.749651 0.335072
0.895105 0.804361 1.807864 0.300955
0.896265 0.765301 1.753093 0.282793
0.897246 0.866129 1.821036 0.246458
0.899223 0.794397 1.789984 0.286887
0.899613 0.869643 1.843126 0.223346
0.901952 0.875061 1.843842 0.217817
0.903792 0.765128 1.752780 0.282545
0.904504 0.864665 1.821851 0.247060
0.905563 0.770114 1.791693 0.274575
0.905755 0.814571 1.749076 0.337261
0.906748 0.909989 1.748081 0.197691
0.907192 0.813728 1.748926 0.299718
0.909263 0.864276 1.744551 0.347464
0.909283 0.862963 1.744960 0.346189
0.909870 0.762851 1.776653 0.273859
0.912505 0.872942 1.843587 0.218868
0.912725 0.792009 1.795874 0.222798
0.913198 0.861228 1.845219 0.250460
0.913388 0.764938 1.752452 0.282360
0.914044 0.863477 1.822735 0.247715
0.915679 0.813537 1.749294 0.335397
0.916304 0.895116 1.844526 0.199772
0.916584 0.870185 1.843126 0.221919
0.917101 0.816186 1.811715 0.306313
0.917138 0.871207 1.843337 0.220187
0.918168 0.800195 1.759150 0.211282
0.919677 0.794868 1.790060 0.286678
0.921595 0.814289 1.749353 0.317477
0.922222 0.865118 1.820361 0.247093
0.924701 0.807844 1.751309 0.310346
0.927103 0.764748 1.752144 0.282120
0.927249 0.862790 1.823600 0.248439
0.927261 0.763738 1.753857 0.298785
0.927606 0.817846 1.747454 0.300496
0.928139 0.795049 1.790268 0.286605
0.931823 0.783492 1.749420 0.284452
0.933074 0.858450 1.844964 0.251371
0.938003 0.774232 1.791596 0.275312
0.939867 0.814237 1.748881 0.335777
0.939902 0.862288 1.824485 0.248657
0.941961 0.795223 1.790404 0.286396
0.942442 0.878900 1.829174 0.212294
0.943706 0.862038 1.825359 0.248852
0.945225 0.764441 1.751805 0.281853
0.945409 0.805721 1.808315 0.302412
0.946970 0.861833 1.826231 0.248963
0.948901 0.865208 1.744506 0.347207
0.948932 0.864289 1.744744 0.346316
0.950463 0.815901 1.748569 0.298737
0.951040 0.864320 1.819682 0.248043
0.952180 0.800150 1.759184 0.211135
0.953741 0.822362 1.813338 0.288912
0.954887 0.856267 1.844656 0.252404
0.957445 0.861189 1.827182 0.249441
0.959751 0.788467 1.794402 0.222108
0.960395 0.761988 1.776250 0.275051
0.961061 0.815888 1.748425 0.337832
0.961780 0.778331 1.791438 0.276472
0.962377 0.910552 1.747755 0.197663
0.966093 0.795169 1.790495 0.285657
0.967434 0.764021 1.751400 0.281844
0.967904 0.815140 1.748413 0.336284
0.971664 0.898471 1.844312 0.197859
0.973054 0.865361 1.744594 0.346353
0.973186 0.854374 1.844361 0.253228
0.973483 0.860323 1.828043 0.249867
0.976028 0.816053 1.748572 0.316755
0.977953 0.865539 1.744507 0.346614
0.979941 0.815750 1.811149 0.307978
0.979995 0.809197 1.750824 0.308156
0.983531 0.781050 1.749520 0.283105
0.983540 0.866023 1.744500 0.346115
0.983864 0.852847 1.844234 0.254394
0.985666 0.782203 1.791280 0.277558
0.985856 0.863476 1.819016 0.248909
0.985965 0.727811 1.765887 0.299432
0.986946 0.866598 1.744442 0.346362
0.987140 0.729029 1.765735 0.299610
0.987145 0.800463 1.759131 0.211082
0.987907 0.726925 1.765789 0.299165
0.989062 0.725611 1.765582 0.298943
0.989067 0.806987 1.808755 0.303597
0.990295 0.794397 1.790582 0.283981
0.990888 0.762285 1.753365 0.301027
0.991999 0.818412 1.746926 0.302892
0.992140 0.763474 1.751017 0.281940
0.992982 0.859591 1.828823 0.250428
0.994830 0.730792 1.765338 0.299907
0.996509 0.851371 1.844356 0.255383
0.998126 0.723670 1.765554 0.298577
1.000274 0.816079 1.747893 0.337013
1.002533 0.759225 1.775915 0.276452
1.002534 0.881456 1.830654 0.212266
1.003250 0.785959 1.791127 0.278789
1.006745 0.817589 1.748325 0.298302
1.006758 0.792463 1.790722 0.282021
1.008880 0.785124 1.792938 0.221668
1.011177 0.789487 1.790915 0.280260
1.012339 0.817205 1.747839 0.338161
1.012735 0.859072 1.829466 0.251050
1.013270 0.732972 1.764797 0.300451
1.014854 0.850236 1.844638 0.256743
1.018234 0.762848 1.750702 0.282208
1.019499 0.910918 1.747421 0.197609
1.022359 0.800996 1.759065 0.210858
1.022966 0.721402 1.765671 0.297857
1.023816 0.777650 1.749634 0.282877
1.024857 0.807973 1.809121 0.304667
1.026579 0.862888 1.818380 0.249920
1.028569 0.817372 1.747836 0.315922
1.031227 0.858480 1.830078 0.251699
1.033920 0.755271 1.775687 0.277644
1.034307 0.717851 1.765875 0.297700
1.037406 0.810220 1.750405 0.306065
1.038770 0.898079 1.844478 0.195418
1.039085 0.815294 1.810616 0.309508
1.039757 0.816893 1.747455 0.337492
1.040728 0.762524 1.750521 0.281248
1.044736 0.713657 1.766224 0.297112
1.045988 0.849661 1.844991 0.257969
1.048445 0.734735 1.764208 0.301774
1.049296 0.857838 1.830612 0.252380
1.051048 0.822876 1.813085 0.289633
1.052699 0.808741 1.809404 0.305720
1.055351 0.709061 1.766637 0.296119
1.058030 0.801784 1.758973 0.210683
1.058634 0.818554 1.747381 0.338311
1.058720 0.781934 1.791388 0.221535
1.061522 0.761591 1.750392 0.280973
1.063126 0.817656 1.746594 0.303807
1.063331 0.760653 1.752908 0.302420
1.063565 0.750941 1.775526 0.279054
1.065711 0.883366 1.832235 0.212033
1.067364 0.857227 1.831074 0.253158
1.067783 0.894166 1.845010 0.193985
1.070962 0.861906 1.817831 0.250898
1.072925 0.818247 1.748253 0.297514
1.075860 0.775357 1.749728 0.282158
1.076715 0.911204 1.747040 0.197725
1.077683 0.809452 1.809636 0.306619
1.080017 0.818078 1.747222 0.315293
1.081414 0.818120 1.747095 0.337573
1.081561 0.850607 1.845348 0.259040
1.081930 0.761623 1.750308 0.280461
1.086783 0.856305 1.831465 0.253916
1.089357 0.704580 1.767100 0.297276
1.091496 0.746137 1.775534 0.279988
1.092907 0.802943 1.758845 0.210427
1.093801 0.814393 1.810212 0.310324
1.095240 0.699217 1.767547 0.297618
1.098575 0.819940 1.747041 0.338574
1.099356 0.761118 1.750298 0.280437
1.099737 0.810589 1.749982 0.305023
1.101014 0.735630 1.763681 0.303108
1.101518 0.890953 1.845606 0.192759
1.102371 0.810259 1.809862 0.307910
1.107120 0.855180 1.831831 0.254723
1.110021 0.778955 1.789938 0.221266
1.111329 0.741136 1.775576 0.281733
1.112114 0.861099 1.817227 0.252964
1.112778 0.760616 1.750325 0.280450
1.118640 0.772719 1.749842 0.281516
1.120255 0.852055 1.845654 0.259445
1.121238 0.693952 1.768058 0.297238
1.124853 0.811956 1.810032 0.309459
1.125572 0.885420 1.833660 0.212067
1.126551 0.853797 1.832167 0.255590
1.126556 0.818722 1.746746 0.314886
1.127398 0.819004 1.746840 0.337410
1.128289 0.804347 1.758680 0.210272
1.129405 0.689104 1.768495 0.294511
1.129414 0.817400 1.746293 0.305296
1.129867 0.760456 1.750336 0.280489
1.130030 0.735860 1.775689 0.283085
1.133304 0.821065 1.746797 0.338975
1.134139 0.911020 1.746682 0.197647
1.137508 0.758888 1.752498 0.303326
1.142211 0.819153 1.748155 0.297145
1.142707 0.769492 1.749965 0.281444
1.143062 0.888927 1.846101 0.191890
1.146229 0.852085 1.832440 0.256542
1.148101 0.761386 1.750293 0.280430
1.148437 0.854503 1.845884 0.259395
1.150904 0.823884 1.812763 0.290051
1.155447 0.730546 1.775827 0.284022
1.156058 0.811171 1.749509 0.304223
1.157892 0.860409 1.816484 0.255070
1.159238 0.766567 1.750103 0.280503
1.161387 0.806208 1.758454 0.210192
1.162589 0.822035 1.746603 0.339174
1.163233 0.735466 1.763152 0.304568
1.163522 0.776293 1.788520 0.220922
1.163553 0.844802 1.843988 0.285738
1.164387 0.842681 1.844046 0.288606
1.164862 0.819208 1.746445 0.313872
1.165366 0.850094 1.832734 0.257633
1.166934 0.846005 1.843858 0.282318
1.168791 0.725033 1.775883 0.285093
1.169686 0.684689 1.769062 0.292494
1.172973 0.820190 1.746609 0.337392
1.175248 0.846820 1.843636 0.278903
1.177187 0.761795 1.750280 0.280161
1.179586 0.887651 1.846550 0.191089
1.180213 0.846943 1.843426 0.275688
1.180516 0.840186 1.844007 0.290581
1.181328 0.856777 1.846078 0.259423
1.182433 0.764177 1.750182 0.280084
1.183385 0.719624 1.775899 0.286256
1.184775 0.887243 1.835009 0.212101
1.185106 0.848177 1.833055 0.258864
1.186789 0.822875 1.746449 0.339534
1.187419 0.846145 1.843216 0.273192
1.189549 0.679837 1.769595 0.290650
1.190509 0.910414 1.746346 0.197775
1.191815 0.837423 1.844090 0.291612
1.192783 0.817881 1.746033 0.305987
1.193131 0.714286 1.775884 0.287148
1.196720 0.845483 1.842834 0.271442
1.196869 0.812869 1.748912 0.303489
1.197377 0.807996 1.758248 0.209997
1.197473 0.819298 1.746246 0.312743
1.199831 0.846672 1.833355 0.260468
1.203953 0.886338 1.847123 0.190498
1.204154 0.844991 1.842343 0.270300
1.207500 0.823546 1.746318 0.339945
1.207809 0.859817 1.815680 0.257009
1.208167 0.844662 1.841719 0.269551
1.209442 0.756936 1.752175 0.304095
1.210192 0.845343 1.833721 0.262066
1.210756 0.844377 1.840959 0.269026
1.213242 0.819909 1.748070 0.297046
1.214806 0.844158 1.839968 0.268523
1.216021 0.858865 1.846133 0.259407
1.217773 0.821021 1.746484 0.338037
1.218663 0.675434 1.770148 0.288844
1.218919 0.844310 1.834118 0.263536
1.218982 0.843823 1.838905 0.268035
1.219408 0.773943 1.787027 0.220812
1.219561 0.709553 1.775988 0.288359
1.219657 0.838961 1.844007 0.290356
1.221078 0.885455 1.847612 0.190104
1.223506 0.843568 1.837811 0.267520
1.224956 0.843652 1.834594 0.264872
1.225869 0.843388 1.836694 0.267027
1.226867 0.819405 1.746092 0.311966
1.227523 0.843303 1.835765 0.266604
1.227735 0.734140 1.762639 0.306166
1.228248 0.824128 1.746225 0.340064
1.229167 0.843244 1.835184 0.265945
1.230490 0.839733 1.844153 0.288242
1.230839 0.810075 1.758009 0.209513
1.232352 0.884667 1.848076 0.189893
1.233691 0.813438 1.748603 0.303004
1.236733 0.840583 1.844304 0.286480
1.237293 0.670981 1.770658 0.287534
1.238950 0.858089 1.815195 0.259844
1.241269 0.841346 1.844480 0.285161
1.243224 0.888842 1.836300 0.212265
1.243706 0.842067 1.844565 0.284146
1.245145 0.705147 1.776214 0.289401
1.245678 0.883595 1.848522 0.189695
1.245945 0.909809 1.746007 0.197837
1.246576 0.763129 1.755520 0.319152
1.246927 0.842899 1.844615 0.283189
1.249792 0.818186 1.745835 0.306595
1.250397 0.844044 1.844633 0.282103
1.251806 0.822278 1.746341 0.339386
1.252813 0.824927 1.812480 0.290089
1.253368 0.819386 1.745947 0.311462
1.253579 0.824562 1.746174 0.340287
1.254266 0.845635 1.844593 0.280862
1.256227 0.858875 1.846186 0.260445
1.257065 0.814164 1.748290 0.302802
1.259581 0.847335 1.844600 0.279297
1.262980 0.881950 1.848916 0.189613
1.264140 0.812291 1.757734 0.209267
1.266167 0.849227 1.844629 0.277644
1.266742 0.765675 1.754916 0.317879
1.266969 0.676031 1.770776 0.282225
1.267129 0.701076 1.776411 0.290240
1.267610 0.761138 1.756056 0.320345
1.267878 0.673293 1.770884 0.282852
1.269329 0.814428 1.748120 0.302712
1.270048 0.684160 1.770911 0.280599
1.270241 0.678235 1.770731 0.281581
1.270654 0.667570 1.771050 0.285776
1.270756 0.686808 1.771129 0.280105
1.272054 0.851104 1.844657 0.275836
1.272228 0.858163 1.846160 0.262560
1.273891 0.814490 1.748080 0.302697
1.274793 0.771731 1.785632 0.220403
1.274921 0.754735 1.751865 0.305336
1.275825 0.669962 1.771043 0.282686
1.276235 0.680144 1.770785 0.281339
1.276458 0.819274 1.745808 0.311550
1.277055 0.852556 1.844805 0.273732
1.277257 0.697360 1.776539 0.291069
1.278353 0.857586 1.845980 0.264493
1.278974 0.682070 1.770837 0.281144
1.279190 0.821362 1.747909 0.297619
1.283427 0.823556 1.746232 0.340269
1.283701 0.853737 1.845008 0.271688
1.283785 0.856905 1.845774 0.265815
1.284612 0.854864 1.845212 0.269910
1.284896 0.689901 1.771361 0.280162
1.286215 0.856349 1.845575 0.267009
1.286732 0.855714 1.845376 0.268337
1.286982 0.731915 1.762121 0.308288
1.287933 0.879841 1.849191 0.189369
1.288242 0.814710 1.748070 0.302518
1.289505 0.759509 1.756453 0.321137
1.293355 0.857619 1.814250 0.261671
1.294458 0.693568 1.771627 0.279881
1.295068 0.814687 1.757454 0.208710
1.295101 0.819209 1.745722 0.310894
1.297721 0.817765 1.745751 0.307275
1.299339 0.909226 1.745671 0.198042
1.300707 0.890170 1.837628 0.212681
1.302838 0.697497 1.771835 0.278761
1.305956 0.694696 1.776741 0.291419
1.307586 0.876774 1.849530 0.189243
1.309938 0.758223 1.756782 0.321702
1.311077 0.815366 1.748042 0.302165
1.311819 0.701873 1.771977 0.278477
1.314183 0.819190 1.745653 0.309953
1.315625 0.706526 1.772058 0.278498
1.320363 0.711277 1.772184 0.278772
1.321498 0.765803 1.754425 0.317994
1.326905 0.817171 1.757148 0.208579
1.328016 0.692500 1.776875 0.291480
1.329759 0.756988 1.757022 0.322164
1.330194 0.873227 1.849798 0.189355
1.330808 0.769758 1.784278 0.219898
1.331613 0.818170 1.745690 0.308598
1.332666 0.715941 1.772382 0.279235
1.340583 0.720432 1.772614 0.279993
1.340959 0.753454 1.751614 0.306692
1.342480 0.815747 1.748047 0.301358
1.343919 0.822325 1.747792 0.297890
1.346435 0.869153 1.850085 0.189403
1.347027 0.729063 1.761630 0.310286
1.348778 0.690920 1.776946 0.291771
1.349684 0.724652 1.772889 0.280716
1.350837 0.908548 1.745341 0.198092
1.351137 0.755692 1.757170 0.322605
1.351525 0.856819 1.813373 0.263418
1.354510 0.826278 1.812202 0.289880
1.357307 0.819791 1.756858 0.208523
1.358412 0.891175 1.838954 0.212945
1.365701 0.864942 1.850376 0.189933
1.366027 0.728411 1.773248 0.281635
1.372171 0.690365 1.776982 0.291537
1.375416 0.817449 1.747944 0.301463
1.378815 0.754112 1.757343 0.322956
1.381632 0.765221 1.753985 0.318110
1.385807 0.860994 1.850764 0.191576
1.387105 0.768009 1.782868 0.219550
1.387937 0.731712 1.773663 0.282325
1.388048 0.822429 1.756600 0.208239
1.390549 0.856696 1.851321 0.192520
1.393388 0.690317 1.776945 0.291603
1.398625 0.907562 1.745062 0.197587
1.401517 0.752105 1.751415 0.307895
1.405273 0.822063 1.747758 0.298399
1.405905 0.691372 1.776683 0.291203
1.411396 0.726175 1.761160 0.312236
1.413130 0.852762 1.851907 0.191861
1.413721 0.752051 1.757431 0.323171
1.413802 0.855126 1.812677 0.265179
1.414419 0.818823 1.747899 0.299989
1.415474 0.692788 1.776438 0.291122
1.415689 0.891917 1.840279 0.213174
1.418663 0.734145 1.774135 0.283175
1.420316 0.824975 1.756405 0.207737
1.425215 0.694414 1.776224 0.290752
1.433424 0.848991 1.852412 0.192486
1.434874 0.696403 1.775969 0.290635
1.443119 0.763895 1.753568 0.318767
1.443531 0.766520 1.781605 0.219884
1.445170 0.698688 1.775727 0.290325
1.445892 0.906575 1.744801 0.197277
1.448976 0.827758 1.756169 0.207400
1.449198 0.733810 1.774679 0.285074
1.455114 0.749359 1.757410 0.323297
1.455346 0.828155 1.811906 0.289195
1.457155 0.701326 1.775489 0.290075
1.459722 0.751276 1.751237 0.308532
1.468744 0.723118 1.760669 0.314875
1.469093 0.732365 1.775184 0.286162
1.472791 0.892437 1.841623 0.213241
1.473246 0.704186 1.775353 0.289489
1.474919 0.852631 1.812122 0.267724
1.475765 0.830604 1.755939 0.206929
1.478122 0.850814 1.852739 0.194430
1.479356 0.730888 1.775538 0.286637
1.483816 0.729686 1.775675 0.286889
1.486643 0.707347 1.775276 0.288815
1.487147 0.847646 1.852753 0.193146
1.489267 0.728417 1.775665 0.287017
1.491917 0.905356 1.744583 0.197072
1.492095 0.745777 1.757353 0.323694
1.497174 0.726553 1.775544 0.287192
1.499261 0.710636 1.775291 0.287864
1.499340 0.833546 1.755718 0.206319
1.499818 0.765179 1.780283 0.219521
1.502272 0.822149 1.850307 0.234396
1.504847 0.750363 1.751085 0.310082
1.505997 0.817286 1.850408 0.233166
1.506063 0.762133 1.753127 0.319288
1.506425 0.714171 1.775301 0.288099
1.506961 0.723974 1.775419 0.287435
1.507584 0.827065 1.850363 0.235036
1.508832 0.852475 1.852776 0.196124
1.512596 0.720924 1.775390 0.287529
1.512776 0.856464 1.852669 0.199482
1.514443 0.717610 1.775382 0.287720
1.515118 0.854231 1.852751 0.198226
1.520573 0.836632 1.755478 0.206286
1.522870 0.813255 1.850559 0.230440
1.522920 0.831780 1.850492 0.235542
1.528587 0.893091 1.842767 0.213543
1.529899 0.719836 1.760233 0.316570
1.532062 0.741898 1.757234 0.324328
1.532161 0.855120 1.852777 0.201192
1.537252 0.904085 1.744398 0.196505
1.539770 0.839755 1.755257 0.206226
1.540320 0.849908 1.811634 0.270380
1.540979 0.853236 1.852882 0.203044
1.543855 0.836214 1.850723 0.235807
1.544316 0.749778 1.750985 0.311368
1.550848 0.810900 1.850728 0.226604
1.552565 0.830564 1.811627 0.287757
1.555524 0.844671 1.851442 0.235099
1.555590 0.851296 1.852993 0.205083
1.555681 0.840589 1.851074 0.235949
1.556111 0.764121 1.779005 0.219109
1.558204 0.842888 1.755011 0.206059
1.562474 0.848872 1.853132 0.207152
1.563751 0.759509 1.752738 0.319336
1.564278 0.846121 1.853314 0.209224
1.566688 0.843074 1.853485 0.211187
1.566994 0.839976 1.853632 0.213194
1.567009 0.836857 1.853743 0.214922
1.570422 0.813002 1.850775 0.222816
1.574316 0.848333 1.851745 0.235309
1.578262 0.845936 1.754762 0.205557
1.579044 0.738048 1.757239 0.324338
1.579466 0.833829 1.853697 0.215923
1.581070 0.749715 1.750934 0.311619
1.581643 0.852749 1.761532 0.209404
1.582645 0.856343 1.760488 0.207748
1.582783 0.831089 1.853496 0.216848
1.583898 0.816541 1.850889 0.220964
1.584180 0.893710 1.843909 0.213498
1.584263 0.902882 1.744217 0.196168
1.585807 0.716814 1.759772 0.318698
1.586130 0.828759 1.853132 0.217369
1.586373 0.849174 1.762627 0.211182
1.587666 0.826968 1.852700 0.217806
1.588581 0.859967 1.759406 0.206493
1.588671 0.825595 1.852206 0.218119
1.590428 0.824200 1.851777 0.218454
1.590660 0.819761 1.851103 0.219773
1.592331 0.822317 1.851402 0.218972
1.595091 0.851601 1.851974 0.235450
1.599550 0.845714 1.763779 0.213029
1.601941 0.863530 1.758411 0.205983
1.601963 0.848815 1.754455 0.205007
1.608264 0.749106 1.750942 0.312030
1.612243 0.763421 1.777696 0.218683
1.613684 0.854523 1.852156 0.235668
1.614917 0.866741 1.757431 0.204709
1.616657 0.842301 1.764992 0.214748
1.618880 0.847914 1.811219 0.272722
1.624565 0.851702 1.754090 0.204443
1.627626 0.734239 1.757293 0.324337
1.629661 0.834398 1.811299 0.285112
1.629885 0.748766 1.750945 0.312515
1.631807 0.758264 1.752239 0.319371
1.634351 0.902064 1.744029 0.195711
1.637511 0.714287 1.759314 0.321013
1.638199 0.838886 1.766235 0.216075
1.639208 0.856808 1.852299 0.235879
1.639327 0.894226 1.845110 0.213267
1.640210 0.869582 1.756552 0.203770
1.648331 0.854577 1.753705 0.204440
1.651197 0.748578 1.750982 0.312609
1.657249 0.859045 1.852504 0.236108
1.659431 0.872507 1.755675 0.204397
1.661434 0.844014 1.811066 0.276760
1.661770 0.748468 1.751280 0.315123
1.664050 0.835611 1.767505 0.217386
1.665012 0.857613 1.753365 0.204329
1.665862 0.762704 1.776381 0.217803
1.666254 0.839250 1.811081 0.281165
1.675365 0.748212 1.751061 0.312758
1.676053 0.730617 1.757392 0.324076
1.680189 0.860716 1.852681 0.236384
1.684316 0.900894 1.743890 0.195400
1.686192 0.860460 1.753110 0.203998
1.689132 0.755930 1.751866 0.318824
1.690553 0.874796 1.754967 0.204070
1.692258 0.837723 1.854316 0.220237
1.694145 0.894604 1.846249 0.212934
1.697284 0.712812 1.759033 0.322238
1.699672 0.748272 1.751136 0.314118
1.703857 0.862015 1.852843 0.236657
1.707901 0.863250 1.752912 0.203703
1.708151 0.749176 1.751504 0.316129
1.718077 0.834338 1.853619 0.221431
1.718734 0.763454 1.775003 0.217195
1.719953 0.752397 1.751641 0.317910
1.721546 0.727148 1.757508 0.323405
1.726043 0.866075 1.752745 0.203371
1.726462 0.863113 1.852950 0.236800
1.728592 0.876405 1.754389 0.203945
1.736166 0.899687 1.743775 0.195334
1.742557 0.710911 1.758780 0.323480
1.744515 0.868590 1.752634 0.202138
1.748852 0.894562 1.847441 0.212434
1.751131 0.863563 1.853113 0.236675
1.752157 0.878701 1.753722 0.204651
1.752203 0.831162 1.853038 0.222304
1.762350 0.723722 1.757612 0.323006
1.765381 0.871282 1.752532 0.201866
1.770184 0.764352 1.773626 0.216942
1.774304 0.708770 1.758602 0.323941
1.774644 0.863442 1.853234 0.236678
1.779744 0.880736 1.753149 0.205316
1.781944 0.873511 1.752445 0.203555
1.786063 0.898066 1.743739 0.194709
1.786095 0.862105 1.853585 0.236317
1.788504 0.828070 1.852662 0.223391
1.801209 0.860675 1.853863 0.235814
1.801396 0.720599 1.757698 0.322823
1.803689 0.894365 1.848653 0.211982
1.810072 0.708222 1.758481 0.323876
1.810126 0.875820 1.752456 0.203374
1.812584 0.882500 1.752691 0.205024
1.818112 0.765341 1.772277 0.216015
1.822356 0.859031 1.853976 0.235413
1.822742 0.717261 1.757781 0.323423
1.828515 0.825788 1.852549 0.225672
1.830320 0.878416 1.752469 0.203351
1.835194 0.707373 1.758380 0.324162
1.838010 0.896433 1.743723 0.194126
1.845945 0.881006 1.752524 0.203986
1.847790 0.856977 1.853920 0.235475
1.856544 0.715177 1.757905 0.324608
1.857851 0.707251 1.758338 0.324505
1.858364 0.893949 1.849952 0.211478
1.860899 0.767042 1.770901 0.215894
1.867829 0.712545 1.758007 0.325202
1.867882 0.710203 1.758085 0.325287
1.869837 0.854284 1.853842 0.234794
1.872373 0.707752 1.758275 0.325452
1.874223 0.783840 1.754419 0.234745
1.875265 0.782559 1.754484 0.234196
1.876159 0.781362 1.754514 0.233604
1.878695 0.785195 1.754334 0.235142
1.880304 0.780265 1.754521 0.233075
1.885183 0.708905 1.758195 0.326184
1.885212 0.786533 1.754233 0.235469
1.886008 0.826518 1.852441 0.227601
1.887010 0.779671 1.754535 0.232255
1.888956 0.850965 1.853627 0.234058
1.892588 0.894924 1.743725 0.194589
1.892824 0.787856 1.754122 0.235696
1.897525 0.779334 1.754513 0.231636
1.898969 0.768913 1.769552 0.215105
1.901691 0.789135 1.754021 0.235719
1.902559 0.780141 1.754966 0.224294
1.903209 0.779877 1.754937 0.223528
1.903488 0.847113 1.853358 0.233350
1.905206 0.779510 1.754838 0.222801
1.905454 0.780208 1.754954 0.225054
1.906084 0.779244 1.754488 0.231033
1.908063 0.780436 1.754872 0.225775
1.908726 0.779035 1.754727 0.222164
1.908876 0.781968 1.755918 0.212390
1.909043 0.779327 1.754482 0.230377
1.910003 0.781581 1.755726 0.212793
1.910566 0.782342 1.756069 0.212107
1.911173 0.781179 1.755514 0.213241
1.911571 0.778603 1.754617 0.221468
1.911977 0.777731 1.754644 0.215303
1.912132 0.782588 1.756132 0.211771
1.912416 0.780415 1.754790 0.226409
1.912670 0.778374 1.754765 0.214971
1.912823 0.790309 1.753915 0.235790
1.912859 0.780711 1.755360 0.213661
1.912861 0.779053 1.754873 0.214711
1.913780 0.893400 1.851213 0.211078
1.914661 0.779481 1.754457 0.229892
1.914735 0.780254 1.755192 0.214121
1.915605 0.779719 1.755029 0.214557
1.915699 0.778055 1.754522 0.220851
1.916026 0.782799 1.756125 0.211525
1.916384 0.779637 1.754470 0.229282
1.916504 0.777453 1.754549 0.215914
1.916597 0.780377 1.754705 0.226996
1.917729 0.777741 1.754496 0.220113
1.918596 0.843022 1.853026 0.232286
1.918823 0.780311 1.754603 0.227582
1.918900 0.779866 1.754489 0.228683
1.920510 0.782905 1.756096 0.211249
1.921140 0.780171 1.754533 0.228156
1.921349 0.777397 1.754499 0.219464
1.921841 0.777185 1.754484 0.216505
1.922823 0.777151 1.754511 0.218754
1.923001 0.777078 1.754499 0.217994
1.923777 0.777037 1.754489 0.217230
1.923819 0.791472 1.753829 0.235712
1.925500 0.782980 1.755976 0.210935
1.926070 0.829788 1.852413 0.229152
1.929538 0.838734 1.852719 0.231027
1.930910 0.783036 1.755779 0.210586
1.932491 0.834232 1.852493 0.230080
1.935772 0.792548 1.753754 0.235657
1.936180 0.783100 1.755558 0.210187
1.944084 0.783143 1.755312 0.209901
1.944303 0.770171 1.768439 0.214919
1.945711 0.892930 1.743822 0.194400
1.948654 0.793568 1.753667 0.235466
1.952395 0.783177 1.755149 0.209589
1.960957 0.794322 1.753592 0.235404
1.961160 0.783087 1.755053 0.209163
1.967323 0.794654 1.753542 0.235424
1.970227 0.892804 1.852531 0.210676
1.970439 0.794827 1.753536 0.235437
1.971726 0.794882 1.753528 0.235445
1.972644 0.783042 1.755031 0.208986
1.973887 0.794964 1.753530 0.235472
1.977896 0.795122 1.753498 0.235468
1.978448 0.795131 1.753412 0.235474
1.979800 0.795167 1.753324 0.235488
1.981863 0.795229 1.753250 0.235523
1.982369 0.795243 1.753199 0.235532
1.982579 0.795249 1.753176 0.235538
1.983367 0.795286 1.753151 0.235558
1.983686 0.795306 1.753138 0.235568
1.983878 0.795330 1.753206 0.235713
1.983886 0.795319 1.753150 0.235578
1.983940 0.795341 1.753212 0.235716
1.984004 0.795355 1.753252 0.235717
1.984029 0.795370 1.753358 0.235717
1.984045 0.795374 1.753385 0.235715
1.984059 0.795376 1.753380 0.235713
1.984074 0.795377 1.753358 0.235709
1.984096 0.795333 1.753163 0.235592
1.984096 0.795380 1.753351 0.235704
1.984116 0.795381 1.753340 0.235698
1.984144 0.795381 1.753326 0.235691
1.984176 0.795382 1.753312 0.235683
1.984184 0.795339 1.753181 0.235599
1.984201 0.795381 1.753300 0.235678
1.984211 0.795380 1.753283 0.235676
1.984220 0.795379 1.753268 0.235673
1.984227 0.795379 1.753257 0.235671
1.984248 0.795345 1.753199 0.235605
1.984275 0.795376 1.753249 0.235659
1.984278 0.795352 1.753224 0.235613
1.984285 0.795376 1.753258 0.235656
1.984303 0.795373 1.753255 0.235650
1.984312 0.795360 1.753248 0.235623
1.984321 0.795368 1.753256 0.235638
1.984322 0.795364 1.753256 0.235629
1.984739 0.783168 1.755089 0.208812
1.988188 0.771716 1.767348 0.214901
1.996116 0.783480 1.755204 0.208646
1.999273 0.890786 1.743967 0.194302
2.008140 0.783704 1.755288 0.208381
2.021634 0.783883 1.755312 0.208121
2.026291 0.886117 1.762786 0.208350
2.031939 0.773404 1.766260 0.215252
2.036316 0.784156 1.755335 0.207787
2.045307 0.887894 1.744190 0.194021
2.052153 0.784532 1.755375 0.207334
2.069598 0.784946 1.755410 0.207022
2.072937 0.775544 1.765156 0.215396
2.084963 0.885243 1.761588 0.208038
2.089057 0.785283 1.755473 0.207015
2.097624 0.885318 1.744402 0.194304
2.108426 0.785685 1.755563 0.206788
2.117265 0.777585 1.764148 0.215360
2.127265 0.786132 1.755665 0.206650
2.135609 0.881762 1.744678 0.194965
2.142708 0.883791 1.760514 0.207612
2.146806 0.786312 1.755748 0.206480
2.158042 0.780043 1.763127 0.215328
2.164931 0.877730 1.745027 0.195475
2.166620 0.786489 1.755797 0.206380
2.187610 0.786442 1.755750 0.206471
2.195864 0.873705 1.745392 0.196432
2.198107 0.782717 1.762109 0.215319
2.203988 0.882754 1.759427 0.207882
2.209066 0.786289 1.755686 0.206494
2.224780 0.869533 1.745794 0.197472
2.228316 0.785647 1.755630 0.206740
2.235784 0.785673 1.761128 0.215221
2.249291 0.785140 1.755649 0.206791
2.249875 0.865079 1.746252 0.198212
2.263740 0.881151 1.758418 0.207992
2.265796 0.789115 1.760102 0.214854
2.267100 0.860500 1.746749 0.199474
2.271160 0.784901 1.755790 0.206521
2.281987 0.792951 1.759036 0.213982
2.287227 0.783885 1.755831 0.206312
2.294894 0.856125 1.747310 0.200859
2.297983 0.796941 1.757970 0.213449
2.306503 0.851319 1.747925 0.202035
2.308232 0.846428 1.748555 0.203140
2.309205 0.783519 1.755905 0.206389
2.317608 0.801046 1.756976 0.213446
2.319446 0.841504 1.749277 0.203648
2.324327 0.879680 1.757352 0.207907
2.327310 0.805119 1.756028 0.211823
2.329677 0.836659 1.750023 0.204581
2.331746 0.783270 1.755972 0.206598
2.341733 0.831822 1.750836 0.205105
2.346495 0.826984 1.751663 0.205821
2.351536 0.822241 1.752510 0.206687
2.351659 0.809288 1.755136 0.210971
2.355415 0.817514 1.753386 0.207455
2.355989 0.783342 1.756001 0.206771
2.371907 0.813608 1.754265 0.209888
2.381011 0.783163 1.755979 0.207050
2.383703 0.878057 1.756449 0.207755
2.407423 0.783077 1.755913 0.207207
2.434495 0.782863 1.755803 0.207381
2.440504 0.876264 1.755564 0.208220
2.461983 0.783015 1.755591 0.207546
2.490321 0.783283 1.755309 0.207641
2.498466 0.875036 1.754489 0.209082
2.518762 0.782870 1.754872 0.208047
2.548903 0.872785 1.753635 0.209611
2.549416 0.783181 1.754441 0.208149
2.581367 0.783704 1.754006 0.207975
2.600420 0.870671 1.752873 0.209881
2.616341 0.783325 1.753511 0.207429
2.652271 0.868743 1.752036 0.210482
2.654475 0.783368 1.753013 0.206752
2.694654 0.783466 1.752526 0.205978
2.700413 0.866396 1.751412 0.210303
2.736194 0.784056 1.752043 0.205648
2.744727 0.863760 1.750768 0.210009
2.775572 0.785078 1.751575 0.205314
2.789933 0.861163 1.750133 0.210049
2.812532 0.786277 1.751149 0.204906
2.831738 0.858278 1.749579 0.210397
2.848388 0.787454 1.750751 0.205046
2.871644 0.855163 1.749034 0.210667
2.878546 0.789137 1.750422 0.205168
2.909308 0.790827 1.750111 0.205183
2.909359 0.851759 1.748591 0.210912
2.942064 0.792537 1.749818 0.205618
2.952138 0.848518 1.748275 0.210600
2.974293 0.794573 1.749577 0.205746
2.991134 0.844957 1.748009 0.210325
3.000897 0.797150 1.749348 0.205780
3.016572 0.840877 1.747827 0.209787
3.030904 0.799737 1.749109 0.206234
3.053550 0.802789 1.748874 0.206492
3.054334 0.837139 1.747704 0.209538
3.072392 0.806044 1.748647 0.206851
3.083867 0.833105 1.747669 0.209235
3.092430 0.809381 1.748433 0.207063
3.105221 0.828937 1.747725 0.208569
3.106805 0.812912 1.748233 0.207148
3.117424 0.816666 1.748059 0.207347
3.123975 0.824801 1.747807 0.207996
3.124957 0.820634 1.747918 0.207604