-3.605881 1.232118 1.460513 0.310708
-3.605528 1.235600 1.457090 0.308970
-3.604296 1.228783 1.463931 0.312524
-3.601379 1.239478 1.453942 0.307284
-3.597289 1.246868 1.446317 0.304073
-3.597121 1.243397 1.450480 0.305647
-3.596188 1.225754 1.467450 0.314227
-3.593940 1.250575 1.442204 0.302529
-3.587899 1.222582 1.470817 0.315887
-3.581947 1.255236 1.439438 0.301349
-3.577773 1.219538 1.474117 0.317595
-3.573697 1.216697 1.477652 0.319533
-3.572817 1.213746 1.481086 0.321547
-3.571283 1.259787 1.436308 0.300207
-3.567273 1.210627 1.484233 0.323332
-3.556178 1.207334 1.486997 0.324768
-3.556087 1.264153 1.433276 0.299075
-3.546837 1.204171 1.489949 0.326322
-3.541177 1.268345 1.430133 0.297980
-3.538462 1.200618 1.492505 0.327835
-3.531985 1.196485 1.494308 0.329095
-3.526288 1.192396 1.496004 0.330195
-3.524076 1.272405 1.427110 0.296958
-3.522189 1.188241 1.497435 0.331104
-3.517252 1.184332 1.499210 0.331931
-3.515779 1.180529 1.501127 0.332717
-3.512996 1.176575 1.502784 0.333192
-3.511323 1.172893 1.504982 0.333655
-3.508150 1.276558 1.424254 0.295907
-3.506965 1.161493 1.510989 0.334415
-3.506693 1.165205 1.508770 0.334071
-3.506185 1.168918 1.506571 0.333710
-3.505582 1.153824 1.515230 0.335364
-3.505283 1.157734 1.513216 0.334818
-3.501583 1.149998 1.517533 0.335994
-3.496183 1.146205 1.520110 0.336783
-3.490372 1.141992 1.522346 0.337718
-3.489965 1.279919 1.420666 0.294680
-3.481445 1.138218 1.525385 0.338977
-3.473672 1.133833 1.528001 0.340577
-3.473605 1.283667 1.416870 0.293251
-3.463181 1.129403 1.530796 0.342466
-3.453087 1.286603 1.412847 0.291706
-3.451727 1.124901 1.533775 0.344665
-3.436494 1.120223 1.536636 0.346907
-3.435299 1.289310 1.408577 0.289972
-3.422748 1.292211 1.404185 0.288197
-3.420463 1.115833 1.540104 0.349381
-3.406246 1.111054 1.543485 0.351827
-3.403808 1.294452 1.400118 0.286478
-3.393442 1.105910 1.546548 0.354192
-3.385185 1.296956 1.396438 0.284742
-3.382123 1.100723 1.549587 0.356576
-3.373277 1.095493 1.552603 0.358931
-3.367766 1.299449 1.392795 0.282999
-3.365267 1.090417 1.555743 0.361281
-3.357693 1.085183 1.558696 0.363602
-3.350375 1.302009 1.389498 0.281341
-3.347231 1.080032 1.561559 0.365949
-3.335508 1.075046 1.564396 0.368338
-3.334008 1.304531 1.386549 0.279730
-3.322115 1.070411 1.567454 0.370794
-3.316599 1.306757 1.383807 0.278284
-3.307775 1.065922 1.570533 0.373261
-3.301511 1.309389 1.381431 0.276901
-3.293778 1.061469 1.573582 0.375718
-3.286375 1.311842 1.379292 0.275602
-3.280161 1.057179 1.576808 0.378204
-3.271321 1.314027 1.377307 0.274392
-3.268259 1.052906 1.580095 0.380754
-3.253730 1.049166 1.583728 0.383294
-3.251958 1.314823 1.375742 0.273483
-3.238098 1.045410 1.587220 0.385684
-3.234802 1.315348 1.374368 0.272765
-3.224950 1.041602 1.590661 0.388136
-3.222080 1.316963 1.373495 0.272429
-3.208506 1.318472 1.372967 0.272231
-3.207331 1.038236 1.594280 0.390372
-3.193794 1.319995 1.372414 0.272173
-3.192219 1.034584 1.597850 0.392619
-3.178733 1.322264 1.371794 0.272244
-3.177257 1.031180 1.601451 0.394874
-3.164498 1.027699 1.605017 0.397108
-3.160819 1.324831 1.371758 0.272438
-3.153574 1.024152 1.608648 0.399384
-3.142367 1.020441 1.612090 0.401611
-3.136913 1.327054 1.371918 0.272780
-3.133399 1.016651 1.615533 0.403837
-3.125210 1.012756 1.618877 0.405957
-3.116042 1.008687 1.621907 0.407970
-3.113323 1.329553 1.371757 0.272976
-3.110335 1.004557 1.624982 0.410024
-3.102487 1.000554 1.628031 0.411991
-3.094822 0.996363 1.630668 0.413850
-3.093723 1.332629 1.367102 0.272533
-3.089234 1.330511 1.370041 0.272992
-3.085792 0.992293 1.633229 0.415672
-3.076649 0.988075 1.635456 0.417194
-3.073515 1.332901 1.366448 0.273166
-3.067533 0.984019 1.637686 0.418606
-3.058766 0.979839 1.639412 0.419563
-3.057633 1.334034 1.366453 0.273909
-3.051462 0.976009 1.641603 0.420471
-3.044179 0.972042 1.643268 0.421073
-3.043913 1.335386 1.366534 0.274595
-3.038068 0.968198 1.645200 0.421497
-3.034580 1.337400 1.367239 0.275240
-3.029337 0.964391 1.646886 0.421722
-3.023975 0.960517 1.648643 0.421983
-3.023265 1.339542 1.368213 0.275857
-3.016841 0.956645 1.650350 0.422157
-3.007062 1.341460 1.369173 0.276581
-3.006548 0.952913 1.652120 0.422351
-2.997750 0.949068 1.653858 0.422654
-2.993246 1.343930 1.370332 0.277182
-2.986716 0.945282 1.655660 0.422841
-2.985021 1.346887 1.371470 0.277721
-2.975894 0.941506 1.657624 0.422986
-2.974426 1.349474 1.372553 0.278236
-2.965997 0.937476 1.659279 0.422868
-2.962253 1.351615 1.373557 0.278743
-2.955087 0.933615 1.661171 0.422655
-2.949761 1.353207 1.374613 0.279344
-2.945398 0.929976 1.663343 0.422578
-2.941169 1.355048 1.375482 0.279983
-2.931942 1.356728 1.375702 0.280420
-2.931683 0.926596 1.665325 0.422272
-2.921955 1.358012 1.375807 0.280922
-2.920159 0.923258 1.667444 0.422157
-2.914554 1.359144 1.376240 0.281490
-2.907070 1.360079 1.376273 0.281870
-2.905731 0.920143 1.669124 0.421976
-2.898126 1.360307 1.376351 0.282491
-2.891941 0.917042 1.670639 0.421900
-2.888936 1.360052 1.376585 0.283307
-2.878136 1.359381 1.376347 0.284157
-2.877116 0.914066 1.671942 0.421804
-2.873076 0.853388 1.429394 0.351200
-2.872728 0.849078 1.428251 0.351373
-2.872661 0.847864 1.427711 0.351244
-2.872612 0.845587 1.425945 0.350786
-2.871933 0.844433 1.424882 0.350433
-2.870875 0.843896 1.424103 0.350294
-2.869856 0.856669 1.430312 0.351103
-2.869128 0.843441 1.423194 0.350061
-2.867988 1.358684 1.376943 0.285439
-2.865515 0.858936 1.430807 0.350923
-2.865217 0.842598 1.421237 0.349443
-2.863531 0.842371 1.420246 0.349107
-2.863434 0.860424 1.430673 0.350675
-2.863315 0.911250 1.673361 0.421906
-2.862025 0.861374 1.430549 0.350570
-2.861846 0.841858 1.413340 0.348608
-2.861816 0.841880 1.413332 0.348603
-2.861717 0.841856 1.413351 0.348608
-2.861614 0.841849 1.413365 0.348595
-2.861537 0.841843 1.413375 0.348599
-2.861456 0.841834 1.413387 0.348585
-2.861392 0.841842 1.413391 0.348578
-2.861361 0.841832 1.413402 0.348573
-2.861314 0.841831 1.413410 0.348558
-2.861307 0.841827 1.413412 0.348561
-2.861290 0.841826 1.413420 0.348540
-2.861286 0.841826 1.413425 0.348524
-2.861263 0.841802 1.413464 0.348486
-2.861249 0.841818 1.413434 0.348524
-2.861243 0.841800 1.413456 0.348499
-2.861240 0.841820 1.413430 0.348527
-2.861222 0.841805 1.413471 0.348476
-2.861213 0.841812 1.413468 0.348470
-2.861213 0.841812 1.413443 0.348519
-2.861211 0.841815 1.413440 0.348517
-2.861204 0.841812 1.413473 0.348466
-2.861196 0.841803 1.413455 0.348501
-2.861193 0.841809 1.413472 0.348471
-2.861192 0.841808 1.413452 0.348502
-2.861189 0.841801 1.413465 0.348487
-2.861187 0.841810 1.413471 0.348473
-2.861180 0.841812 1.413482 0.348449
-2.861174 0.841808 1.413480 0.348458
-2.861147 0.841811 1.413475 0.348470
-2.861147 0.841808 1.413487 0.348446
-2.861126 0.841811 1.413487 0.348448
-2.861113 0.841812 1.413523 0.348399
-2.861104 0.841808 1.413504 0.348416
-2.861089 0.841809 1.413496 0.348434
-2.861087 0.841802 1.413523 0.348400
-2.861084 0.841806 1.413502 0.348421
-2.861084 0.841811 1.413494 0.348435
-2.861043 0.841825 1.413602 0.348311
-2.861032 0.841807 1.413651 0.348216
-2.861028 0.841808 1.413508 0.348407
-2.861017 0.841824 1.413628 0.348290
-2.860985 0.841801 1.413522 0.348397
-2.860983 0.841800 1.413678 0.348193
-2.860962 0.841790 1.413553 0.348383
-2.860961 0.841849 1.413623 0.348371
-2.860960 0.841814 1.413533 0.348439
-2.860936 0.841807 1.413525 0.348393
-2.860927 0.841803 1.413586 0.348356
-2.860926 0.841802 1.413574 0.348358
-2.860925 0.841789 1.413592 0.348301
-2.860923 0.841791 1.413605 0.348298
-2.860922 0.841804 1.413548 0.348369
-2.860922 0.841780 1.413716 0.348124
-2.860918 0.841794 1.413582 0.348330
-2.860916 0.841798 1.413574 0.348335
-2.860909 0.841787 1.413600 0.348299
-2.860908 0.841787 1.413578 0.348358
-2.860891 0.841776 1.413595 0.348313
-2.860891 0.841690 1.413880 0.347709
-2.860891 0.842100 1.418497 0.348422
-2.860885 0.841795 1.413562 0.348373
-2.860883 0.841739 1.413784 0.347952
-2.860879 0.841857 1.413672 0.348394
-2.860875 0.841770 1.413672 0.348156
-2.860873 0.841786 1.413631 0.348233
-2.860872 0.841684 1.413868 0.347676
-2.860859 0.841660 1.413941 0.347538
-2.860859 0.841785 1.413587 0.348330
-2.860858 0.841779 1.413660 0.348192
-2.860856 0.841722 1.413785 0.347905
-2.860813 0.841779 1.413607 0.348293
-2.860809 0.841784 1.413594 0.348321
-2.860740 0.841827 1.413810 0.348224
-2.860675 0.841800 1.413891 0.348078
-2.860451 0.841788 1.413929 0.348029
-2.860358 0.842047 1.418081 0.348291
-2.860261 0.841766 1.413970 0.347925
-2.859690 0.841731 1.414047 0.347729
-2.859108 0.841734 1.414096 0.347725
-2.858879 0.862148 1.430544 0.350528
-2.858763 1.357673 1.377690 0.286731
-2.858714 0.841835 1.416639 0.347715
-2.858671 0.841745 1.414225 0.347698
-2.858478 0.841731 1.414416 0.347560
-2.858414 0.841790 1.416262 0.347587
-2.858310 0.841717 1.414697 0.347403
-2.858214 0.841722 1.415095 0.347349
-2.858149 0.841718 1.415442 0.347353
-2.855989 0.862846 1.430531 0.350529
-2.853731 0.863569 1.430454 0.350521
-2.852268 1.356463 1.378630 0.287967
-2.849432 0.864464 1.430631 0.350540
-2.848249 1.355175 1.379627 0.289156
-2.848158 0.908753 1.674545 0.421930
-2.845151 1.354091 1.380766 0.290266
-2.844225 1.353066 1.381725 0.291334
-2.843665 0.865845 1.430793 0.350463
-2.842338 1.352325 1.382406 0.292199
-2.839044 1.351755 1.382966 0.292953
-2.835559 1.351181 1.383085 0.293544
-2.834196 0.867486 1.431353 0.350515
-2.833067 0.906503 1.675720 0.422086
-2.830265 1.350660 1.383107 0.294066
-2.827690 1.349674 1.382744 0.294457
-2.824455 1.348687 1.382127 0.294788
-2.822386 0.869238 1.432097 0.350520
-2.821830 1.347626 1.381568 0.295100
-2.818389 0.904298 1.676620 0.422354
-2.818188 1.346613 1.380933 0.295330
-2.814721 1.345518 1.380449 0.295521
-2.810747 0.871345 1.432808 0.350504
-2.810647 1.344455 1.380027 0.295626
-2.806261 1.343443 1.379668 0.295712
-2.801978 0.902365 1.677352 0.422651
-2.801942 1.342353 1.379321 0.295750
-2.797999 0.873324 1.433643 0.350488
-2.795432 1.341290 1.378828 0.295821
-2.787515 1.340340 1.378103 0.295779
-2.785390 0.900574 1.677857 0.422968
-2.784801 0.875178 1.434677 0.350635
-2.777470 1.339916 1.377351 0.295654
-2.771530 0.877064 1.435561 0.350687
-2.768336 0.899104 1.678581 0.423550
-2.766959 1.339823 1.376564 0.295465
-2.758556 0.878622 1.436806 0.351068
-2.757348 1.340474 1.375341 0.294953
-2.751615 0.897524 1.679255 0.424186
-2.748021 1.341611 1.374269 0.294422
-2.745616 0.880061 1.437924 0.351310
-2.736410 1.343276 1.373624 0.294039
-2.735388 0.881318 1.439251 0.351657
-2.734139 0.896133 1.680066 0.424850
-2.727604 1.345506 1.373183 0.293615
-2.725000 0.882525 1.440369 0.351874
-2.720466 1.347621 1.372645 0.293131
-2.715931 0.894753 1.680794 0.425414
-2.714903 0.883642 1.441370 0.352101
-2.712845 1.349439 1.372180 0.292750
-2.705672 0.884599 1.442363 0.352276
-2.705609 1.351030 1.371742 0.292393
-2.698324 0.893262 1.681618 0.426150
-2.698318 1.352506 1.371396 0.292076
-2.695195 0.885576 1.443255 0.352425
-2.692477 1.354281 1.371417 0.291866
-2.686978 1.356243 1.371763 0.291728
-2.684020 0.886731 1.444066 0.352464
-2.679549 0.891838 1.682165 0.426725
-2.677598 1.357977 1.371438 0.291319
-2.672453 0.887782 1.444907 0.352550
-2.666688 1.359641 1.371493 0.291072
-2.660968 0.890423 1.682763 0.427400
-2.660092 0.888676 1.445809 0.352708
-2.658394 1.361551 1.371878 0.290926
-2.653195 1.363501 1.372671 0.290921
-2.648566 1.364916 1.374076 0.291294
-2.647531 0.889758 1.446578 0.352746
-2.643577 0.888991 1.683718 0.428207
-2.641440 1.366114 1.375245 0.291531
-2.634968 0.890854 1.447385 0.352720
-2.633925 1.367050 1.376344 0.291726
-2.627108 1.368065 1.377307 0.291765
-2.625809 0.887819 1.684790 0.428941
-2.622107 0.891972 1.448284 0.352774
-2.618735 1.368957 1.377944 0.291690
-2.610015 1.369796 1.378201 0.291525
-2.609006 0.893121 1.449184 0.352718
-2.608737 0.886493 1.685873 0.429737
-2.599957 1.370293 1.378223 0.291374
-2.595616 0.894167 1.450181 0.352784
-2.592291 0.885280 1.687216 0.430639
-2.589614 1.370127 1.377782 0.291196
-2.582045 0.895256 1.451187 0.352750
-2.579279 1.370474 1.377346 0.290934
-2.576726 0.883858 1.688599 0.431588
-2.568555 0.896280 1.452287 0.352848
-2.567632 1.370844 1.377225 0.290811
-2.562154 0.882535 1.690332 0.432562
-2.555033 0.897259 1.453404 0.352994
-2.554654 1.371011 1.377306 0.290872
-2.545974 0.881291 1.691871 0.433407
-2.541133 0.898109 1.454500 0.353201
-2.540501 1.370982 1.377755 0.291148
-2.530412 0.879969 1.693565 0.434194
-2.527165 0.898838 1.455613 0.353451
-2.526604 1.370593 1.378882 0.291765
-2.515470 0.878658 1.695453 0.434928
-2.513284 0.899581 1.456695 0.353742
-2.511726 1.370460 1.380693 0.292622
-2.499993 0.877380 1.697303 0.435719
-2.499274 0.900064 1.458002 0.354176
-2.494991 1.370389 1.382991 0.293703
-2.484267 0.876222 1.699218 0.436556
-2.483576 0.900479 1.459175 0.354562
-2.475045 1.370883 1.385534 0.294743
-2.467990 0.875120 1.701074 0.437361
-2.465809 0.900855 1.460257 0.354932
-2.451072 1.371145 1.387578 0.295596
-2.449839 0.874015 1.702623 0.437988
-2.445694 0.900958 1.461237 0.355322
-2.431323 0.872520 1.703865 0.438472
-2.423999 1.371474 1.388574 0.295937
-2.423671 0.900929 1.462167 0.355660
-2.410840 0.871083 1.704585 0.438578
-2.399871 0.900671 1.463083 0.356063
-2.396898 1.371675 1.388753 0.295957
-2.392698 0.868993 1.705298 0.438638
-2.375022 0.900490 1.464194 0.356436
-2.372916 0.867158 1.706083 0.438487
-2.371283 1.372408 1.388432 0.295698
-2.352612 0.865380 1.706992 0.437973
-2.349317 0.899923 1.465295 0.357028
-2.347139 1.373074 1.387590 0.295253
-2.333836 0.863996 1.708916 0.437698
-2.325929 1.374153 1.386343 0.294592
-2.323225 0.899448 1.466622 0.357729
-2.316282 0.862303 1.711024 0.437227
-2.303829 1.374943 1.385198 0.294018
-2.301303 0.860821 1.713732 0.436883
-2.297450 0.898668 1.468040 0.358523
-2.285238 0.859720 1.716610 0.436313
-2.282543 1.376159 1.384199 0.293424
-2.272395 0.858035 1.719685 0.435677
-2.271702 0.897616 1.469462 0.359392
-2.261243 1.377166 1.383046 0.292734
-2.256710 0.856551 1.722651 0.434779
-2.245719 0.896640 1.471045 0.360421
-2.241844 1.378964 1.382147 0.292003
-2.240257 0.854872 1.725443 0.433687
-2.222446 0.852758 1.727507 0.432395
-2.220138 1.380298 1.381276 0.291350
-2.218293 0.895807 1.472364 0.361297
-2.205318 0.850441 1.729438 0.430971
-2.199272 1.381809 1.380349 0.290635
-2.190702 0.894854 1.473608 0.362179
-2.187868 0.848086 1.730871 0.429524
-2.177109 1.383225 1.379733 0.290054
-2.169926 0.845922 1.732053 0.428112
-2.162116 0.893782 1.474382 0.362933
-2.154345 1.384447 1.379149 0.289513
-2.151468 0.843939 1.733005 0.426639
-2.134273 0.892262 1.474772 0.363722
-2.131922 0.842390 1.733816 0.425249
-2.131761 1.385728 1.378589 0.288985
-2.112234 0.841069 1.734435 0.424024
-2.108625 1.386332 1.377557 0.288301
-2.105876 0.890942 1.474839 0.364243
-2.092436 0.840028 1.734895 0.422861
-2.084613 1.386725 1.376773 0.287778
-2.077742 0.889794 1.474406 0.364483
-2.072649 0.839303 1.735352 0.421924
-2.059865 1.387086 1.376404 0.287433
-2.053252 0.838969 1.735867 0.421258
-2.050738 0.888449 1.473581 0.364650
-2.034848 0.838939 1.736242 0.420632
-2.034768 1.387760 1.376304 0.287204
-2.024681 0.887219 1.472519 0.364626
-2.017664 0.839176 1.736788 0.420253
-2.008946 1.388262 1.376526 0.287146
-2.006550 0.699582 1.506097 0.437293
-2.006434 0.696457 1.507189 0.438229
-2.005808 0.693074 1.507820 0.439145
-2.002234 0.702276 1.504559 0.436343
-2.002101 0.839539 1.737257 0.420141
-2.000298 0.689746 1.508625 0.440161
-1.999269 0.885958 1.471290 0.364549
-1.998490 0.704861 1.502991 0.435439
-1.994948 0.707490 1.501569 0.434567
-1.991491 0.686443 1.509279 0.441159
-1.988253 0.709839 1.500150 0.433668
-1.987553 0.839975 1.737649 0.419983
-1.984575 0.712024 1.498445 0.432769
-1.983213 1.389069 1.377197 0.287255
-1.982844 0.683151 1.510078 0.442194
-1.981125 0.713904 1.496549 0.431749
-1.975471 0.715539 1.494742 0.430681
-1.974641 0.884735 1.469839 0.364333
-1.973666 0.840530 1.737882 0.419816
-1.972450 0.679824 1.510514 0.443084
-1.971307 0.717023 1.492795 0.429595
-1.970889 0.784641 1.472215 0.401617
-1.970829 0.785605 1.472078 0.401578
-1.970235 0.783756 1.472208 0.401681
-1.969252 0.782987 1.472071 0.401860
-1.968875 0.782217 1.471939 0.402121
-1.968796 0.786704 1.471941 0.401616
-1.967928 0.781450 1.471653 0.402372
-1.966664 0.780588 1.471294 0.402742
-1.966610 0.718510 1.490886 0.428534
-1.965481 0.787891 1.471518 0.401714
-1.965471 0.779632 1.470897 0.403146
-1.965066 0.777236 1.470677 0.404332
-1.964686 0.778490 1.470779 0.403687
-1.964582 0.775862 1.470595 0.404910
-1.963733 0.771211 1.470745 0.406707
-1.963668 0.774388 1.470600 0.405484
-1.963544 0.772836 1.470674 0.406142
-1.962853 0.767893 1.470970 0.407713
-1.962753 0.769551 1.470786 0.407219
-1.962674 0.766266 1.471280 0.408231
-1.962070 0.764574 1.471599 0.408676
-1.961888 0.719933 1.489008 0.427509
-1.961385 0.762935 1.472002 0.409090
-1.960913 0.761410 1.472557 0.409502
-1.960463 0.676656 1.511191 0.444026
-1.959781 0.841024 1.738388 0.419569
-1.959477 0.759902 1.472952 0.409813
-1.958195 0.758457 1.473379 0.410170
-1.958155 1.389809 1.378601 0.287685
-1.956872 0.757003 1.473630 0.410607
-1.956800 0.721472 1.487330 0.426525
-1.956621 0.788526 1.470923 0.401899
-1.954285 0.755462 1.473922 0.411213
-1.952236 0.723102 1.485737 0.425543
-1.951605 0.753969 1.474327 0.411911
-1.950218 0.883514 1.468244 0.364028
-1.949515 0.673480 1.512121 0.445048
-1.948164 0.752487 1.474634 0.412581
-1.947083 0.724784 1.484217 0.424591
-1.945884 0.789255 1.470349 0.402108
-1.945620 0.841700 1.738711 0.419003
-1.945491 0.750992 1.474968 0.413211
-1.943146 0.749235 1.475371 0.413920
-1.941606 0.726564 1.482881 0.423651
-1.940726 0.747574 1.475786 0.414653
-1.939684 0.745950 1.476128 0.415391
-1.939286 0.728628 1.481726 0.422820
-1.938084 0.744439 1.476477 0.416108
-1.937429 0.670325 1.512787 0.445964
-1.937184 0.742865 1.476929 0.416859
-1.936993 0.730653 1.480700 0.422034
-1.936728 0.741197 1.477333 0.417626
-1.936371 0.732691 1.479700 0.421275
-1.936065 0.739446 1.477686 0.418407
-1.935696 0.734568 1.479008 0.420560
-1.935381 0.737820 1.478095 0.419201
-1.934824 0.736255 1.478473 0.419884
-1.934168 1.391081 1.380264 0.288152
-1.932650 0.789665 1.469838 0.402388
-1.931648 0.842473 1.739375 0.418634
-1.929296 0.667179 1.513940 0.447006
-1.925938 0.882265 1.466474 0.363683
-1.920798 0.664120 1.515061 0.448000
-1.917974 0.843430 1.740257 0.418065
-1.917348 0.789820 1.469527 0.402805
-1.910838 0.661155 1.516063 0.448957
-1.910578 1.392592 1.382185 0.288719
-1.904100 0.844596 1.741374 0.417387
-1.900939 0.880919 1.464850 0.363413
-1.900786 0.658268 1.517065 0.449871
-1.900538 0.789769 1.469016 0.403179
-1.890789 0.655369 1.517892 0.450726
-1.889700 0.845993 1.742733 0.416691
-1.888110 1.394120 1.384481 0.289506
-1.882112 0.789455 1.468775 0.403706
-1.879863 0.652585 1.518724 0.451570
-1.876663 0.879518 1.463114 0.363094
-1.874842 0.847412 1.744244 0.415851
-1.866961 0.649976 1.519189 0.452231
-1.865313 1.395625 1.386755 0.290284
-1.862342 0.789133 1.468666 0.404289
-1.860020 0.848899 1.745972 0.415011
-1.853807 0.878096 1.461357 0.362725
-1.850992 0.647818 1.519398 0.452791
-1.845332 0.850348 1.747454 0.414257
-1.841661 0.789140 1.469111 0.404950
-1.840479 1.397079 1.388560 0.290906
-1.834159 0.646011 1.519707 0.453364
-1.832652 0.876559 1.459575 0.362433
-1.832353 0.851681 1.748922 0.413524
-1.820313 0.788947 1.469687 0.405504
-1.819713 0.852915 1.750249 0.412677
-1.817244 0.644617 1.520032 0.453965
-1.815390 1.398663 1.390024 0.291318
-1.812874 0.874712 1.458099 0.362230
-1.806770 0.854223 1.751571 0.411939
-1.800883 0.643721 1.520241 0.454488
-1.798620 0.788695 1.470445 0.405944
-1.794064 0.855582 1.753053 0.411489
-1.793798 0.872868 1.456565 0.362036
-1.789361 1.400057 1.391368 0.291654
-1.785145 0.643155 1.520459 0.454885
-1.780074 0.856834 1.754177 0.411034
-1.775952 0.788520 1.471004 0.406075
-1.774506 0.871002 1.455190 0.361838
-1.770668 0.642714 1.520637 0.455331
-1.766492 0.858105 1.755149 0.410707
-1.761844 1.401190 1.392533 0.291945
-1.757142 0.642513 1.520886 0.455765
-1.755670 0.868985 1.453868 0.361661
-1.753113 0.788675 1.471854 0.406021
-1.752479 0.859444 1.755796 0.410354
-1.744013 0.642496 1.521041 0.456063
-1.737913 0.860549 1.756269 0.410231
-1.736841 0.866820 1.452671 0.361639
-1.732347 1.401770 1.393333 0.292175
-1.731760 0.642702 1.521395 0.456443
-1.729712 0.788972 1.472472 0.405664
-1.722695 0.861359 1.756620 0.410108
-1.720250 0.642864 1.521795 0.456822
-1.717559 0.864772 1.451398 0.361522
-1.708966 0.643186 1.522164 0.457148
-1.707172 0.862209 1.756788 0.409817
-1.705763 0.789090 1.473303 0.405188
-1.701672 1.402192 1.393644 0.292238
-1.698428 0.862636 1.450215 0.361455
-1.698028 0.643543 1.522731 0.457441
-1.691099 0.862751 1.756957 0.409623
-1.686863 0.643966 1.523238 0.457584
-1.681763 0.789504 1.473968 0.404436
-1.679080 0.860668 1.448866 0.361368
-1.675709 0.863248 1.756903 0.409282
-1.675300 0.644132 1.523911 0.457647
-1.670333 1.402133 1.393674 0.292270
-1.664313 0.644193 1.524908 0.457760
-1.660121 0.863707 1.756756 0.408862
-1.660000 0.858511 1.447672 0.361321
-1.656067 0.789482 1.474692 0.403490
-1.653593 0.643955 1.526032 0.457776
-1.644608 0.643511 1.527430 0.457801
-1.644098 0.864012 1.756572 0.408493
-1.639971 0.856621 1.446549 0.361202
-1.639529 1.401280 1.393626 0.292434
-1.635350 0.643095 1.528845 0.457609
-1.629999 0.789998 1.475252 0.402179
-1.628039 0.864300 1.756361 0.408034
-1.627083 0.642567 1.530374 0.457283
-1.621425 0.854358 1.445992 0.361426
-1.619230 0.641992 1.531996 0.456820
-1.611359 0.864435 1.756382 0.407795
-1.611208 0.641453 1.533590 0.456198
-1.609733 1.400135 1.393648 0.292688
-1.603295 0.640986 1.535182 0.455554
-1.603058 0.852125 1.445802 0.361690
-1.601839 0.789794 1.475551 0.400805
-1.595389 0.640458 1.536840 0.454783
-1.594770 0.864698 1.756802 0.407526
-1.587495 0.639908 1.538508 0.454028
-1.587427 0.849600 1.446064 0.362171
-1.581420 1.398745 1.394026 0.293134
-1.578421 0.639426 1.540167 0.453187
-1.578120 0.865286 1.757410 0.407450
-1.574700 0.790409 1.475212 0.398875
-1.572592 0.847089 1.446707 0.362794
-1.568270 0.638958 1.541776 0.452275
-1.560704 0.865637 1.758097 0.407410
-1.558631 0.844502 1.447770 0.363525
-1.556788 0.638492 1.543199 0.451324
-1.553555 1.397389 1.394488 0.293588
-1.548352 0.791571 1.474863 0.396856
-1.546971 0.841656 1.449232 0.364442
-1.544107 0.637985 1.544481 0.450330
-1.543823 0.866346 1.759337 0.407561
-1.537403 0.838603 1.450871 0.365484
-1.530271 0.637446 1.545576 0.449340
-1.529725 0.835576 1.452993 0.366727
-1.525606 0.867107 1.761047 0.407972
-1.525012 1.396144 1.394859 0.293977
-1.524950 0.793239 1.474207 0.394752
-1.522536 0.832521 1.455273 0.368130
-1.517009 0.829392 1.457633 0.369703
-1.515488 0.636929 1.546460 0.448281
-1.510293 0.826045 1.459695 0.371323
-1.509725 0.796374 1.474114 0.392671
-1.505569 0.822698 1.461818 0.373174
-1.505277 0.815631 1.465250 0.377363
-1.503838 0.868018 1.762571 0.408205
-1.503838 0.812161 1.466843 0.379708
-1.503625 0.819148 1.463580 0.375146
-1.500773 0.808958 1.468668 0.382227
-1.499940 0.636314 1.547218 0.447141
-1.498632 0.799681 1.473759 0.390425
-1.497428 0.805899 1.470503 0.384976
-1.496283 1.394870 1.395554 0.294511
-1.496082 0.802738 1.472106 0.387742
-1.483840 0.635736 1.547780 0.445954
-1.478258 0.868678 1.763990 0.408450
-1.467973 0.635240 1.548191 0.444649
-1.466059 1.393937 1.396184 0.294940
-1.452131 0.634698 1.548495 0.443210
-1.449704 0.868833 1.765421 0.408973
-1.436579 0.634202 1.548661 0.441663
-1.435267 1.393412 1.396899 0.295347
-1.421120 0.633684 1.548824 0.440154
-1.418574 0.868901 1.766402 0.409250
-1.405865 0.633118 1.549053 0.438514
-1.405013 1.392975 1.397623 0.295719
-1.390851 0.632244 1.549408 0.437109
-1.386168 0.868822 1.766971 0.409392
-1.375687 1.392835 1.398150 0.295952
-1.375342 0.631356 1.549746 0.435731
-1.359233 0.630423 1.550244 0.434326
-1.352237 0.867815 1.766605 0.409411
-1.346500 1.392937 1.398797 0.296204
-1.342931 0.629452 1.550751 0.432936
-1.326044 0.628468 1.551269 0.431480
-1.318706 0.866777 1.765347 0.409039
-1.316442 1.393473 1.399792 0.296518
-1.308157 0.627375 1.551735 0.430013
-1.289416 0.626179 1.552190 0.428552
-1.285590 0.865739 1.764027 0.408641
-1.284771 1.394048 1.400631 0.296765
-1.268990 0.625070 1.552773 0.427015
-1.254230 1.394973 1.401822 0.297111
-1.253943 0.864577 1.762690 0.408260
-1.247478 0.623921 1.553337 0.425444
-1.225294 1.395852 1.403352 0.297629
-1.224888 0.863144 1.761048 0.407864
-1.224223 0.622878 1.554033 0.423755
-1.200078 0.621820 1.554495 0.422034
-1.197367 1.396897 1.404737 0.298077
-1.196144 0.862253 1.759595 0.407384
-1.175023 0.620808 1.554700 0.420220
-1.171553 1.398087 1.405870 0.298366
-1.169054 0.861582 1.757980 0.406846
-1.148964 0.620216 1.555036 0.418295
-1.146981 1.398897 1.407216 0.298810
-1.144015 0.860852 1.756325 0.406335
-1.139367 1.359784 1.342080 0.269256
-1.127906 1.357331 1.341148 0.269541
-1.127844 1.361470 1.344076 0.269612
-1.122927 1.399705 1.408679 0.299280
-1.122884 0.619653 1.555433 0.416400
-1.118350 0.860116 1.755054 0.405992
-1.112528 1.363015 1.345784 0.269908
-1.109755 1.359016 1.340964 0.269401
-1.098107 1.400039 1.409892 0.299705
-1.096588 0.618977 1.555938 0.414624
-1.094641 1.364396 1.347447 0.270270
-1.093302 0.859550 1.753710 0.405693
-1.092902 1.361030 1.341201 0.269389
-1.078656 1.363447 1.341535 0.269369
-1.073531 1.365325 1.348786 0.270596
-1.073310 1.400401 1.410862 0.300048
-1.070401 1.366380 1.342012 0.269309
-1.069906 0.618486 1.556293 0.412769
-1.068117 0.859454 1.752366 0.405278
-1.059381 1.369053 1.342645 0.269399
-1.051808 1.366097 1.350450 0.271145
-1.048568 1.400631 1.411797 0.300419
-1.045961 1.371316 1.343429 0.269654
-1.042721 0.617850 1.557013 0.411151
-1.041921 0.859038 1.751238 0.404995
-1.031554 1.373376 1.344172 0.269901
-1.028215 1.366682 1.352199 0.271829
-1.024726 1.400600 1.412722 0.300870
-1.015747 0.617948 1.557522 0.409351
-1.015284 0.859032 1.750240 0.404644
-1.014542 1.374605 1.345137 0.270364
-1.003999 1.367255 1.354035 0.272569
-1.001952 1.400486 1.413621 0.301326
-0.997311 1.375634 1.345909 0.270777
-0.988937 0.618341 1.557996 0.407560
-0.988546 0.859551 1.749495 0.404332
-0.979448 1.400392 1.414427 0.301752
-0.979287 1.367524 1.355803 0.273340
-0.979205 1.376353 1.346371 0.271072
-0.962708 0.860068 1.748432 0.403789
-0.961397 0.618777 1.558810 0.405961
-0.960782 1.376852 1.346241 0.271136
-0.957874 1.400304 1.415193 0.302136
-0.954095 1.367636 1.357331 0.274125
-0.944662 0.923887 1.608897 0.329160
-0.944057 1.376839 1.345145 0.270956
-0.937988 0.861415 1.749660 0.404203
-0.936463 0.921978 1.611148 0.330688
-0.936249 1.400229 1.415893 0.302484
-0.934351 0.619813 1.559332 0.404125
-0.931473 0.918098 1.614907 0.333733
-0.929581 1.375955 1.343884 0.270932
-0.929393 1.367549 1.358942 0.274962
-0.923270 0.921245 1.613831 0.332300
-0.922792 0.924426 1.609320 0.329109
-0.915856 1.375307 1.342499 0.270899
-0.915541 0.920062 1.616958 0.334549
-0.914397 1.400115 1.416293 0.302665
-0.912517 0.863220 1.750505 0.404314
-0.910712 1.382798 1.350926 0.274353
-0.910273 0.928163 1.607652 0.327435
-0.909914 1.383222 1.348357 0.272994
-0.908552 0.926563 1.609570 0.328646
-0.908136 1.382281 1.353401 0.275658
-0.907412 0.621013 1.560054 0.402398
-0.906066 1.383535 1.345831 0.271738
-0.905595 1.367533 1.360582 0.275784
-0.903519 1.381752 1.355670 0.276878
-0.903218 1.374756 1.341106 0.270822
-0.903175 0.920095 1.619749 0.336068
-0.897761 1.383719 1.343586 0.270675
-0.897213 1.381219 1.357731 0.278050
-0.895903 0.929375 1.607296 0.327042
-0.892319 1.400057 1.416503 0.302770
-0.892054 0.921515 1.622378 0.337282
-0.891809 1.374181 1.339822 0.270746
-0.889955 1.380731 1.359632 0.279144
-0.887772 1.383822 1.341674 0.269782
-0.887685 0.865578 1.751756 0.404632
-0.886246 0.927968 1.608164 0.327755
-0.883604 1.367483 1.362426 0.276723
-0.881858 1.373784 1.338652 0.270650
-0.881654 1.380422 1.361426 0.280198
-0.880857 0.622409 1.560808 0.400766
-0.878240 0.922522 1.624844 0.338412
-0.877398 1.383708 1.340016 0.268991
-0.873702 0.929006 1.608629 0.327726
-0.873191 1.373438 1.337633 0.270611
-0.873026 1.380190 1.363034 0.281137
-0.870067 1.400139 1.416593 0.302809
-0.866597 1.383609 1.338593 0.268439
-0.865846 0.930526 1.608070 0.327202
-0.865698 1.373252 1.336753 0.270585
-0.864718 0.923210 1.627259 0.339546
-0.864449 1.379909 1.364584 0.282033
-0.862472 1.367454 1.364409 0.277628
-0.861143 0.868015 1.753365 0.405040
-0.859519 1.373151 1.336010 0.270598
-0.856252 0.931903 1.607709 0.326838
-0.855441 0.624028 1.561547 0.399113
-0.855419 1.379658 1.366113 0.282858
-0.854828 1.383576 1.337531 0.268182
-0.854609 1.373174 1.335391 0.270688
-0.852765 0.923833 1.629711 0.340580
-0.851058 1.373294 1.334870 0.270879
-0.848659 1.373436 1.334461 0.271110
-0.848150 1.400209 1.416465 0.302761
-0.846836 1.373549 1.334152 0.271379
-0.846374 0.871263 1.756586 0.405903
-0.845595 1.379248 1.367584 0.283641
-0.845425 1.373663 1.333886 0.271600
-0.845012 0.932970 1.607855 0.326700
-0.843846 1.373764 1.333606 0.271723
-0.843007 1.383442 1.336681 0.268145
-0.842799 1.367306 1.366549 0.278565
-0.841909 0.924518 1.632084 0.341580
-0.841695 1.373801 1.333284 0.271763
-0.839012 1.373824 1.332870 0.271687
-0.838596 0.934557 1.607427 0.326214
-0.835780 1.373730 1.332402 0.271547
-0.835174 1.378960 1.369034 0.284378
-0.832074 1.373512 1.331911 0.271360
-0.831937 0.925013 1.634414 0.342560
-0.831645 1.383048 1.336061 0.268210
-0.830215 0.625594 1.562478 0.397733
-0.828031 1.373184 1.331359 0.271122
-0.826763 0.935464 1.607669 0.326137
-0.826763 1.400260 1.416050 0.302604
-0.824240 1.378807 1.370538 0.285114
-0.823875 1.372802 1.330770 0.270830
-0.823197 1.367201 1.368553 0.279377
-0.821129 0.925556 1.636668 0.343495
-0.820937 1.382569 1.335664 0.268298
-0.820595 0.873863 1.758737 0.406634
-0.820094 1.372427 1.330099 0.270435
-0.819975 1.367092 1.326649 0.268183
-0.818562 1.365125 1.326575 0.268277
-0.818408 1.368810 1.326975 0.268309
-0.816707 1.372014 1.329444 0.269997
-0.815319 1.363155 1.326848 0.268627
-0.815164 1.371640 1.328755 0.269515
-0.814984 1.370197 1.327374 0.268560
-0.813945 1.371126 1.328052 0.268985
-0.813654 0.936084 1.607821 0.326079
-0.812384 1.378776 1.371900 0.285764
-0.811173 1.381968 1.335406 0.268384
-0.809875 0.926009 1.638892 0.344507
-0.808332 0.938087 1.607505 0.325535
-0.808317 0.877655 1.761319 0.407196
-0.807318 1.361591 1.327519 0.269174
-0.806330 1.366988 1.370799 0.280218
-0.806107 0.627269 1.563250 0.396362
-0.805794 1.400244 1.415829 0.302514
-0.802539 1.381286 1.335291 0.268526
-0.799667 1.360145 1.328435 0.269920
-0.799443 1.378383 1.373237 0.286428
-0.798834 0.926387 1.641136 0.345469
-0.795589 1.353188 1.350854 0.280894
-0.795251 1.380438 1.335267 0.268673
-0.794984 1.350847 1.351113 0.281559
-0.794698 1.355589 1.350604 0.280212
-0.793402 0.938022 1.608321 0.325911
-0.793020 1.348581 1.351208 0.282099
-0.792864 1.357978 1.350431 0.279567
-0.791661 1.358615 1.329336 0.270706
-0.790911 1.346501 1.351473 0.282662
-0.790319 0.925897 1.643566 0.346581
-0.790205 1.366793 1.372934 0.280982
-0.789681 1.360232 1.350083 0.278920
-0.789099 1.379629 1.335328 0.268818
-0.788328 1.344542 1.351578 0.283087
-0.786170 1.362409 1.349639 0.278321
-0.785393 1.400294 1.415598 0.302407
-0.785358 1.378009 1.374318 0.287004
-0.785199 0.880134 1.763278 0.407716
-0.784585 1.342751 1.351556 0.283394
-0.783948 1.357222 1.330547 0.271627
-0.783820 1.378802 1.335470 0.268956
-0.783311 0.629102 1.563685 0.394981
-0.782612 1.364457 1.348974 0.277727
-0.780625 1.341076 1.351245 0.283499
-0.780059 0.925553 1.645957 0.347723
-0.779101 1.378123 1.335782 0.269218
-0.778704 0.937321 1.608739 0.326253
-0.777869 1.366181 1.347969 0.277110
-0.776850 1.355813 1.331742 0.272553
-0.775138 1.366478 1.374943 0.281591
-0.774826 1.377518 1.336090 0.269531
-0.774141 1.339957 1.350516 0.283302
-0.771521 1.367599 1.346781 0.276491
-0.770770 1.376968 1.336518 0.269927
-0.770638 0.924653 1.648307 0.348922
-0.770107 1.377983 1.375420 0.287538
-0.769610 1.354341 1.332766 0.273436
-0.769327 0.936383 1.609823 0.326933
-0.769037 1.339394 1.349500 0.282934
-0.766383 1.376326 1.337202 0.270510
-0.766106 1.368875 1.345499 0.275864
-0.765444 1.400247 1.415633 0.302425
-0.765166 1.339213 1.348519 0.282569
-0.764647 1.352859 1.333968 0.274332
-0.762759 1.339174 1.347679 0.282214
-0.762163 0.923302 1.650627 0.350193
-0.761749 1.343030 1.341169 0.278486
-0.761668 1.370122 1.344196 0.275150
-0.761602 1.375483 1.337997 0.271172
-0.761588 1.342282 1.341832 0.278805
-0.761568 1.339243 1.347019 0.281931
-0.761451 0.630958 1.564213 0.393635
-0.761424 0.882465 1.764464 0.408001
-0.761407 0.937503 1.609662 0.326652
-0.761388 1.343833 1.340423 0.278172
-0.761287 1.351272 1.335065 0.275156
-0.761013 1.341647 1.342446 0.279091
-0.760987 1.366127 1.376805 0.282095
-0.760987 1.344736 1.339634 0.277818
-0.760608 1.339344 1.346495 0.281712
-0.760579 1.341143 1.343071 0.279476
-0.760326 1.345771 1.338845 0.277456
-0.760188 1.340655 1.343708 0.279900
-0.759853 1.339522 1.345946 0.281439
-0.759787 1.339751 1.345435 0.281133
-0.759691 1.340254 1.344369 0.280381
-0.759637 1.340007 1.344884 0.280760
-0.759573 1.346927 1.337973 0.277024
-0.759279 1.349731 1.336113 0.275896
-0.758611 1.348209 1.337027 0.276503
-0.758374 1.371253 1.342835 0.274362
-0.757854 1.374527 1.339000 0.271921
-0.757075 1.372459 1.341546 0.273578
-0.756121 1.373529 1.340223 0.272739
-0.754299 1.377731 1.376391 0.288052
-0.754048 0.938196 1.609597 0.326499
-0.753377 0.921893 1.652956 0.351610
-0.748430 0.938756 1.609659 0.326422
-0.747706 1.365752 1.378553 0.282510
-0.746022 1.400134 1.415725 0.302468
-0.745018 0.939367 1.609267 0.326132
-0.744264 0.920124 1.655137 0.352908
-0.741092 0.939489 1.609621 0.326270
-0.740707 0.632934 1.565015 0.392386
-0.739237 0.884878 1.765225 0.407934
-0.738009 0.939647 1.609632 0.326245
-0.737392 1.377835 1.377270 0.288490
-0.736354 0.939641 1.609712 0.326272
-0.735829 1.365276 1.380258 0.282819
-0.734859 0.939713 1.609754 0.326291
-0.734327 0.939795 1.609683 0.326240
-0.733766 0.939822 1.609700 0.326239
-0.733244 0.918685 1.657401 0.354092
-0.733220 0.939810 1.609734 0.326266
-0.733033 0.939784 1.609760 0.326300
-0.732631 0.939814 1.609756 0.326301
-0.732368 0.939794 1.609785 0.326320
-0.732180 0.939829 1.609756 0.326337
-0.731955 0.939804 1.609794 0.326346
-0.731811 0.939778 1.609814 0.326378
-0.731665 0.939785 1.609820 0.326370
-0.731472 0.939779 1.609829 0.326386
-0.731351 0.939776 1.609838 0.326399
-0.731292 0.939764 1.609842 0.326417
-0.731087 0.939770 1.609850 0.326400
-0.731055 0.939767 1.609849 0.326425
-0.730957 0.939774 1.609851 0.326419
-0.730710 0.939782 1.609860 0.326412
-0.730586 0.939764 1.609872 0.326455
-0.730499 0.939769 1.609877 0.326442
-0.730310 0.939769 1.609887 0.326454
-0.729956 0.939781 1.609890 0.326443
-0.729661 0.939799 1.609897 0.326444
-0.729589 0.939781 1.609904 0.326478
-0.729496 0.939786 1.609912 0.326464
-0.729416 0.939791 1.609911 0.326474
-0.729278 0.939800 1.609900 0.326525
-0.729275 0.939793 1.609920 0.326477
-0.729237 0.939794 1.609920 0.326482
-0.729182 0.939791 1.609919 0.326502
-0.729134 0.939795 1.609916 0.326514
-0.729041 0.939798 1.609915 0.326523
-0.728986 0.939795 1.609919 0.326529
-0.728870 0.939803 1.609926 0.326518
-0.728814 0.939798 1.609924 0.326548
-0.728742 0.939801 1.609923 0.326555
-0.728719 0.939801 1.609925 0.326556
-0.728683 0.939802 1.609927 0.326552
-0.728650 0.939803 1.609925 0.326570
-0.728614 0.939806 1.609924 0.326574
-0.728565 0.939804 1.609922 0.326592
-0.728498 0.939803 1.609929 0.326586
-0.728432 0.939805 1.609928 0.326598
-0.728359 0.939808 1.609925 0.326614
-0.728281 0.939808 1.609929 0.326617
-0.728237 0.939807 1.609933 0.326614
-0.728209 0.939807 1.609936 0.326613
-0.728147 0.939808 1.609935 0.326625
-0.728007 0.939814 1.609943 0.326616
-0.727918 0.939822 1.609943 0.326618
-0.727833 0.939811 1.609945 0.326643
-0.727765 0.939813 1.609959 0.326611
-0.727714 0.939805 1.609960 0.326642
-0.727639 1.399857 1.416094 0.302669
-0.727624 0.939801 1.609960 0.326683
-0.727442 0.939821 1.609970 0.326662
-0.727298 0.939815 1.609973 0.326701
-0.727154 0.939814 1.609985 0.326687
-0.727136 0.939808 1.609986 0.326696
-0.727076 0.939808 1.609984 0.326717
-0.726949 0.939823 1.609979 0.326722
-0.726739 0.939790 1.610005 0.326738
-0.726209 0.939838 1.610018 0.326718
-0.726057 0.939738 1.610082 0.326813
-0.724938 0.939860 1.610083 0.326802
-0.724829 1.364959 1.381919 0.283113
-0.724601 0.917075 1.659523 0.355431
-0.722975 1.378361 1.378325 0.288949
-0.721619 0.634986 1.565147 0.390709
-0.716139 0.886639 1.766446 0.408233
-0.715972 0.915980 1.661785 0.356540
-0.714444 1.364454 1.383442 0.283305
-0.709697 1.399627 1.416578 0.302950
-0.709246 1.378736 1.379098 0.289342
-0.708822 0.914954 1.663937 0.357612
-0.704394 1.364011 1.384885 0.283462
-0.702535 0.636989 1.565646 0.388987
-0.701444 0.914340 1.665991 0.358602
-0.697212 1.378961 1.380123 0.289868
-0.695183 1.363672 1.386351 0.283620
-0.695180 0.913690 1.667926 0.359448
-0.692996 1.399205 1.417259 0.303368
-0.689830 0.913059 1.669716 0.360349
-0.689404 0.887339 1.766971 0.408541
-0.686819 1.363419 1.387810 0.283768
-0.685558 0.912302 1.671380 0.361204
-0.685108 1.379286 1.381100 0.290324
-0.683925 0.638902 1.566137 0.387133
-0.679328 0.911703 1.672915 0.361826
-0.678260 1.363174 1.389101 0.283909
-0.676626 1.398623 1.417554 0.303653
-0.675191 0.910858 1.674278 0.362500
-0.674946 1.379472 1.382239 0.290852
-0.670196 0.910098 1.675563 0.363048
-0.669774 1.363022 1.390297 0.284218
-0.667916 0.887396 1.764574 0.407516
-0.666553 0.640879 1.566541 0.385123
-0.666486 1.379751 1.383619 0.291451
-0.665921 0.909356 1.676633 0.363399
-0.662132 0.908640 1.677414 0.363726
-0.661209 1.398259 1.418037 0.303991
-0.660946 1.362884 1.391389 0.284511
-0.658360 0.907939 1.677983 0.363976
-0.657797 1.379901 1.384860 0.292012
-0.654944 0.907193 1.678338 0.364190
-0.651934 1.362787 1.392454 0.284929
-0.650967 0.906565 1.678538 0.364627
-0.649721 0.642823 1.567050 0.383147
-0.649661 1.379971 1.386222 0.292642
-0.646757 1.397937 1.418280 0.304208
-0.646420 0.905868 1.678768 0.364993
-0.645463 0.886375 1.762559 0.406886
-0.641879 1.362769 1.393484 0.285457
-0.640870 0.904902 1.678986 0.365418
-0.639699 1.379989 1.387607 0.293264
-0.633617 1.397705 1.418271 0.304292
-0.633239 0.644664 1.567283 0.381277
-0.632982 0.903737 1.679287 0.365983
-0.631313 1.362791 1.394530 0.286017
-0.627972 1.379741 1.388895 0.293900
-0.624142 0.886071 1.760293 0.406092
-0.622139 0.902285 1.679731 0.366521
-0.622124 1.397511 1.418312 0.304381
-0.619954 1.362835 1.395604 0.286626
-0.616793 0.646394 1.567391 0.379770
-0.615336 1.379502 1.390386 0.294622
-0.612115 1.397420 1.418325 0.304400
-0.611815 0.900315 1.680333 0.367259
-0.608028 1.362952 1.396738 0.287243
-0.603526 1.397281 1.418191 0.304343
-0.602836 0.885884 1.758245 0.405247
-0.601491 1.378863 1.391722 0.295383
-0.600978 0.648056 1.567216 0.378454
-0.600435 0.898386 1.681045 0.368074
-0.596092 1.397282 1.418040 0.304220
-0.595484 1.362979 1.397838 0.287852
-0.590360 1.397109 1.417726 0.304044
-0.587879 0.896877 1.681727 0.368519
-0.586945 1.378093 1.393092 0.296207
-0.585739 1.396898 1.417499 0.303881
-0.585082 0.649693 1.566914 0.377513
-0.582537 1.363149 1.398983 0.288453
-0.582272 1.396652 1.417362 0.303693
-0.579227 0.885541 1.757109 0.404777
-0.578963 1.396420 1.417277 0.303563
-0.577403 0.895687 1.682640 0.368879
-0.576254 0.878859 1.720891 0.388727
-0.575824 0.875456 1.729703 0.393532
-0.575616 0.879539 1.712565 0.384636
-0.575273 0.874726 1.730522 0.394002
-0.575071 1.396057 1.417181 0.303491
-0.575032 0.878715 1.722139 0.389353
-0.574643 0.879122 1.719684 0.388132
-0.574322 0.878430 1.723503 0.390034
-0.574098 0.878095 1.724966 0.390678
-0.573345 0.876405 1.728856 0.392768
-0.573116 0.879534 1.714647 0.385608
-0.572888 0.879457 1.718359 0.387400
-0.572252 0.874255 1.731265 0.394099
-0.571997 0.877738 1.726355 0.391358
-0.571801 1.377398 1.394360 0.296951
-0.571449 0.877198 1.727688 0.392066
-0.571068 0.872941 1.734109 0.395323
-0.571042 0.873721 1.731910 0.394382
-0.570761 0.651407 1.566356 0.376587
-0.570368 0.873387 1.732897 0.394791
-0.569972 1.395631 1.417003 0.303453
-0.569786 0.879902 1.710731 0.383673
-0.569545 1.363369 1.400278 0.289107
-0.569431 0.894523 1.683403 0.369319
-0.568467 0.879875 1.716685 0.386484
-0.563896 1.395083 1.416730 0.303455
-0.563843 0.873353 1.735276 0.396006
-0.563527 0.879926 1.708953 0.382759
-0.562001 0.893340 1.684121 0.369608
-0.559919 0.886030 1.755261 0.403869
-0.557418 1.376675 1.395590 0.297675
-0.556922 0.879951 1.707108 0.381861
-0.556518 1.394376 1.416520 0.303543
-0.556320 0.653140 1.565910 0.376036
-0.555912 1.363553 1.401589 0.289799
-0.555642 0.873806 1.736763 0.396653
-0.554656 0.892065 1.684757 0.370000
-0.551694 0.879639 1.705262 0.381008
-0.547978 1.393565 1.416308 0.303640
-0.547964 0.873871 1.738413 0.397403
-0.547018 0.890947 1.685599 0.370564
-0.546475 0.879410 1.703449 0.380166
-0.544415 1.376027 1.396872 0.298366
-0.541998 0.885218 1.753517 0.403176
-0.541884 1.363730 1.402956 0.290524
-0.541557 0.874636 1.739889 0.398119
-0.541057 0.654861 1.565796 0.375732
-0.540954 0.879278 1.701753 0.379384
-0.539615 0.889810 1.686557 0.371057
-0.537908 1.392971 1.416064 0.303674
-0.535929 0.875371 1.741337 0.398711
-0.534335 0.879142 1.700285 0.378651
-0.532610 0.888684 1.687643 0.371698
-0.532401 1.375647 1.398116 0.298990
-0.528587 0.875854 1.742544 0.399199
-0.527631 0.879378 1.699186 0.378034
-0.527487 1.363889 1.404428 0.291315
-0.527486 1.392267 1.415939 0.303747
-0.526877 0.656540 1.565094 0.374990
-0.526717 0.884007 1.752024 0.402640
-0.526478 0.887570 1.688864 0.372428
-0.522526 0.879807 1.698310 0.377463
-0.521498 0.876189 1.743484 0.399751
-0.521449 1.375401 1.399328 0.299546
-0.520514 0.886500 1.690224 0.373124
-0.519891 0.880436 1.697696 0.377040
-0.517205 0.876945 1.744504 0.400104
-0.516926 0.881232 1.697393 0.376774
-0.516573 1.391628 1.415709 0.303743
-0.515981 0.885545 1.691737 0.373884
-0.515146 0.882099 1.696874 0.376468
-0.514718 0.882969 1.750357 0.402060
-0.513509 0.882782 1.696281 0.376051
-0.513254 0.884604 1.693134 0.374613
-0.512930 0.658155 1.564204 0.374126
-0.512709 0.883343 1.695468 0.375605
-0.512244 0.883859 1.694395 0.375183
-0.512228 1.375336 1.400587 0.300120
-0.512218 1.363906 1.405956 0.292151
-0.511074 0.877405 1.745472 0.400513
-0.509676 0.879734 1.747796 0.401316
-0.508693 0.881210 1.749154 0.401743
-0.508560 0.878521 1.746525 0.400925
-0.505147 1.391071 1.415503 0.303743
-0.503840 1.375326 1.401717 0.300628
-0.498141 0.659677 1.563332 0.373210
-0.497092 1.375337 1.402771 0.301067
-0.495786 1.364019 1.407536 0.292963
-0.492993 1.390584 1.415367 0.303801
-0.491498 1.375475 1.403776 0.301441
-0.486008 1.375583 1.404637 0.301741
-0.482322 0.660968 1.562309 0.372182
-0.481765 1.375656 1.405456 0.302033
-0.479878 1.390241 1.415257 0.303898
-0.477900 1.364190 1.409117 0.293736
-0.477495 1.375732 1.406162 0.302298
-0.472962 1.375885 1.406828 0.302515
-0.467483 1.376052 1.407288 0.302663
-0.466078 0.662401 1.561466 0.371031
-0.465457 1.390028 1.415056 0.303907
-0.462390 1.376279 1.407600 0.302741
-0.458071 1.364096 1.410594 0.294462
-0.457640 1.376493 1.407805 0.302805
-0.452983 1.376641 1.407886 0.302844
-0.451543 1.390070 1.414995 0.303960
-0.448313 1.376789 1.407806 0.302879
-0.448284 0.663733 1.560785 0.369747
-0.442918 1.377080 1.407626 0.302845
-0.438966 1.390140 1.414862 0.303974
-0.438145 1.363762 1.412309 0.295334
-0.436687 1.377104 1.407257 0.302755
-0.430563 1.376816 1.406766 0.302640
-0.429186 0.665089 1.560278 0.368335
-0.427239 1.390226 1.414593 0.303959
-0.424120 1.376500 1.406210 0.302487
-0.417826 1.363166 1.413994 0.296203
-0.417029 1.390656 1.414337 0.303888
-0.416369 1.376178 1.405713 0.302320
-0.408466 0.666449 1.559838 0.366917
-0.406946 1.391185 1.414311 0.303847
-0.406457 1.375863 1.405425 0.302265
-0.397823 1.362413 1.415829 0.297124
-0.396139 1.391744 1.414258 0.303755
-0.395296 1.375455 1.405399 0.302390
-0.387213 1.392771 1.414167 0.303512
-0.385924 0.667834 1.559368 0.365479
-0.383446 1.375110 1.405707 0.302630
-0.377828 1.361143 1.417631 0.298079
-0.377686 1.393458 1.413892 0.303215
-0.372303 1.374533 1.406392 0.303112
-0.371182 1.394529 1.414008 0.302953
-0.366081 1.395441 1.414113 0.302657
-0.361681 0.669333 1.558807 0.364076
-0.361540 1.374242 1.407321 0.303627
-0.361165 1.396116 1.414271 0.302426
-0.358448 1.359552 1.419436 0.299058
-0.356731 1.396478 1.414343 0.302242
-0.352210 1.396443 1.414501 0.302229
-0.351988 1.373754 1.408402 0.304282
-0.349065 1.396348 1.414770 0.302327
-0.346524 1.396208 1.415037 0.302476
-0.344765 1.373262 1.409745 0.305044
-0.343817 1.396080 1.415200 0.302622
-0.341334 1.395827 1.415382 0.302838
-0.339484 1.357676 1.421111 0.300019
-0.338834 1.395422 1.415493 0.303106
-0.336491 0.671000 1.557882 0.362645
-0.335253 1.394935 1.415603 0.303310
-0.334750 1.372653 1.410806 0.305680
-0.331234 1.394386 1.415874 0.303568
-0.327358 1.393671 1.416259 0.303922
-0.323746 1.371945 1.411723 0.306285
-0.322223 1.392959 1.416746 0.304298
-0.320251 1.355437 1.422531 0.300915
-0.316887 1.392364 1.417363 0.304758
-0.312206 1.371158 1.412561 0.306839
-0.310236 0.672821 1.556730 0.361267
-0.310079 1.391724 1.417858 0.305256
-0.303042 1.352649 1.423847 0.301831
-0.301314 1.391070 1.418452 0.305831
-0.299392 1.370396 1.413158 0.307301
-0.290881 1.390341 1.419285 0.306494
-0.286290 1.349766 1.425292 0.302800
-0.285616 1.369817 1.413816 0.307790
-0.282172 0.674764 1.555488 0.360075
-0.277115 1.389652 1.419804 0.306951
-0.272292 1.346338 1.426317 0.303659
-0.270512 1.369297 1.414143 0.308108
-0.265135 1.388534 1.420425 0.307514
-0.261833 1.342666 1.427515 0.304654
-0.255361 1.368812 1.414627 0.308466
-0.252883 0.676748 1.554224 0.358786
-0.252598 1.387799 1.420303 0.307640
-0.249771 1.338973 1.428549 0.305576
-0.240928 1.368637 1.414591 0.308507
-0.237611 1.387396 1.419951 0.307586
-0.237108 1.335294 1.429534 0.306525
-0.227568 1.368970 1.414547 0.308442
-0.224843 1.386575 1.419249 0.307430
-0.224373 1.331537 1.430408 0.307486
-0.222746 0.678850 1.553049 0.357497
-0.216020 1.385050 1.418389 0.307323
-0.215592 1.369731 1.414526 0.308300
-0.207842 1.328066 1.431306 0.308411
-0.207432 1.383452 1.417623 0.307257
-0.205097 1.370785 1.414493 0.308078
-0.197962 1.381920 1.416529 0.307018
-0.196162 1.372195 1.414571 0.307856
-0.192211 0.680844 1.551641 0.356098
-0.190429 1.324690 1.432299 0.309404
-0.189472 1.380021 1.415645 0.306935
-0.186764 1.373631 1.414554 0.307578
-0.185815 1.377813 1.414743 0.306906
-0.181953 1.375603 1.414707 0.307286
-0.171016 1.321506 1.433216 0.310368
-0.160879 0.682746 1.550490 0.354777
-0.150913 1.318426 1.434174 0.311320
-0.130713 1.315436 1.435378 0.312403
-0.129302 0.684752 1.549615 0.353564
-0.111078 1.312452 1.436808 0.313621
-0.096857 0.686718 1.548851 0.352546
-0.091896 1.309662 1.438697 0.314969
-0.073509 1.306778 1.440612 0.316442
-0.064336 0.688897 1.548150 0.351591
-0.056203 1.304303 1.443108 0.318114
-0.040144 1.301500 1.445426 0.319758
-0.032822 0.691422 1.547300 0.350600
-0.021058 1.298907 1.447572 0.321291
-0.002274 1.296418 1.449891 0.322849
-0.001460 0.693976 1.546218 0.349587
0.014873 1.293502 1.452002 0.324414
0.029472 0.696807 1.545347 0.348654
0.032065 1.290215 1.453624 0.325866
0.051161 1.286890 1.454801 0.327144
0.060427 0.699645 1.544525 0.347883
0.072180 1.283631 1.455608 0.328255
0.092023 0.702243 1.543762 0.347121
0.094288 1.280448 1.456076 0.329242
0.117471 1.277418 1.456527 0.330163
0.122506 0.705044 1.543006 0.346466
0.139041 1.274086 1.456788 0.331097
0.152850 0.707818 1.543008 0.346150
0.160802 1.270817 1.457049 0.331948
0.181069 0.710812 1.542848 0.345801
0.183446 1.267770 1.457379 0.332802
0.204455 1.264622 1.457648 0.333598
0.208927 0.713670 1.542708 0.345475
0.223912 1.261549 1.457908 0.334362
0.236441 0.716163 1.543073 0.345412
0.242452 1.258699 1.458139 0.335040
0.259818 1.255977 1.458445 0.335740
0.261679 0.718724 1.543353 0.345190
0.277580 1.253607 1.458882 0.336393
0.285389 0.721105 1.543735 0.345090
0.293432 1.251340 1.459323 0.337025
0.307304 0.723556 1.544456 0.345030
0.308181 1.249236 1.459553 0.337513
0.321541 1.247194 1.459837 0.338025
0.328587 0.726013 1.545075 0.345004
0.334831 1.245299 1.460216 0.338517
0.347321 1.243412 1.460557 0.339005
0.347439 0.728690 1.545812 0.344971
0.359684 1.241638 1.460880 0.339424
0.363276 0.731651 1.546634 0.344857
0.371062 1.239803 1.461048 0.339765
0.376546 1.187684 1.412711 0.343125
0.376700 1.185786 1.412976 0.343609
0.377415 1.189300 1.411851 0.342424
0.377451 1.183745 1.413031 0.344006
0.378257 0.734477 1.547806 0.344933
0.378667 1.191079 1.411118 0.341733
0.380589 1.181798 1.412393 0.344053
0.381207 1.192807 1.410480 0.341064
0.382186 1.237947 1.461265 0.340151
0.383684 1.179731 1.411742 0.344116
0.384098 1.194667 1.410222 0.340497
0.386333 1.196313 1.409434 0.339696
0.389675 1.197855 1.408586 0.338868
0.390078 0.737627 1.548612 0.344785
0.390501 1.178278 1.410205 0.343669
0.393824 1.236181 1.461444 0.340452
0.394881 1.176101 1.409450 0.343724
0.394882 1.199370 1.407812 0.338086
0.398797 1.173871 1.409479 0.344126
0.399835 1.201007 1.407237 0.337503
0.400361 0.740851 1.548927 0.344302
0.404465 1.171768 1.409129 0.344369
0.405296 1.234441 1.461714 0.340765
0.406472 1.202602 1.406913 0.337154
0.410280 0.743959 1.548786 0.343626
0.412080 1.169800 1.409220 0.344788
0.413920 1.203962 1.406403 0.336809
0.416939 1.232711 1.462156 0.341130
0.420277 1.167966 1.409583 0.345301
0.420444 0.746725 1.547860 0.342762
0.422248 1.205143 1.405901 0.336509
0.429325 1.166231 1.409947 0.345805
0.429620 1.231069 1.462576 0.341506
0.430163 1.206284 1.405433 0.336193
0.431396 0.749018 1.546477 0.341730
0.438965 1.164426 1.410204 0.346263
0.441141 1.206251 1.405020 0.336066
0.441635 0.750968 1.544789 0.340649
0.442151 1.229423 1.462980 0.341907
0.449263 1.162709 1.410459 0.346707
0.451212 0.752753 1.543041 0.339607
0.451375 1.206788 1.404785 0.335830
0.455347 1.227819 1.463505 0.342383
0.459477 0.754366 1.541255 0.338516
0.461049 1.207125 1.404425 0.335511
0.461173 1.161209 1.410925 0.347203
0.466704 0.755810 1.539276 0.337459
0.468540 1.226142 1.463988 0.342925
0.471117 1.206975 1.404420 0.335417
0.474385 0.757150 1.537395 0.336451
0.475067 1.159837 1.411368 0.347678
0.480471 1.207350 1.404540 0.335250
0.481676 0.758429 1.535592 0.335338
0.482439 1.224564 1.464529 0.343573
0.488397 1.158517 1.412537 0.348465
0.488733 0.759559 1.533718 0.334342
0.489095 1.207866 1.404602 0.335010
0.496385 0.760620 1.531962 0.333337
0.497825 1.223109 1.464989 0.344259
0.498942 1.208014 1.404670 0.334812
0.503402 0.761600 1.530151 0.332251
0.504742 1.157429 1.413795 0.349260
0.505995 1.208917 1.404788 0.334484
0.511122 0.762398 1.528394 0.331272
0.514251 1.209598 1.405236 0.334310
0.514489 1.221876 1.465466 0.345028
0.518585 0.763187 1.526656 0.330274
0.521828 1.210498 1.405331 0.333945
0.522623 1.155605 1.414515 0.349952
0.526356 0.764116 1.525150 0.329269
0.527008 0.851331 1.505417 0.322230
0.527282 0.853371 1.507476 0.324172
0.527913 0.855209 1.509643 0.326106
0.529138 0.849071 1.503584 0.320226
0.530628 1.220453 1.465986 0.345990
0.531071 1.210713 1.405528 0.333702
0.531568 0.856674 1.511938 0.328005
0.532443 0.846708 1.501989 0.318190
0.533665 0.764790 1.523533 0.328380
0.535297 0.857989 1.514283 0.329806
0.536162 0.844073 1.500748 0.316290
0.539280 1.211152 1.405921 0.333491
0.540290 0.765701 1.522095 0.327502
0.542139 0.841476 1.499694 0.314337
0.543109 1.153606 1.415125 0.350630
0.543205 0.859135 1.516494 0.331504
0.545438 1.212299 1.406190 0.333115
0.546492 0.766424 1.520645 0.326644
0.547489 1.218992 1.466131 0.346924
0.550622 0.838925 1.498945 0.312527
0.550997 0.767235 1.519191 0.325801
0.553965 0.860327 1.518369 0.333006
0.555189 1.213284 1.406438 0.332706
0.555280 0.768221 1.517887 0.325037
0.559231 0.836369 1.498369 0.310832
0.560583 0.769206 1.516689 0.324394
0.564635 0.770215 1.515467 0.323848
0.564910 1.217623 1.466311 0.347909
0.565420 1.151582 1.416089 0.351455
0.567650 0.833727 1.498169 0.309360
0.568323 0.771273 1.514382 0.323268
0.568600 0.861062 1.519770 0.334458
0.568743 1.213701 1.407017 0.332505
0.571269 0.772303 1.513282 0.322632
0.573559 0.773364 1.512184 0.322112
0.575685 0.774402 1.511214 0.321497
0.576134 0.831233 1.497977 0.308036
0.577671 0.775525 1.510254 0.320803
0.579416 0.776783 1.509225 0.320080
0.581712 0.778320 1.508088 0.319149
0.583213 0.828744 1.497947 0.306977
0.583842 1.214420 1.407321 0.332106
0.584268 0.780258 1.506863 0.317996
0.584337 1.216906 1.466675 0.348825
0.587101 0.861016 1.519813 0.335614
0.587237 0.782598 1.505704 0.316725
0.589729 0.785204 1.504434 0.315319
0.590053 0.826341 1.497867 0.306094
0.590241 1.149460 1.417364 0.352423
0.592343 0.787966 1.503315 0.313859
0.594413 0.823942 1.497840 0.305464
0.594587 0.790704 1.502254 0.312456
0.595883 1.215892 1.408460 0.331872
0.597237 0.793519 1.501485 0.311186
0.598379 0.821612 1.497812 0.304942
0.599086 0.796249 1.500734 0.309975
0.600548 0.798927 1.500146 0.308823
0.600719 0.819291 1.497801 0.304633
0.601949 0.801594 1.499688 0.307828
0.602209 0.817088 1.497876 0.304581
0.603057 0.804126 1.499235 0.306949
0.603104 0.814984 1.497946 0.304621
0.603583 0.806478 1.498796 0.306158
0.603798 0.812938 1.498136 0.304744
0.603915 0.810887 1.498341 0.305072
0.604030 0.808753 1.498529 0.305549
0.604427 1.216292 1.466955 0.349827
0.605118 0.861031 1.519187 0.336673
0.610125 1.217463 1.408912 0.331325
0.614334 1.146450 1.418526 0.353518
0.618113 1.219766 1.408884 0.330370
0.622000 0.861328 1.518080 0.337684
0.625009 1.215707 1.467241 0.350866
0.631366 1.221267 1.409973 0.330022
0.638011 0.861643 1.516856 0.338874
0.641779 1.144037 1.420171 0.354713
0.645984 1.215218 1.467625 0.351926
0.646170 1.222108 1.411055 0.329771
0.652249 0.862179 1.515205 0.340112
0.661911 1.222605 1.411987 0.329501
0.666118 0.862847 1.513590 0.341303
0.667777 1.214460 1.467575 0.352834
0.668710 1.142537 1.422911 0.356234
0.678476 1.223118 1.412637 0.329113
0.679561 0.863544 1.512050 0.342466
0.689740 1.214014 1.467933 0.353820
0.692278 0.864362 1.510450 0.343614
0.693530 1.224343 1.412841 0.328411
0.697611 1.140570 1.424863 0.357484
0.704965 0.865226 1.508905 0.344674
0.709907 1.225162 1.412868 0.327642
0.712479 1.213548 1.467675 0.354489
0.717449 0.866265 1.507510 0.345584
0.724495 1.226132 1.412315 0.326627
0.724927 1.138875 1.427272 0.358877
0.729815 0.867411 1.506234 0.346460
0.734320 1.212463 1.467163 0.355199
0.738558 1.226823 1.411510 0.325527
0.742315 0.868532 1.504893 0.347105
0.750948 1.227778 1.410772 0.324405
0.754628 0.869692 1.503646 0.347515
0.754911 1.210920 1.466431 0.355919
0.755797 1.136698 1.427342 0.359336
0.764111 1.228362 1.410159 0.323388
0.767432 0.870781 1.502534 0.347879
0.775869 1.229128 1.409507 0.322369
0.777260 1.209858 1.466205 0.356648
0.780294 0.871673 1.501564 0.347887
0.782526 1.134834 1.429273 0.360517
0.786904 1.230124 1.409145 0.321390
0.793576 0.872397 1.500779 0.347731
0.796789 1.231157 1.408750 0.320390
0.799968 1.208910 1.466417 0.357493
0.806479 0.872933 1.499886 0.347436
0.808013 1.231750 1.408442 0.319481
0.809154 1.132310 1.430031 0.361293
0.817376 1.232651 1.408087 0.318501
0.820287 0.873402 1.499095 0.347083
0.821768 1.207934 1.467062 0.358523
0.825786 1.233676 1.407831 0.317544
0.834665 0.873719 1.498392 0.346849
0.835233 1.129856 1.430184 0.361792
0.837032 1.233950 1.407716 0.316734
0.843904 1.206596 1.467252 0.359397
0.846661 1.234523 1.407591 0.315880
0.849801 0.873947 1.497753 0.346603
0.855065 1.235119 1.407339 0.314939
0.860825 1.128068 1.431362 0.362583
0.864581 1.235325 1.407407 0.314134
0.864667 0.873961 1.497308 0.346423
0.865137 1.204832 1.466925 0.360120
0.868687 1.236328 1.407288 0.313248
0.872155 1.237218 1.407088 0.312318
0.877833 0.873852 1.496857 0.346321
0.879892 1.237348 1.407178 0.311414
0.885913 1.237915 1.407107 0.310424
0.886521 1.126160 1.431543 0.362925
0.886937 1.203378 1.466923 0.360868
0.888524 0.873537 1.496474 0.346257
0.890602 1.238631 1.406943 0.309363
0.897839 0.873254 1.496337 0.346325
0.898147 1.238878 1.406850 0.308292
0.904742 1.123014 1.431649 0.363431
0.905349 0.873025 1.496180 0.346375
0.906771 1.238854 1.407130 0.307214
0.907471 1.201701 1.466578 0.361484
0.910436 1.239717 1.407030 0.306066
0.910928 0.872817 1.496151 0.346471
0.913125 1.240548 1.406890 0.305004
0.916089 0.872608 1.496174 0.346617
0.919189 1.119670 1.432156 0.364105
0.921318 1.240521 1.407115 0.303824
0.922277 0.872365 1.496225 0.346729
0.928667 1.200691 1.466332 0.361962
0.930008 0.872008 1.496344 0.346806
0.930384 1.240415 1.407467 0.302685
0.931819 1.116369 1.432898 0.364830
0.938734 0.871481 1.496548 0.346883
0.939923 1.240617 1.407478 0.301418
0.942784 1.113069 1.433922 0.365644
0.946377 1.199305 1.466017 0.362452
0.947412 0.870791 1.496654 0.346941
0.950723 1.109676 1.434990 0.366434
0.951967 1.240972 1.408056 0.300323
0.955227 1.106313 1.436265 0.367271
0.956629 0.870022 1.496862 0.347017
0.956712 1.086291 1.441890 0.371858
0.957448 1.083204 1.442587 0.372672
0.957696 1.089430 1.441055 0.371051
0.957706 1.102816 1.437218 0.368013
0.958479 1.092708 1.440246 0.370316
0.958819 1.080371 1.443442 0.373606
0.958866 1.099434 1.438377 0.368817
0.959316 1.077594 1.443814 0.374470
0.959389 1.096083 1.439418 0.369576
0.960344 1.075019 1.444383 0.375373
0.960879 1.072670 1.445047 0.376231
0.961436 1.070437 1.445683 0.377024
0.962162 1.068313 1.446336 0.377768
0.962556 1.198336 1.465949 0.362895
0.963163 1.066273 1.446978 0.378475
0.963680 1.064178 1.447497 0.379138
0.964078 1.062140 1.448137 0.379824
0.964832 1.060129 1.448901 0.380570
0.964847 1.241428 1.407889 0.299089
0.965955 1.057984 1.449353 0.381198
0.966548 0.869006 1.497182 0.347131
0.967710 1.055807 1.449859 0.381826
0.970196 1.053536 1.450117 0.382362
0.971536 1.243340 1.408134 0.297951
0.973554 1.051175 1.450246 0.382835
0.975703 1.197458 1.465625 0.363195
0.977362 1.048672 1.450358 0.383312
0.977725 0.867935 1.497614 0.347240
0.982057 1.045965 1.450450 0.383883
0.986067 1.244121 1.407935 0.296735
0.986215 1.197224 1.465282 0.363341
0.988074 1.043069 1.450682 0.384581
0.990042 0.866778 1.498086 0.347312
0.994531 1.196879 1.465084 0.363495
0.995162 1.039842 1.450919 0.385394
1.001465 1.244913 1.407995 0.295527
1.002990 1.196587 1.464875 0.363602
1.003491 0.865621 1.498628 0.347335
1.004599 1.036354 1.451398 0.386392
1.012547 1.196214 1.464679 0.363681
1.013913 1.246517 1.408254 0.294358
1.015556 1.032578 1.451768 0.387416
1.016848 0.864455 1.499154 0.347401
1.024225 1.195801 1.464485 0.363710
1.029276 1.247310 1.407722 0.293006
1.029304 0.863182 1.499726 0.347678
1.031630 1.028784 1.451960 0.388326
1.037299 1.195099 1.464237 0.363734
1.041981 0.861978 1.500230 0.347950
1.045773 1.247935 1.407321 0.291683
1.048695 1.024750 1.452580 0.389463
1.051476 1.194417 1.463988 0.363707
1.054104 0.860885 1.500686 0.348230
1.060233 1.249369 1.407243 0.290347
1.065533 0.859970 1.501101 0.348449
1.066316 1.194185 1.463561 0.363484
1.068693 1.020657 1.453094 0.390563
1.075769 0.859165 1.501417 0.348689
1.077421 1.249893 1.406727 0.288947
1.081400 1.193982 1.463455 0.363358
1.084920 0.858565 1.501722 0.348953
1.091316 1.016623 1.453476 0.391604
1.092155 1.251400 1.406493 0.287540
1.093253 0.858015 1.502036 0.349240
1.095765 1.193736 1.463223 0.363151
1.101352 0.857514 1.502279 0.349588
1.108852 0.856946 1.502488 0.349960
1.109294 1.252059 1.405957 0.286118
1.109957 1.193597 1.463150 0.362959
1.116399 0.856378 1.502878 0.350419
1.116663 1.012717 1.453922 0.392608
1.123462 1.193711 1.463422 0.362840
1.124275 0.855720 1.503314 0.350854
1.124914 1.206949 1.459489 0.350637
1.126431 1.204528 1.460097 0.352134
1.126669 1.252648 1.405295 0.284648
1.129004 1.202170 1.460983 0.353684
1.131998 0.854852 1.503826 0.351324
1.134492 1.200001 1.462076 0.355208
1.137034 1.193679 1.463496 0.362646
1.138310 1.197411 1.462580 0.356404
1.138780 0.853804 1.504507 0.351958
1.140644 1.207721 1.458638 0.349206
1.142332 1.008931 1.454556 0.393681
1.143065 1.253169 1.404360 0.283130
1.144857 1.195145 1.463391 0.357581
1.145619 0.852663 1.505269 0.352644
1.147703 1.210215 1.458892 0.348008
1.150752 1.193291 1.463388 0.362433
1.151258 1.192956 1.464112 0.358647
1.153344 0.851443 1.506148 0.353303
1.155296 1.212782 1.459079 0.346935
1.157145 1.190676 1.464223 0.359389
1.160272 1.253889 1.403839 0.281795
1.160422 0.850110 1.507227 0.354122
1.164415 1.004678 1.455089 0.394793
1.164830 1.215177 1.459387 0.346000
1.164844 1.193576 1.463645 0.362220
1.168115 1.188883 1.464095 0.359862
1.168617 0.848689 1.508363 0.355004
1.175938 1.217396 1.460033 0.345293
1.177284 1.253516 1.402796 0.280550
1.178611 0.847145 1.509504 0.355824
1.179399 1.187254 1.463976 0.360237
1.179707 1.193533 1.463611 0.361926
1.185784 1.219803 1.460725 0.344696
1.188500 0.845545 1.510838 0.356838
1.189089 1.185419 1.463761 0.360549
1.189333 1.000811 1.455406 0.395713
1.194075 1.253699 1.401804 0.279314
1.195731 1.193517 1.463852 0.361701
1.197270 1.222011 1.461377 0.344143
1.201359 1.184386 1.464804 0.361204
1.202321 0.844262 1.512244 0.357815
1.209739 1.224054 1.460741 0.343199
1.212264 1.193307 1.463704 0.361393
1.212890 1.253851 1.401587 0.278358
1.216896 0.997522 1.455898 0.396606
1.217216 1.184417 1.465321 0.361519
1.217397 0.842684 1.513449 0.358742
1.221616 1.226555 1.461026 0.342639
1.226167 1.192201 1.462973 0.361013
1.231611 1.253678 1.401380 0.277519
1.232845 1.184043 1.465546 0.361759
1.233661 1.229168 1.460849 0.341921
1.233739 0.841493 1.514938 0.359789
1.240921 1.191164 1.462932 0.360947
1.243760 0.994398 1.456694 0.397597
1.248725 1.184160 1.465531 0.361789
1.248914 1.231620 1.461611 0.341620
1.249107 1.252962 1.400849 0.276677
1.251348 0.840325 1.516268 0.360748
1.253392 1.189776 1.462632 0.360803
1.263549 1.183965 1.466167 0.362121
1.264952 1.188771 1.463606 0.361121
1.267500 1.252776 1.400616 0.275964
1.269560 0.991497 1.457895 0.398734
1.269778 0.839309 1.517509 0.361672
1.270443 1.233087 1.462079 0.341383
1.277270 1.187775 1.463991 0.361204
1.278034 1.184068 1.467093 0.362504
1.283805 1.235990 1.463119 0.341243
1.285829 1.252330 1.400289 0.275225
1.288519 1.186879 1.464650 0.361414
1.289609 0.838546 1.518501 0.362441
1.290147 1.183699 1.468356 0.363082
1.292121 0.987936 1.457955 0.399473
1.299580 1.238812 1.463486 0.340831
1.300263 1.186317 1.465433 0.361643
1.302818 1.183540 1.469508 0.363562
1.305231 1.252541 1.400273 0.274664
1.309421 0.838019 1.519639 0.363166
1.310962 0.984845 1.459811 0.400918
1.312622 1.185842 1.466226 0.361854
1.315352 1.184656 1.469754 0.363428
1.316790 1.184939 1.467802 0.362602
1.317823 1.241159 1.464419 0.340752
1.324973 1.252705 1.400354 0.274281
1.325939 0.981782 1.462056 0.402535
1.329745 0.837784 1.520632 0.363797
1.334847 1.243572 1.464623 0.340346
1.336393 0.978518 1.464365 0.404218
1.345085 1.252717 1.400093 0.273712
1.346440 0.975381 1.466631 0.405823
1.350623 0.837754 1.521530 0.364306
1.352062 1.245419 1.463904 0.339643
1.355609 0.972495 1.469126 0.407475
1.362994 0.968868 1.470600 0.408766
1.365751 1.252577 1.400176 0.273195
1.366742 1.246924 1.462626 0.338799
1.368903 0.965293 1.471795 0.409941
1.371330 0.837638 1.522459 0.364887
1.371942 0.961649 1.472509 0.410912
1.375331 0.958140 1.472867 0.411680
1.377330 0.954712 1.472937 0.412314
1.379678 1.247908 1.461115 0.337932
1.380447 0.951373 1.472813 0.412822
1.382554 0.948080 1.472648 0.413291
1.383642 0.944803 1.472723 0.413936
1.383887 0.941473 1.472633 0.414561
1.384802 0.938083 1.472874 0.415362
1.385145 0.934515 1.473013 0.416211
1.385711 0.930787 1.473406 0.417145
1.386139 0.926991 1.473970 0.418152
1.386454 0.923263 1.474818 0.419273
1.386759 1.252702 1.400289 0.272495
1.386795 0.919709 1.475771 0.420366
1.386985 0.916278 1.476611 0.421384
1.387025 0.913096 1.477522 0.422385
1.387161 0.910091 1.478352 0.423322
1.387790 0.907302 1.479203 0.424207
1.388848 1.249112 1.459529 0.337050
1.389299 0.904773 1.480011 0.425007
1.390633 0.902452 1.480596 0.425686
1.392405 0.900458 1.481240 0.426328
1.392495 0.837994 1.523305 0.365229
1.394226 0.898647 1.481877 0.426951
1.396209 0.897019 1.482530 0.427551
1.396395 1.250201 1.458062 0.336251
1.397716 0.895555 1.483259 0.428159
1.399184 0.894161 1.483898 0.428743
1.401116 0.892930 1.484543 0.429298
1.401198 0.885784 1.489235 0.432086
1.401325 0.882879 1.491040 0.433524
1.401359 0.885138 1.489789 0.432418
1.401633 0.884220 1.490339 0.432883
1.401745 0.886447 1.488791 0.431834
1.401940 0.881436 1.491994 0.434272
1.402019 0.879635 1.492821 0.435024
1.402227 0.887161 1.488314 0.431561
1.402840 0.891769 1.485251 0.429800
1.402889 0.887893 1.487794 0.431297
1.403436 0.890690 1.485939 0.430259
1.403602 0.888763 1.487274 0.431007
1.403639 0.889695 1.486648 0.430667
1.403951 0.877806 1.493798 0.435835
1.404128 1.250991 1.456662 0.335519
1.406031 0.875790 1.494482 0.436552
1.406034 0.846408 1.498606 0.445919
1.406130 0.850852 1.498628 0.444833
1.406713 0.852896 1.498094 0.444051
1.407788 0.848656 1.498777 0.445453
1.408060 0.873780 1.495064 0.437235
1.408138 1.252668 1.400841 0.271876
1.409352 0.854874 1.497591 0.443292
1.409598 1.252013 1.455419 0.334824
1.409666 0.871783 1.495561 0.437905
1.413001 0.869904 1.496042 0.438555
1.413033 0.838001 1.524457 0.365754
1.413857 0.856712 1.497068 0.442543
1.414712 1.252939 1.454196 0.334165
1.415407 0.868061 1.496384 0.439204
1.416557 0.866209 1.496631 0.439845
1.416887 0.858628 1.496849 0.441930
1.416985 0.860571 1.496873 0.441442
1.417118 0.864340 1.496715 0.440376
1.417770 0.862469 1.496791 0.440918
1.418467 0.845066 1.497954 0.445990
1.419079 1.253973 1.453141 0.333556
1.424151 1.254945 1.452209 0.333010
1.429202 1.252746 1.401323 0.271155
1.429253 1.255797 1.451173 0.332425
1.432977 0.844413 1.497146 0.445824
1.433465 0.838111 1.525622 0.366248
1.433733 1.256825 1.450373 0.331944
1.437869 1.258088 1.450030 0.331607
1.442401 1.259341 1.449614 0.331273
1.447508 1.260424 1.448874 0.330858
1.448231 0.844114 1.496339 0.445563
1.450105 1.252272 1.401967 0.270578
1.451795 1.261680 1.448231 0.330490
1.452944 0.838612 1.526950 0.366592
1.457586 1.262943 1.447610 0.330172
1.462778 0.843348 1.495536 0.445369
1.467935 1.263556 1.447197 0.329889
1.470128 1.252021 1.402895 0.270071
1.472392 0.839294 1.528120 0.366722
1.477711 1.264255 1.446508 0.329513
1.478657 0.843153 1.496022 0.445575
1.487600 1.264916 1.445667 0.329162
1.489560 1.251652 1.403731 0.269673
1.490882 0.839855 1.529401 0.366998
1.494582 0.842975 1.496030 0.445555
1.498143 1.265580 1.444872 0.328779
1.507445 1.250618 1.404175 0.269400
1.508611 0.840558 1.530644 0.367155
1.508985 1.265913 1.443862 0.328361
1.509475 0.842910 1.495274 0.445166
1.520118 1.266526 1.442946 0.327890
1.522080 1.247601 1.406282 0.269570
1.522171 1.243294 1.408797 0.270486
1.522942 1.245398 1.407593 0.269983
1.524498 1.249867 1.405035 0.269110
1.525320 0.842944 1.495661 0.445225
1.526109 0.841354 1.531761 0.367221
1.531082 1.267177 1.441984 0.327257
1.533275 1.242584 1.410490 0.270682
1.536592 1.230142 1.451165 0.281732
1.537282 1.229160 1.449965 0.281062
1.540982 0.842820 1.496169 0.445308
1.542323 1.229840 1.448765 0.280011
1.542726 0.842234 1.532822 0.367211
1.542729 1.267707 1.441101 0.326551
1.543581 1.241769 1.412149 0.271035
1.543623 1.229649 1.451951 0.282671
1.545621 1.228754 1.447595 0.279455
1.546021 1.240434 1.413901 0.271900
1.547972 1.227756 1.446506 0.279041
1.550130 1.226709 1.445536 0.278752
1.550549 1.229593 1.452160 0.283408
1.550705 1.238946 1.415490 0.272812
1.551581 1.230204 1.452547 0.284218
1.551976 1.225744 1.444520 0.278521
1.554656 1.268448 1.440448 0.325726
1.554800 1.254159 1.444363 0.277823
1.555360 1.253651 1.444479 0.278464
1.555876 1.254473 1.444374 0.277127
1.556432 1.254698 1.444584 0.276574
1.556782 0.842807 1.496787 0.445373
1.556853 1.230292 1.452623 0.285088
1.557414 1.255082 1.444662 0.276123
1.558785 0.843106 1.533825 0.367107
1.558928 1.255664 1.444579 0.275705
1.559746 1.253314 1.444749 0.279022
1.560747 1.256532 1.444295 0.275347
1.561625 1.225709 1.444138 0.278259
1.563211 1.257568 1.443954 0.275194
1.563259 1.237645 1.416488 0.273277
1.564268 1.258363 1.442759 0.275298
1.564819 1.269511 1.439713 0.324809
1.565288 1.253018 1.444963 0.279612
1.566140 1.224660 1.443172 0.277906
1.566322 1.230510 1.452296 0.285796
1.567607 1.259640 1.442236 0.275652
1.569700 1.260952 1.441280 0.276316
1.570131 1.252592 1.445220 0.280484
1.570368 1.223502 1.442034 0.277540
1.570407 1.262493 1.440294 0.277402
1.572434 0.842616 1.497559 0.445484
1.573683 0.843984 1.534968 0.366896
1.574665 1.222278 1.440844 0.277191
1.575533 1.270317 1.438926 0.323823
1.576376 1.230477 1.452235 0.287017
1.577128 1.263870 1.439695 0.278997
1.577347 1.252335 1.445417 0.281021
1.577646 1.236233 1.417114 0.273532
1.578852 1.221056 1.439577 0.276777
1.582878 1.265243 1.438108 0.280513
1.583169 1.219920 1.438222 0.276331
1.583715 1.252134 1.445411 0.281432
1.586021 1.271230 1.438422 0.322947
1.586400 1.267360 1.436432 0.284899
1.586648 1.230689 1.452239 0.288138
1.587626 0.844881 1.536088 0.366593
1.587882 1.219054 1.436646 0.275648
1.588585 1.265518 1.438477 0.283412
1.588731 0.842404 1.498046 0.445404
1.589223 1.234053 1.416907 0.273568
1.589621 1.252051 1.445233 0.281678
1.592998 1.218194 1.434942 0.275053
1.593546 1.252142 1.445066 0.281947
1.593682 1.272242 1.437817 0.322082
1.595678 1.269586 1.435366 0.287210
1.596844 1.230807 1.452163 0.288958
1.596845 1.252260 1.444918 0.282030
1.597268 1.217535 1.433059 0.274513
1.600251 1.252412 1.444794 0.282076
1.600401 1.217224 1.431007 0.274055
1.600522 0.845918 1.537103 0.366222
1.600616 1.273287 1.437680 0.321422
1.601490 1.274713 1.430268 0.293601
1.602102 1.230447 1.452775 0.290254
1.603502 1.228424 1.457153 0.293285
1.603725 1.252502 1.444674 0.282066
1.604326 0.842431 1.499056 0.445412
1.605319 1.232510 1.416597 0.273341
1.605684 1.271826 1.433652 0.289369
1.605916 1.274193 1.437516 0.320876
1.606351 1.217102 1.429014 0.273723
1.606974 1.252206 1.444337 0.281916
1.610335 1.274949 1.437482 0.320439
1.610568 1.230138 1.415239 0.272814
1.611582 1.230262 1.453027 0.290833
1.612411 1.229258 1.456064 0.292599
1.612569 0.847017 1.538052 0.365871
1.613355 1.252195 1.444298 0.281791
1.613778 1.229761 1.454421 0.291763
1.614451 1.275921 1.428895 0.295624
1.614474 1.275253 1.437254 0.320062
1.615326 1.218072 1.427416 0.273550
1.616978 1.273586 1.431410 0.291326
1.617485 1.275399 1.436952 0.319784
1.617636 1.228783 1.457229 0.293055
1.618819 1.275486 1.436694 0.319622
1.619288 1.275513 1.436412 0.319522
1.620224 1.275555 1.436167 0.319458
1.620495 1.251878 1.444601 0.281876
1.621010 0.842508 1.498783 0.444854
1.621385 1.218480 1.425221 0.273461
1.621522 1.275676 1.435857 0.319408
1.623249 1.275811 1.435424 0.319334
1.623924 0.848042 1.539048 0.365674
1.625507 1.276761 1.427354 0.297278
1.625952 1.276426 1.435334 0.319336
1.627133 1.228674 1.415250 0.272439
1.627652 1.230197 1.456773 0.292480
1.628607 1.219582 1.423269 0.273409
1.629016 1.251672 1.444760 0.281833
1.630102 1.276727 1.434796 0.319168
1.632107 1.225999 1.415437 0.272441
1.634146 1.277552 1.434533 0.318960
1.634761 0.849103 1.540020 0.365401
1.635280 1.220812 1.421234 0.273361
1.635502 1.277666 1.426145 0.298835
1.635807 1.223740 1.416903 0.272708
1.637084 1.278395 1.433776 0.318439
1.637390 1.222073 1.418945 0.273066
1.637640 1.251555 1.444916 0.281727
1.637947 1.231672 1.456153 0.291857
1.638416 0.842316 1.499168 0.444551
1.640120 1.250474 1.444593 0.281837
1.641630 1.279530 1.433449 0.318059
1.645184 0.850200 1.541068 0.365039
1.645224 1.278306 1.425283 0.300260
1.646577 1.280748 1.433083 0.317589
1.648486 1.233125 1.455346 0.291075
1.648547 1.250450 1.444705 0.281827
1.652007 1.281616 1.432048 0.316949
1.652569 1.279308 1.424186 0.301576
1.654782 0.842952 1.498751 0.443740
1.655237 0.851463 1.542116 0.364652
1.657542 1.250012 1.445181 0.282211
1.659361 1.234790 1.454815 0.290420
1.659969 1.279579 1.422895 0.302698
1.660134 1.282287 1.430974 0.316288
1.665353 0.852866 1.543170 0.364099
1.665800 1.236916 1.453874 0.289466
1.666218 1.283298 1.429718 0.315536
1.667571 1.248786 1.444941 0.282442
1.668958 1.280120 1.422334 0.303830
1.671507 0.843556 1.498203 0.442852
1.674650 1.238926 1.452839 0.288479
1.675025 1.284778 1.429062 0.314945
1.675331 0.854376 1.544311 0.363544
1.678423 1.280971 1.421523 0.304570
1.682735 1.248226 1.445006 0.282569
1.682908 1.246209 1.446440 0.283707
1.683514 1.241149 1.452063 0.287534
1.684401 1.286286 1.428381 0.314340
1.685122 1.244247 1.448172 0.284996
1.686302 0.855912 1.545368 0.362880
1.687156 1.282296 1.420697 0.305120
1.687343 1.243368 1.450689 0.286332
1.689396 0.843723 1.497717 0.441991
1.689521 1.284595 1.420061 0.305543
1.693241 1.287839 1.427457 0.313704
1.694815 1.287167 1.419512 0.305765
1.697980 0.857589 1.546146 0.362288
1.703551 0.845105 1.496945 0.440760
1.703833 1.289202 1.426291 0.313075
1.705157 1.289814 1.418950 0.305857
1.710254 0.859361 1.546695 0.361613
1.713574 0.847042 1.496015 0.439368
1.717132 1.290275 1.425089 0.312412
1.722754 0.861234 1.546860 0.361044
1.722832 0.849131 1.495236 0.437944
1.724512 1.292441 1.424404 0.311750
1.725860 1.290866 1.418669 0.306301
1.730928 0.851442 1.494614 0.436509
1.734702 0.863203 1.546634 0.360425
1.734975 1.293395 1.418855 0.306562
1.735516 1.294039 1.423799 0.311197
1.737158 0.853921 1.494151 0.435056
1.738359 0.869705 1.491689 0.423543
1.739102 0.872008 1.491499 0.421745
1.739628 0.867491 1.491898 0.425320
1.740223 1.295299 1.422668 0.310495
1.740677 0.865291 1.492117 0.427021
1.741714 0.874411 1.491591 0.420019
1.742161 0.856284 1.493607 0.433501
1.742655 0.876875 1.491672 0.418209
1.743157 0.863153 1.492489 0.428725
1.743184 1.295178 1.419301 0.307100
1.744566 0.860956 1.492827 0.430403
1.744964 0.858655 1.493218 0.431988
1.746613 0.865210 1.546301 0.359870
1.746716 1.295786 1.421828 0.309913
1.746995 0.879298 1.491954 0.416489
1.747582 1.295915 1.420859 0.309366
1.750734 1.295835 1.419719 0.307707
1.751476 0.881743 1.492276 0.414723
1.752304 1.296298 1.420523 0.308434
1.752597 1.296460 1.421131 0.309077
1.757618 0.867377 1.546014 0.359342
1.758201 0.884166 1.492643 0.412959
1.767539 0.886576 1.493138 0.411276
1.768120 0.869593 1.545769 0.358764
1.776738 0.889047 1.493374 0.409361
1.778476 0.871842 1.545695 0.358302
1.787397 0.874207 1.545404 0.357711
1.787575 0.891458 1.493792 0.407556
1.796198 0.876709 1.545478 0.357261
1.797319 0.893850 1.494299 0.405797
1.803853 0.879349 1.545668 0.356898
1.806766 0.896099 1.494428 0.403924
1.811582 0.882067 1.545921 0.356478
1.817143 0.898174 1.494748 0.402099
1.817995 0.884933 1.546404 0.356160
1.823243 0.887880 1.547048 0.355821
1.825474 0.900271 1.494828 0.400214
1.826751 0.890919 1.547709 0.355469
1.830412 0.894012 1.548352 0.355171
1.833819 0.897194 1.548891 0.354889
1.835331 0.902226 1.495335 0.398461
1.840151 0.900377 1.549323 0.354465
1.845360 0.903959 1.495604 0.396689
1.848107 0.903628 1.549499 0.353962
1.853363 0.905658 1.496148 0.395028
1.855239 0.907027 1.549247 0.353284
1.862587 0.906949 1.496774 0.393466
1.863778 0.910424 1.548799 0.352416
1.872035 0.907965 1.497419 0.392032
1.872959 0.913886 1.547984 0.351560
1.880140 0.908868 1.498095 0.390638
1.882762 0.917354 1.547001 0.350502
1.886582 0.909713 1.498729 0.389251
1.892145 0.910546 1.499149 0.388027
1.892257 0.920842 1.545993 0.349408
1.897361 0.911398 1.499456 0.386951
1.901780 0.924360 1.545076 0.348449
1.903343 0.912209 1.500023 0.386181
1.909035 0.913305 1.500153 0.385446
1.910027 0.927814 1.544136 0.347342
1.914817 0.914634 1.500313 0.384854
1.918644 0.931243 1.543311 0.346346
1.922596 0.915813 1.500582 0.384517
1.926239 0.934704 1.542449 0.345306
1.930440 0.917108 1.500840 0.384312
1.933091 0.938136 1.541532 0.344199
1.938850 0.941585 1.540634 0.343191
1.939284 0.918276 1.501107 0.384237
1.942821 0.944902 1.539763 0.342157
1.947612 0.948025 1.539139 0.341135
1.947802 0.919474 1.500920 0.384072
1.950781 0.951087 1.538565 0.340341
1.954795 0.953887 1.537995 0.339437
1.956481 0.920555 1.500613 0.383994
1.958933 1.063698 1.521693 0.308976
1.958982 0.956576 1.537574 0.338591
1.959628 1.068453 1.520816 0.307773
1.960327 0.996538 1.515117 0.335668
1.960578 0.993240 1.515616 0.337042
1.960611 0.991511 1.515875 0.337492
1.961069 0.994964 1.515473 0.336497
1.961374 0.998012 1.514919 0.334700
1.961646 0.987968 1.516458 0.337997
1.961746 0.986245 1.516781 0.338465
1.961816 0.999325 1.514587 0.333866
1.961899 1.001788 1.513650 0.332329
1.962150 0.989751 1.516194 0.337667
1.962267 1.000571 1.514164 0.333092
1.962539 0.959169 1.537086 0.337845
1.962724 1.058851 1.521902 0.309992
1.962809 1.003092 1.512988 0.331565
1.963580 1.072864 1.519229 0.306396
1.963801 0.982701 1.517404 0.339692
1.963813 0.984513 1.517172 0.339022
1.963846 0.980966 1.517757 0.340640
1.964047 0.977169 1.517680 0.342863
1.964194 0.979123 1.517804 0.341649
1.964511 1.004490 1.512200 0.330687
1.964613 0.921518 1.499899 0.383837
1.965385 0.975113 1.517268 0.344367
1.965651 0.973016 1.516278 0.345949
1.966560 0.961629 1.536706 0.337032
1.967685 0.970828 1.515113 0.347780
1.967711 1.005891 1.511013 0.329683
1.968128 1.076862 1.517066 0.304891
1.968339 1.054030 1.521968 0.310926
1.969837 0.964090 1.536258 0.336223
1.970154 1.007278 1.509523 0.328693
1.970971 0.968557 1.513834 0.349811
1.972408 0.966638 1.535783 0.335451
1.973776 0.922299 1.499058 0.383696
1.973803 1.008588 1.508090 0.327576
1.974680 0.969329 1.535281 0.334623
1.974865 1.049285 1.521901 0.311864
1.975538 0.966205 1.512535 0.351896
1.976176 1.080487 1.514674 0.303371
1.976984 1.009840 1.506626 0.326432
1.978129 0.972181 1.534802 0.333610
1.980079 1.083853 1.511924 0.301821
1.980497 0.975223 1.534185 0.332546
1.980786 1.044639 1.521465 0.312683
1.981142 1.011197 1.505354 0.325336
1.982640 0.923065 1.498174 0.383511
1.982915 0.978383 1.533557 0.331383
1.983340 0.963956 1.511238 0.353984
1.985360 0.981654 1.532720 0.330122
1.985418 1.040063 1.521002 0.313394
1.986014 1.012572 1.504136 0.324403
1.986638 1.087053 1.509280 0.300286
1.987690 0.985077 1.531906 0.328900
1.988781 1.090045 1.506310 0.298847
1.990357 1.014083 1.503129 0.323459
1.990604 0.961718 1.509868 0.356076
1.991167 1.035555 1.520939 0.314254
1.991338 0.988658 1.531087 0.327614
1.992583 0.923577 1.497561 0.383418
1.994818 0.992458 1.530078 0.326265
1.995163 1.093080 1.503686 0.297469
1.995219 1.015738 1.502253 0.322639
1.995488 1.031104 1.520956 0.315156
1.998537 0.996353 1.528851 0.324839
1.998896 1.017572 1.501364 0.321835
2.000332 0.959684 1.508660 0.358113
2.000552 1.026682 1.521347 0.316073
2.000754 0.924281 1.496734 0.383242
2.001139 1.000473 1.527615 0.323557
2.001485 1.095844 1.500917 0.296107
2.003189 1.019572 1.500654 0.321150
2.003468 1.098570 1.498088 0.294817
2.003496 1.114579 1.469703 0.283066
2.003932 1.022189 1.521945 0.317141
2.004105 1.004698 1.526327 0.322233
2.004483 1.113213 1.475322 0.285136
2.004667 1.017694 1.522604 0.318287
2.004711 1.008891 1.524823 0.320844
2.005098 1.013272 1.523664 0.319562
2.005586 1.021699 1.500013 0.320513
2.006233 1.047752 1.497642 0.316296
2.006346 1.114028 1.472523 0.284057
2.006896 1.050507 1.496729 0.315591
2.007799 1.042088 1.498036 0.317086
2.007934 1.113823 1.466922 0.282328
2.008074 1.023982 1.499548 0.319997
2.008243 1.039284 1.498014 0.317384
2.008272 1.044894 1.498017 0.316755
2.008512 1.036503 1.498102 0.317700
2.008722 0.924984 1.496056 0.383161
2.008828 1.111999 1.478055 0.286221
2.009058 1.052790 1.495146 0.314643
2.009106 1.100968 1.495202 0.293497
2.009108 1.033739 1.498249 0.318082
2.009989 0.957829 1.507561 0.360178
2.010707 1.026279 1.499118 0.319422
2.011051 1.110595 1.480836 0.287384
2.011189 1.112581 1.464240 0.281771
2.011232 1.103197 1.492225 0.292242
2.011717 1.105171 1.489241 0.290985
2.011789 1.108996 1.483611 0.288595
2.011861 1.028602 1.498662 0.318860
2.011928 1.031139 1.498450 0.318480
2.012849 1.071059 1.457347 0.292659
2.013178 1.070101 1.458469 0.293056
2.013300 1.107073 1.486382 0.289724
2.013553 1.054447 1.493125 0.313675
2.013633 1.071989 1.456187 0.292252
2.013638 1.069168 1.459538 0.293570
2.014415 1.068269 1.460790 0.294204
2.014520 1.111166 1.461645 0.281295
2.015563 1.067383 1.461996 0.294840
2.015643 0.925924 1.495364 0.383070
2.015789 1.072965 1.455051 0.291698
2.017479 1.055700 1.490998 0.312723
2.017599 1.066564 1.463136 0.295534
2.019672 1.074001 1.454075 0.290987
2.020151 1.065637 1.464455 0.296340
2.021248 1.109611 1.459329 0.280934
2.021357 1.064792 1.465973 0.297305
2.021492 1.056624 1.488812 0.311853
2.022171 0.956405 1.506495 0.362108
2.023675 1.063974 1.467646 0.298378
2.024963 0.926597 1.494977 0.383075
2.025018 1.057357 1.486695 0.310985
2.025121 1.075060 1.453290 0.290095
2.026838 1.063018 1.469367 0.299463
2.027733 1.107807 1.457130 0.280705
2.028352 1.057972 1.484708 0.309957
2.028562 1.062106 1.471200 0.300594
2.030144 1.061392 1.473131 0.301793
2.030302 1.058427 1.482843 0.308757
2.030368 1.060653 1.474972 0.303004
2.030713 1.058836 1.481119 0.307504
2.030746 1.076376 1.452412 0.289174
2.031038 1.059733 1.478163 0.305256
2.031107 1.060189 1.476677 0.304159
2.031787 1.059348 1.479587 0.306334
2.032644 0.954853 1.505292 0.363994
2.032922 0.927513 1.494392 0.383034
2.034229 1.105899 1.454968 0.280489
2.037320 1.077883 1.451472 0.288158
2.038206 0.953070 1.503400 0.365659
2.040313 1.103549 1.453140 0.280383
2.041930 0.928299 1.494167 0.382987
2.043689 1.079592 1.450338 0.287082
2.045452 1.100982 1.451350 0.280451
2.045785 0.951197 1.502047 0.367485
2.049884 1.081555 1.449172 0.285934
2.050576 0.929197 1.493928 0.382719
2.051263 1.098334 1.449565 0.280492
2.055851 1.083787 1.448154 0.284815
2.056002 0.949521 1.500703 0.369215
2.056239 1.095327 1.448189 0.280870
2.058930 1.092224 1.447280 0.281487
2.059345 1.086339 1.447295 0.283658
2.059422 0.930248 1.493846 0.382254
2.060112 1.089149 1.446883 0.282447
2.063806 0.947478 1.499386 0.370950
2.068108 0.931421 1.493827 0.381612
2.072854 0.945381 1.498038 0.372596
2.077016 0.932704 1.493937 0.380784
2.081682 0.943210 1.496647 0.374087
2.085289 0.934294 1.494262 0.379813
2.089978 0.940880 1.495976 0.375765
2.092823 0.936147 1.494513 0.378550
2.094082 0.938474 1.495287 0.377314