-6.604120 0.738853 1.848257 0.394704
-6.602612 0.737619 1.848982 0.394894
-6.588179 0.739798 1.847287 0.394842
-6.566598 0.740234 1.846161 0.395350
-6.548714 0.737288 1.848304 0.395423
-6.546206 0.743151 1.842351 0.395065
-6.544704 0.740888 1.845112 0.395635
-6.541783 0.744094 1.841591 0.395065
-6.532790 0.744931 1.840959 0.395100
-6.529881 0.742318 1.843354 0.394893
-6.526534 0.741956 1.844458 0.395423
-6.519629 0.742649 1.843407 0.395603
-6.510907 0.745249 1.840267 0.395471
-6.502019 0.741184 1.844105 0.395027
-6.499028 0.743519 1.842721 0.395441
-6.495049 0.744055 1.841747 0.395596
-6.490476 0.744770 1.840992 0.395488
-6.482528 0.737812 1.848041 0.395303
-6.459741 0.740231 1.845075 0.394935
-6.432286 0.738266 1.846962 0.395692
-6.432250 0.739563 1.846471 0.394450
-6.399645 0.738846 1.847814 0.393998
-6.392189 0.738827 1.845622 0.396182
-6.366179 0.738294 1.849118 0.393483
-6.362555 0.739444 1.844067 0.396777
-6.343396 0.738000 1.850441 0.392889
-6.334191 0.739885 1.842372 0.397549
-6.319615 0.737854 1.851614 0.392337
-6.280958 0.737596 1.852442 0.391998
-6.264019 0.740495 1.841146 0.397919
-6.248091 0.737494 1.853211 0.391666
-6.216062 0.737493 1.853848 0.391399
-6.181657 0.737627 1.854291 0.391194
-6.181255 0.741030 1.840244 0.398112
-6.144188 0.737898 1.854467 0.391054
-6.103011 0.738230 1.854524 0.390980
-6.101726 0.741200 1.839309 0.398528
-6.055987 0.738556 1.854596 0.390887
-6.042415 0.741071 1.838154 0.399243
-6.023292 0.724007 1.868798 0.386155
-6.018698 0.723104 1.869937 0.385522
-6.010952 0.725045 1.867697 0.386666
-6.009003 0.722173 1.871013 0.384924
-6.005924 0.739002 1.854571 0.390726
-6.004988 0.726180 1.866552 0.387158
-5.983678 0.721379 1.872004 0.384285
-5.982965 0.740949 1.837304 0.399819
-5.982192 0.727238 1.865407 0.387691
-5.953091 0.739504 1.854466 0.390585
-5.945018 0.727921 1.864222 0.388415
-5.943481 0.720771 1.872823 0.383627
-5.929434 0.740946 1.836646 0.400227
-5.927401 0.739676 1.853453 0.391145
-5.906639 0.720315 1.873667 0.382857
-5.899002 0.740065 1.852460 0.391526
-5.897243 0.728655 1.863136 0.388999
-5.885000 0.740723 1.837209 0.400048
-5.870439 0.740411 1.851459 0.391911
-5.863544 0.719846 1.874384 0.382162
-5.850869 0.740462 1.837730 0.399853
-5.847036 0.740479 1.849723 0.392867
-5.838296 0.729278 1.862227 0.389494
-5.825564 0.740716 1.850705 0.392166
-5.820791 0.719292 1.875060 0.381536
-5.819586 0.740221 1.838216 0.399587
-5.799365 0.740054 1.850421 0.392685
-5.796869 0.739786 1.838871 0.399312
-5.784164 0.718712 1.875812 0.380859
-5.783413 0.729689 1.861192 0.390130
-5.772300 0.739342 1.851410 0.392518
-5.770832 0.739359 1.839615 0.398921
-5.749480 0.718340 1.876612 0.380059
-5.745420 0.738853 1.840464 0.398464
-5.736410 0.738687 1.852319 0.392363
-5.733629 0.730278 1.860113 0.390632
-5.718143 0.738254 1.841455 0.397996
-5.715367 0.718036 1.877423 0.379222
-5.700531 0.737646 1.842649 0.397448
-5.693630 0.730925 1.858940 0.391108
-5.692736 0.738179 1.853188 0.392117
-5.680609 0.717728 1.878213 0.378388
-5.677368 0.737143 1.843878 0.396836
-5.660185 0.736590 1.845068 0.396323
-5.655428 0.731691 1.857871 0.391411
-5.648965 0.737667 1.854087 0.391834
-5.646183 0.736192 1.846135 0.395839
-5.646170 0.717369 1.879010 0.377576
-5.632021 0.735900 1.846905 0.395510
-5.623424 0.735762 1.847336 0.395324
-5.621526 0.732384 1.856778 0.391724
-5.620826 0.735697 1.847587 0.395250
-5.614816 0.735588 1.847997 0.395092
-5.612820 0.717167 1.879778 0.376707
-5.612469 0.737059 1.855129 0.391574
-5.608541 0.735418 1.848655 0.394835
-5.603762 0.732937 1.855548 0.392172
-5.600769 0.735153 1.849533 0.394494
-5.593229 0.734867 1.850603 0.394041
-5.589111 0.733505 1.854319 0.392595
-5.587199 0.734481 1.851799 0.393557
-5.583832 0.734025 1.853056 0.393070
-5.579506 0.717007 1.880507 0.375822
-5.575049 0.736459 1.856222 0.391271
-5.548951 0.716817 1.881273 0.374979
-5.526972 0.736098 1.857205 0.390861
-5.518584 0.716640 1.882005 0.374197
-5.490319 0.716542 1.882667 0.373442
-5.484309 0.735616 1.858276 0.390465
-5.463294 0.716412 1.883251 0.372789
-5.447679 0.735175 1.859470 0.390004
-5.437694 0.716359 1.883728 0.372214
-5.415473 0.716287 1.884118 0.371760
-5.396463 0.716284 1.884422 0.371350
-5.396170 0.734873 1.860476 0.389570
-5.380427 0.716280 1.884692 0.370999
-5.367187 0.716299 1.884910 0.370695
-5.355276 0.716329 1.885114 0.370436
-5.342830 0.716362 1.885327 0.370193
-5.338272 0.734524 1.861386 0.389215
-5.329639 0.716422 1.885559 0.369970
-5.315128 0.716499 1.885840 0.369761
-5.297481 0.716566 1.886143 0.369552
-5.278052 0.716638 1.886490 0.369322
-5.271054 0.734359 1.862158 0.388850
-5.255382 0.716710 1.886892 0.369071
-5.228380 0.716821 1.887360 0.368756
-5.198669 0.734254 1.862803 0.388542
-5.197402 0.716958 1.887910 0.368397
-5.188097 0.753853 1.814956 0.406346
-5.186053 0.753309 1.815948 0.405872
-5.184681 0.752875 1.816993 0.405346
-5.181353 0.754163 1.813961 0.406961
-5.178380 0.752236 1.818014 0.404997
-5.167602 0.751591 1.819049 0.404681
-5.164810 0.754304 1.812997 0.407642
-5.162811 0.717121 1.888518 0.367984
-5.156144 0.754245 1.812014 0.408440
-5.154819 0.750995 1.820017 0.404416
-5.148779 0.754173 1.809868 0.410093
-5.148655 0.750566 1.820933 0.404126
-5.142432 0.754156 1.811001 0.409249
-5.137351 0.750214 1.821744 0.403852
-5.132614 0.754335 1.808647 0.410860
-5.123829 0.717301 1.889162 0.367538
-5.118436 0.749931 1.822486 0.403572
-5.116349 0.754651 1.806123 0.412383
-5.115812 0.734284 1.862972 0.388431
-5.114688 0.754946 1.804802 0.413068
-5.111371 0.754360 1.807430 0.411660
-5.096710 0.749665 1.823203 0.403294
-5.094378 0.755285 1.803515 0.413670
-5.088270 0.755727 1.802174 0.414254
-5.080732 0.717409 1.889864 0.367110
-5.068899 0.749390 1.823875 0.403049
-5.060286 0.756049 1.800937 0.414813
-5.043970 0.749091 1.824640 0.402782
-5.040449 0.756283 1.799677 0.415449
-5.035608 0.717559 1.890620 0.366615
-5.032130 0.734635 1.862640 0.388439
-5.018658 0.748799 1.825447 0.402481
-5.018448 0.757084 1.797300 0.416481
-5.017082 0.756367 1.798483 0.416120
-4.987255 0.717748 1.891398 0.366092
-4.986844 0.748503 1.826229 0.402180
-4.983270 0.757484 1.796293 0.416866
-4.959308 0.735501 1.861947 0.388399
-4.954604 0.748227 1.827095 0.401816
-4.954132 0.757511 1.795281 0.417460
-4.937277 0.717916 1.892201 0.365573
-4.929034 0.747908 1.828143 0.401397
-4.922429 0.758119 1.794402 0.417654
-4.909465 0.736525 1.860693 0.388609
-4.905886 0.747617 1.829306 0.400889
-4.886691 0.758789 1.793716 0.417715
-4.884729 0.718139 1.893001 0.365016
-4.881527 0.747410 1.830550 0.400283
-4.862932 0.747174 1.831927 0.399625
-4.861356 0.737614 1.859416 0.388787
-4.850150 0.747012 1.833409 0.398866
-4.846013 0.759431 1.793294 0.417660
-4.837267 0.746827 1.834978 0.398074
-4.830996 0.718360 1.893835 0.364452
-4.827069 0.738723 1.857932 0.389061
-4.821397 0.746547 1.836608 0.397291
-4.810966 0.760149 1.792972 0.417523
-4.805362 0.746175 1.838297 0.396513
-4.801354 0.739659 1.856273 0.389537
-4.789495 0.745749 1.840037 0.395737
-4.781158 0.740586 1.854546 0.390053
-4.776133 0.745257 1.841796 0.394984
-4.774192 0.718597 1.894665 0.363872
-4.773325 0.760749 1.792797 0.417411
-4.766727 0.741415 1.852762 0.390659
-4.766192 0.744676 1.843580 0.394258
-4.758500 0.742146 1.850924 0.391345
-4.756138 0.744121 1.845386 0.393508
-4.755254 0.743469 1.847227 0.392794
-4.754822 0.742810 1.849069 0.392071
-4.729989 0.760923 1.792881 0.417430
-4.715912 0.718866 1.895527 0.363248
-4.692132 0.761092 1.792639 0.417678
-4.656200 0.739946 1.755734 0.452785
-4.654513 0.761317 1.792564 0.417794
-4.653921 0.741395 1.757265 0.451170
-4.653086 0.719110 1.896408 0.362615
-4.652374 0.750827 1.700544 0.458622
-4.650205 0.749505 1.706039 0.457569
-4.649339 0.751226 1.698879 0.458959
-4.647500 0.750364 1.702296 0.458304
-4.647286 0.750011 1.704157 0.457887
-4.646051 0.751679 1.697283 0.459240
-4.639097 0.749081 1.707913 0.457185
-4.638094 0.738985 1.753875 0.454322
-4.637499 0.752172 1.695759 0.459468
-4.637175 0.748862 1.709800 0.456723
-4.633587 0.743059 1.758535 0.449588
-4.633429 0.752685 1.694270 0.459715
-4.628648 0.748542 1.711635 0.456348
-4.621920 0.753337 1.692857 0.459922
-4.618278 0.748290 1.713413 0.455930
-4.617458 0.761567 1.792463 0.417914
-4.609089 0.748083 1.715120 0.455547
-4.603122 0.744740 1.759751 0.448028
-4.602390 0.746943 1.727339 0.452372
-4.602250 0.747823 1.718359 0.454769
-4.601659 0.747956 1.716765 0.455139
-4.601373 0.747410 1.722927 0.453594
-4.601135 0.747692 1.719918 0.454369
-4.600324 0.747169 1.725877 0.452771
-4.598131 0.747554 1.721433 0.453967
-4.597352 0.747292 1.724402 0.453184
-4.594831 0.753916 1.691511 0.460126
-4.587025 0.719409 1.897328 0.361935
-4.586887 0.738708 1.751948 0.455545
-4.585924 0.746602 1.728733 0.452000
-4.577258 0.761793 1.792434 0.417986
-4.575853 0.746312 1.730158 0.451561
-4.569289 0.754623 1.690180 0.460310
-4.561970 0.745899 1.731630 0.451140
-4.561065 0.746405 1.760898 0.446517
-4.554705 0.745497 1.733171 0.450673
-4.536392 0.745085 1.734684 0.450170
-4.535500 0.762109 1.792386 0.418011
-4.530869 0.755226 1.688908 0.460563
-4.524684 0.744724 1.736243 0.449607
-4.522160 0.739045 1.750158 0.456368
-4.519111 0.719666 1.898249 0.361269
-4.516660 0.744072 1.737804 0.449169
-4.510210 0.748005 1.762022 0.445058
-4.493440 0.762545 1.792195 0.418043
-4.484486 0.755924 1.687748 0.460771
-4.472924 0.743176 1.739002 0.448949
-4.451679 0.763036 1.791861 0.418136
-4.448654 0.749547 1.763060 0.443676
-4.447154 0.719828 1.899159 0.360666
-4.446688 0.742028 1.740291 0.448818
-4.441009 0.739792 1.748831 0.456710
-4.434236 0.756625 1.686583 0.461010
-4.421246 0.740689 1.741414 0.448850
-4.403222 0.763282 1.791595 0.418320
-4.393094 0.739364 1.742507 0.448875
-4.378624 0.751074 1.763933 0.442397
-4.374929 0.757331 1.685517 0.461232
-4.370627 0.720002 1.900007 0.360090
-4.363111 0.740777 1.747848 0.456708
-4.360248 0.738037 1.743524 0.448932
-4.356823 0.763716 1.791183 0.418471
-4.328242 0.736637 1.744454 0.449082
-4.311576 0.758023 1.684439 0.461450
-4.306247 0.764016 1.790815 0.418661
-4.297665 0.752524 1.764560 0.441296
-4.297493 0.735274 1.745462 0.449167
-4.293079 0.720076 1.900928 0.359532
-4.281376 0.741695 1.747309 0.456477
-4.261258 0.733926 1.746411 0.449303
-4.253094 0.764315 1.790606 0.418755
-4.246794 0.758880 1.683373 0.461591
-4.230861 0.732584 1.747469 0.449383
-4.211726 0.720042 1.901830 0.359036
-4.208815 0.764525 1.790023 0.419102
-4.207743 0.753731 1.765084 0.440380
-4.204637 0.742622 1.746879 0.456185
-4.194778 0.731334 1.748525 0.449402
-4.177326 0.759721 1.682345 0.461735
-4.164818 0.764828 1.789408 0.419410
-4.158012 0.730219 1.749661 0.449318
-4.133425 0.743398 1.746602 0.455894
-4.126500 0.719938 1.902679 0.358608
-4.117951 0.765136 1.788813 0.419697
-4.115271 0.754694 1.765631 0.439573
-4.113971 0.729285 1.750765 0.449127
-4.107335 0.760633 1.681337 0.461822
-4.083211 0.765497 1.787936 0.420119
-4.070486 0.728474 1.751878 0.448889
-4.064570 0.744056 1.746426 0.455627
-4.038569 0.719801 1.903474 0.358222
-4.038186 0.765775 1.787229 0.420473
-4.032535 0.761515 1.680472 0.461858
-4.023591 0.755589 1.766029 0.438881
-4.015142 0.727871 1.752772 0.448633
-3.996728 0.744569 1.746303 0.455437
-3.993851 0.766079 1.786540 0.420794
-3.964361 0.762403 1.679395 0.461977
-3.963001 0.727316 1.753674 0.448342
-3.953508 0.766356 1.785840 0.421138
-3.948880 0.719617 1.904261 0.357884
-3.930502 0.756292 1.766240 0.438394
-3.928272 0.744964 1.746295 0.455268
-3.925304 0.766739 1.785024 0.421488
-3.913877 0.726762 1.754543 0.448094
-3.893715 0.767164 1.784340 0.421729
-3.891378 0.763182 1.678414 0.462126
-3.866417 0.767544 1.783634 0.422001
-3.865528 0.726192 1.755297 0.447917
-3.859428 0.745366 1.746317 0.455075
-3.855575 0.719466 1.904967 0.357570
-3.846110 0.729227 1.856890 0.379578
-3.840656 0.767934 1.782953 0.422241
-3.840259 0.756851 1.766359 0.438036
-3.836329 0.728429 1.858974 0.378750
-3.824378 0.725633 1.756112 0.447697
-3.814363 0.763837 1.677534 0.462297
-3.808411 0.768284 1.782427 0.422400
-3.803629 0.730605 1.852814 0.381178
-3.799998 0.730394 1.855024 0.380009
-3.789224 0.728145 1.860795 0.377817
-3.787303 0.725088 1.756916 0.447504
-3.786261 0.745760 1.746390 0.454866
-3.783114 0.768730 1.781806 0.422554
-3.761732 0.719358 1.905701 0.357214
-3.761673 0.769293 1.781222 0.422619
-3.760523 0.727177 1.862587 0.377273
-3.754031 0.757267 1.766419 0.437785
-3.751352 0.724571 1.757664 0.447330
-3.751106 0.730817 1.850814 0.382204
-3.731605 0.769750 1.780794 0.422643
-3.727516 0.764298 1.677100 0.462364
-3.712183 0.724061 1.758236 0.447246
-3.706418 0.746038 1.746472 0.454720
-3.706193 0.726753 1.864064 0.376655
-3.699072 0.770134 1.780429 0.422670
-3.684788 0.730754 1.848988 0.383292
-3.673274 0.757587 1.766293 0.437690
-3.671636 0.723519 1.758606 0.447284
-3.665202 0.770488 1.780184 0.422651
-3.664900 0.719264 1.906386 0.356890
-3.654279 0.726416 1.865394 0.376078
-3.643482 0.764874 1.676601 0.462388
-3.633935 0.723015 1.758959 0.447328
-3.630192 0.770806 1.780082 0.422602
-3.620061 0.730539 1.847132 0.384476
-3.619190 0.746226 1.746598 0.454599
-3.605946 0.726182 1.866575 0.375543
-3.600495 0.722550 1.759328 0.447367
-3.598961 0.757713 1.766094 0.437737
-3.598493 0.771088 1.779972 0.422598
-3.569964 0.771274 1.779966 0.422575
-3.569252 0.722113 1.759606 0.447432
-3.566405 0.719178 1.907031 0.356567
-3.559068 0.726106 1.867534 0.375043
-3.558871 0.765241 1.676036 0.462505
-3.550551 0.730552 1.845219 0.385565
-3.548503 0.771402 1.779966 0.422576
-3.539578 0.721692 1.759774 0.447548
-3.532577 0.771462 1.779995 0.422579
-3.531044 0.757696 1.765936 0.437835
-3.526872 0.746357 1.746765 0.454486
-3.520187 0.771522 1.779972 0.422596
-3.519349 0.725999 1.868405 0.374632
-3.511520 0.721315 1.759900 0.447670
-3.506287 0.771537 1.779960 0.422615
-3.491644 0.771554 1.779933 0.422631
-3.490954 0.730362 1.843197 0.386818
-3.484322 0.725982 1.869130 0.374259
-3.483134 0.720983 1.759903 0.447813
-3.477610 0.765523 1.675330 0.462723
-3.476392 0.771541 1.779905 0.422656
-3.471464 0.757576 1.765730 0.438015
-3.464579 0.719141 1.907530 0.356299
-3.459665 0.771500 1.779885 0.422688
-3.455506 0.720655 1.759964 0.447962
-3.451971 0.726071 1.869695 0.373917
-3.439530 0.771422 1.779821 0.422756
-3.429732 0.746470 1.747030 0.454337
-3.426307 0.720363 1.759974 0.448115
-3.423511 0.726118 1.870247 0.373627
-3.420052 0.757506 1.765465 0.438197
-3.418815 0.730609 1.841175 0.387848
-3.412287 0.771346 1.779724 0.422834
-3.394616 0.720110 1.759971 0.448265
-3.393799 0.726204 1.870732 0.373345
-3.391178 0.765532 1.675015 0.462892
-3.378148 0.771195 1.779587 0.422966
-3.377202 0.757453 1.765175 0.438377
-3.361673 0.726270 1.871232 0.373058
-3.360853 0.719102 1.908040 0.356037
-3.359369 0.719884 1.759935 0.448426
-3.351848 0.730666 1.839062 0.389024
-3.343409 0.757433 1.764886 0.438529
-3.335883 0.771019 1.779425 0.423114
-3.326477 0.726323 1.871764 0.372769
-3.326127 0.746554 1.747298 0.454192
-3.320586 0.719644 1.759883 0.448608
-3.315588 0.757434 1.764643 0.438629
-3.305104 0.765526 1.674889 0.462986
-3.291297 0.757488 1.764400 0.438692
-3.290448 0.770781 1.779213 0.423317
-3.288266 0.726397 1.872345 0.372449
-3.285986 0.730749 1.836905 0.390208
-3.277188 0.719468 1.759739 0.448767
-3.265178 0.757599 1.764191 0.438694
-3.253769 0.719074 1.908399 0.355839
-3.247954 0.726571 1.872944 0.372043
-3.246193 0.770550 1.779041 0.423495
-3.232172 0.757610 1.764122 0.438698
-3.230525 0.719313 1.759547 0.448988
-3.221619 0.765385 1.674996 0.463030
-3.215679 0.746500 1.747639 0.454068
-3.213963 0.730990 1.834799 0.391281
-3.206133 0.770227 1.778863 0.423741
-3.203148 0.726682 1.873590 0.371648
-3.195039 0.757721 1.764331 0.438545
-3.180330 0.719184 1.759371 0.449194
-3.168241 0.769909 1.778726 0.423971
-3.157592 0.757972 1.764740 0.438237
-3.153688 0.726769 1.874247 0.371241
-3.147127 0.731039 1.832682 0.392457
-3.144727 0.719187 1.908661 0.355631
-3.142471 0.765097 1.675169 0.463125
-3.136663 0.769533 1.778730 0.424160
-3.126883 0.719074 1.759235 0.449381
-3.125628 0.758271 1.765349 0.437795
-3.109628 0.769222 1.778733 0.424325
-3.102266 0.726851 1.875007 0.370789
-3.096673 0.746390 1.747955 0.453976
-3.091302 0.758429 1.766003 0.437392
-3.087304 0.768880 1.778875 0.424460
-3.078092 0.731401 1.830616 0.393441
-3.070515 0.718891 1.759134 0.449597
-3.067336 0.764829 1.675444 0.463182
-3.066868 0.768567 1.779021 0.424578
-3.055736 0.758769 1.766528 0.436933
-3.046310 0.768184 1.779196 0.424710
-3.046182 0.726880 1.875786 0.370345
-3.034033 0.719397 1.908766 0.355462
-3.023724 0.767794 1.779367 0.424851
-3.020584 0.759062 1.767107 0.436459
-3.011300 0.718746 1.758957 0.449831
-3.001578 0.767369 1.779604 0.424974
-2.996242 0.764477 1.675742 0.463290
-2.993251 0.732211 1.828992 0.393952
-2.986901 0.726864 1.876661 0.369879
-2.986577 0.759403 1.767704 0.435941
-2.975915 0.766965 1.779790 0.425115
-2.968993 0.746293 1.748318 0.453841
-2.952366 0.759777 1.768301 0.435408
-2.951440 0.766493 1.779942 0.425298
-2.949548 0.718577 1.758729 0.450122
-2.930014 0.765936 1.780038 0.425543
-2.929058 0.764035 1.676026 0.463483
-2.925450 0.726832 1.877649 0.369352
-2.922879 0.719680 1.908772 0.355306
-2.921820 0.766230 1.775719 0.427743
-2.921364 0.760112 1.768987 0.434845
-2.917784 0.766403 1.776476 0.427228
-2.913216 0.766468 1.777199 0.426793
-2.911001 0.732907 1.827512 0.394433
-2.910441 0.765452 1.779851 0.425903
-2.907344 0.765823 1.775074 0.428319
-2.905240 0.766281 1.777854 0.426535
-2.901241 0.765921 1.778439 0.426412
-2.900638 0.765211 1.779344 0.426312
-2.897092 0.760421 1.769762 0.434242
-2.890568 0.765443 1.778769 0.426496
-2.889835 0.765348 1.774466 0.428911
-2.882843 0.718471 1.758620 0.450303
-2.869910 0.760730 1.770462 0.433680
-2.868722 0.764777 1.773991 0.429490
-2.865043 0.763653 1.676437 0.463598
-2.862816 0.760590 1.766736 0.435329
-2.859682 0.726740 1.878688 0.368831
-2.852872 0.761091 1.771176 0.433080
-2.850721 0.764168 1.773541 0.430077
-2.839226 0.761581 1.771774 0.432480
-2.835814 0.763511 1.773131 0.430671
-2.833973 0.746116 1.748754 0.453708
-2.833839 0.762186 1.772278 0.431869
-2.830380 0.733345 1.826241 0.394925
-2.830163 0.762835 1.772723 0.431268
-2.828202 0.760415 1.766107 0.435915
-2.824692 0.761150 1.766355 0.435099
-2.815091 0.718340 1.758489 0.450532
-2.812147 0.720065 1.908595 0.355226
-2.805617 0.763204 1.676965 0.463718
-2.798558 0.761882 1.765898 0.434857
-2.791795 0.726594 1.879847 0.368266
-2.774219 0.760232 1.765919 0.436220
-2.769198 0.762590 1.765733 0.434548
-2.754431 0.733614 1.825171 0.395373
-2.748788 0.762725 1.677534 0.463858
-2.746141 0.718281 1.758395 0.450699
-2.745095 0.763353 1.765640 0.434251
-2.722437 0.726368 1.881094 0.367694
-2.721000 0.764097 1.765431 0.434081
-2.719229 0.760192 1.765487 0.436544
-2.702188 0.720394 1.908137 0.355320
-2.693905 0.745917 1.749190 0.453579
-2.692328 0.762271 1.678153 0.463969
-2.689273 0.734305 1.824341 0.395484
-2.687420 0.764649 1.765283 0.433991
-2.678427 0.718161 1.758339 0.450854
-2.659593 0.760244 1.765081 0.436775
-2.650689 0.726114 1.882396 0.367103
-2.649175 0.765050 1.765137 0.433970
-2.637703 0.761729 1.678874 0.464059
-2.631809 0.734795 1.823550 0.395666
-2.613405 0.718069 1.758201 0.451050
-2.609540 0.765404 1.764965 0.433960
-2.604024 0.760269 1.764408 0.437144
-2.593839 0.720638 1.907510 0.355549
-2.582489 0.761170 1.679656 0.464098
-2.578480 0.725791 1.883746 0.366510
-2.575384 0.735011 1.823001 0.395849
-2.569760 0.765750 1.764730 0.433960
-2.552466 0.745780 1.749655 0.453398
-2.551129 0.760319 1.763562 0.437557
-2.550104 0.717992 1.758025 0.451256
-2.528940 0.765986 1.764462 0.434000
-2.528252 0.760496 1.680501 0.464134
-2.528171 0.735046 1.822543 0.396074
-2.504802 0.725517 1.885099 0.365867
-2.496401 0.759940 1.762862 0.438100
-2.491023 0.734865 1.822210 0.396351
-2.487903 0.720907 1.906732 0.355859
-2.487638 0.717903 1.757923 0.451420
-2.486550 0.766071 1.764348 0.434004
-2.469487 0.759841 1.681381 0.464139
-2.462514 0.734626 1.821963 0.396621
-2.459758 0.765118 1.769213 0.431581
-2.445244 0.766126 1.764225 0.434010
-2.442866 0.759584 1.762065 0.438677
-2.439260 0.734382 1.821787 0.396856
-2.429189 0.725250 1.886470 0.365222
-2.427245 0.764328 1.768793 0.432296
-2.424885 0.717886 1.757764 0.451595
-2.421422 0.734059 1.821668 0.397096
-2.420209 0.728047 1.822436 0.399520
-2.415014 0.764121 1.768773 0.432351
-2.411632 0.745644 1.750219 0.453167
-2.405893 0.759109 1.682202 0.464203
-2.405317 0.727814 1.822868 0.399405
-2.405056 0.766140 1.764208 0.434006
-2.401494 0.728068 1.822099 0.399703
-2.401409 0.733792 1.821639 0.397261
-2.393058 0.764851 1.768981 0.431995
-2.390605 0.727376 1.822813 0.399668
-2.387949 0.721189 1.905669 0.356290
-2.387096 0.764157 1.767267 0.433229
-2.385295 0.759072 1.761450 0.439222
-2.384267 0.733456 1.821606 0.397458
-2.382359 0.728340 1.822039 0.399602
-2.373693 0.726556 1.822406 0.400323
-2.371947 0.765173 1.769050 0.431872
-2.371293 0.733051 1.821577 0.397683
-2.370083 0.725151 1.822090 0.401244
-2.367750 0.724358 1.821601 0.401935
-2.366207 0.766145 1.764316 0.433937
-2.366152 0.727422 1.822576 0.399779
-2.365967 0.725135 1.822163 0.401208
-2.363354 0.728557 1.821964 0.399542
-2.361056 0.717932 1.757623 0.451690
-2.358401 0.732604 1.821611 0.397907
-2.358020 0.726878 1.822662 0.400011
-2.357787 0.765319 1.769053 0.431864
-2.356007 0.725875 1.822163 0.400821
-2.354869 0.724973 1.887888 0.364546
-2.344997 0.728748 1.821995 0.399433
-2.343480 0.732119 1.821710 0.398088
-2.342557 0.765480 1.769033 0.431829
-2.342486 0.723899 1.821526 0.402217
-2.342032 0.764675 1.765777 0.433877
-2.335837 0.726544 1.822420 0.400322
-2.335610 0.758481 1.683041 0.464189
-2.331045 0.724559 1.821936 0.401639
-2.329569 0.766154 1.764563 0.433806
-2.328650 0.731645 1.821758 0.398293
-2.326832 0.728958 1.821976 0.399349
-2.326402 0.758566 1.760932 0.439709
-2.324622 0.725591 1.821536 0.401326
-2.323376 0.724074 1.821826 0.401953
-2.322519 0.765716 1.768916 0.431781
-2.316137 0.725511 1.821877 0.401171
-2.315795 0.731172 1.821841 0.398480
-2.315715 0.729318 1.821935 0.399214
-2.314095 0.723888 1.821801 0.402063
-2.309105 0.723991 1.821557 0.402146
-2.308573 0.729747 1.821893 0.399072
-2.308431 0.730691 1.821845 0.398695
-2.307619 0.723995 1.821728 0.402046
-2.307568 0.723930 1.821821 0.402025
-2.307307 0.723915 1.821784 0.402033
-2.307202 0.723907 1.821789 0.402037
-2.307090 0.723895 1.821761 0.402024
-2.306991 0.723896 1.821768 0.402026
-2.306963 0.723914 1.821780 0.402030
-2.306897 0.723896 1.821757 0.402023
-2.306835 0.723896 1.821760 0.402024
-2.306831 0.723908 1.821807 0.402041
-2.306813 0.723913 1.821782 0.402032
-2.306766 0.723894 1.821766 0.402023
-2.306645 0.723894 1.821761 0.402020
-2.306629 0.723904 1.821786 0.402038
-2.306620 0.723897 1.821768 0.402029
-2.306609 0.723910 1.821778 0.402029
-2.306554 0.730209 1.821864 0.398894
-2.306523 0.723898 1.821759 0.402015
-2.306520 0.723902 1.821775 0.402029
-2.306511 0.723897 1.821761 0.402015
-2.306493 0.723897 1.821766 0.402028
-2.306474 0.723897 1.821773 0.402026
-2.306441 0.723904 1.821801 0.402043
-2.306415 0.723899 1.821759 0.402013
-2.306380 0.723896 1.821773 0.402025
-2.306331 0.723901 1.821798 0.402041
-2.306295 0.723898 1.821757 0.402011
-2.306288 0.723907 1.821783 0.402030
-2.306192 0.723899 1.821760 0.402012
-2.306135 0.723900 1.821797 0.402038
-2.306091 0.723898 1.821756 0.402008
-2.306026 0.723898 1.821755 0.402006
-2.305785 0.723899 1.821804 0.402040
-2.305744 0.723900 1.821753 0.402002
-2.305700 0.723900 1.821759 0.402002
-2.305549 0.723904 1.821754 0.401999
-2.305511 0.723899 1.821817 0.402037
-2.305374 0.723904 1.821757 0.401997
-2.305168 0.766053 1.768558 0.431799
-2.305119 0.723903 1.821758 0.401995
-2.305063 0.723921 1.821777 0.401954
-2.304957 0.723903 1.821756 0.401991
-2.304747 0.723918 1.821820 0.402030
-2.304692 0.723912 1.821741 0.401992
-2.304679 0.723908 1.821754 0.401988
-2.304570 0.723908 1.821747 0.401989
-2.304439 0.723909 1.821749 0.401985
-2.304262 0.723901 1.821756 0.401985
-2.304242 0.723913 1.821748 0.401982
-2.304202 0.723903 1.821774 0.401973
-2.303273 0.723924 1.821761 0.401966
-2.297505 0.721521 1.904319 0.356852
-2.297070 0.717957 1.757429 0.451773
-2.296157 0.766203 1.764949 0.433580
-2.287083 0.766421 1.768104 0.431839
-2.284273 0.724663 1.889397 0.363816
-2.273180 0.745536 1.750800 0.452910
-2.271875 0.765153 1.764619 0.434374
-2.269453 0.766314 1.765472 0.433247
-2.269277 0.766584 1.767498 0.432067
-2.265713 0.758054 1.760638 0.440068
-2.262274 0.757841 1.683906 0.464169
-2.254221 0.766574 1.766835 0.432414
-2.251148 0.766455 1.766118 0.432847
-2.232632 0.717895 1.757306 0.451858
-2.230098 0.766231 1.763138 0.434720
-2.220553 0.724328 1.891047 0.363027
-2.218827 0.721869 1.902752 0.357547
-2.204796 0.757654 1.760462 0.440295
-2.187755 0.767255 1.761635 0.435091
-2.183563 0.757232 1.684667 0.464180
-2.168297 0.723983 1.892853 0.362155
-2.167689 0.717879 1.757227 0.451874
-2.156964 0.722205 1.900953 0.358391
-2.148117 0.768242 1.760109 0.435473
-2.146830 0.757259 1.760343 0.440484
-2.135347 0.745473 1.751339 0.452648
-2.129878 0.723520 1.894790 0.361281
-2.123002 0.722712 1.898932 0.359293
-2.114737 0.723130 1.896846 0.360293
-2.108924 0.769098 1.758662 0.435858
-2.102789 0.717928 1.757348 0.451768
-2.102780 0.756649 1.685435 0.464180
-2.101870 0.772494 1.749883 0.438797
-2.094547 0.772744 1.750581 0.438258
-2.092793 0.756818 1.760419 0.440582
-2.084058 0.770059 1.757323 0.436113
-2.083147 0.772781 1.751237 0.437896
-2.082557 0.772664 1.751886 0.437660
-2.076924 0.772115 1.749268 0.439390
-2.071890 0.772555 1.752454 0.437458
-2.066904 0.770875 1.756118 0.436357
-2.062279 0.772445 1.753004 0.437245
-2.059555 0.771582 1.755082 0.436557
-2.057637 0.772267 1.753566 0.437038
-2.055451 0.772020 1.754221 0.436804
-2.055342 0.768853 1.744641 0.443388
-2.048722 0.769319 1.744390 0.443220
-2.042900 0.767793 1.745501 0.443546
-2.042498 0.767383 1.746099 0.443447
-2.041499 0.768312 1.744942 0.443547
-2.041262 0.756437 1.760571 0.440592
-2.040142 0.771863 1.748742 0.439894
-2.038121 0.769612 1.744242 0.443066
-2.037090 0.717893 1.757555 0.451651
-2.031847 0.769779 1.744187 0.442901
-2.026275 0.769930 1.744129 0.442728
-2.019826 0.767052 1.746407 0.443454
-2.019505 0.770117 1.744090 0.442504
-2.018506 0.756074 1.686098 0.464256
-2.009999 0.770343 1.744038 0.442249
-2.006176 0.771733 1.748146 0.440370
-1.999589 0.770573 1.744089 0.441925
-1.999129 0.745401 1.751949 0.452346
-1.997404 0.766869 1.746624 0.443445
-1.997023 0.755990 1.760948 0.440491
-1.991828 0.770825 1.744229 0.441536
-1.986313 0.770975 1.744549 0.441084
-1.977053 0.766850 1.746816 0.443411
-1.976976 0.771672 1.747591 0.440767
-1.975286 0.771100 1.744990 0.440578
-1.971602 0.717962 1.757866 0.451420
-1.961899 0.771129 1.745853 0.441885
-1.960463 0.770493 1.745742 0.442169
-1.958702 0.766857 1.747075 0.443361
-1.958026 0.771677 1.747046 0.441085
-1.956709 0.771262 1.745537 0.440004
-1.956462 0.755618 1.761358 0.440303
-1.952565 0.771440 1.746250 0.441569
-1.947587 0.771709 1.746642 0.441293
-1.945904 0.771681 1.746425 0.441418
-1.944951 0.771602 1.746288 0.441528
-1.944011 0.771725 1.746520 0.441305
-1.943764 0.771337 1.746346 0.439339
-1.939839 0.770318 1.745255 0.442427
-1.937717 0.766987 1.747186 0.443338
-1.935241 0.755534 1.686926 0.464267
-1.932839 0.769902 1.744862 0.442827
-1.921643 0.755104 1.761717 0.440190
-1.916657 0.767149 1.747210 0.443335
-1.913483 0.771368 1.747203 0.438700
-1.913080 0.718027 1.758558 0.450971
-1.910881 0.769652 1.744557 0.443163
-1.896890 0.767303 1.747142 0.443365
-1.888542 0.754682 1.762071 0.439997
-1.885711 0.769459 1.744409 0.443410
-1.879553 0.767460 1.747090 0.443345
-1.876759 0.771346 1.748139 0.438073
-1.864426 0.767612 1.747032 0.443294
-1.862780 0.745457 1.752467 0.452028
-1.860452 0.769318 1.744461 0.443534
-1.859138 0.754274 1.762403 0.439787
-1.855450 0.718271 1.759230 0.450432
-1.850158 0.767760 1.746942 0.443231
-1.849677 0.755098 1.687640 0.464305
-1.839373 0.769166 1.744681 0.443570
-1.837810 0.767962 1.746733 0.443197
-1.835707 0.753867 1.762747 0.439570
-1.833514 0.771218 1.749072 0.437518
-1.826119 0.768188 1.746380 0.443241
-1.822643 0.768916 1.744969 0.443599
-1.818820 0.768696 1.745450 0.443478
-1.818723 0.768449 1.745938 0.443341
-1.815967 0.753464 1.763082 0.439353
-1.805051 0.718423 1.760152 0.449794
-1.800591 0.753109 1.763458 0.439107
-1.790297 0.771104 1.749985 0.436971
-1.787488 0.752746 1.763846 0.438883
-1.773394 0.752384 1.764273 0.438649
-1.763054 0.754803 1.688187 0.464378
-1.759582 0.751971 1.764804 0.438405
-1.755165 0.718543 1.761162 0.449137
-1.748702 0.770812 1.750850 0.436557
-1.746931 0.751517 1.765441 0.438154
-1.737864 0.738344 1.772759 0.440407
-1.736742 0.738361 1.772766 0.440390
-1.736586 0.739226 1.773252 0.439255
-1.736420 0.739369 1.773333 0.439109
-1.736331 0.738255 1.772693 0.440150
-1.736327 0.738256 1.772701 0.440145
-1.736312 0.738257 1.772692 0.440157
-1.736272 0.738260 1.772695 0.440166
-1.736218 0.738262 1.772719 0.440125
-1.736195 0.738266 1.772698 0.440182
-1.736004 0.738272 1.772743 0.440105
-1.735990 0.738273 1.772702 0.440206
-1.735889 0.738340 1.772771 0.440398
-1.735857 0.738350 1.772780 0.440385
-1.735852 0.738334 1.772795 0.440390
-1.735798 0.738346 1.772781 0.440376
-1.735758 0.738273 1.772701 0.440220
-1.735710 0.738349 1.772784 0.440381
-1.735696 0.738348 1.772783 0.440379
-1.735667 0.738293 1.772774 0.440087
-1.735593 0.738343 1.772778 0.440358
-1.735591 0.738270 1.772699 0.440225
-1.735589 0.738347 1.772782 0.440375
-1.735575 0.738346 1.772780 0.440355
-1.735566 0.738341 1.772778 0.440357
-1.735559 0.738347 1.772787 0.440380
-1.735508 0.738264 1.772692 0.440216
-1.735497 0.738341 1.772779 0.440360
-1.735497 0.738356 1.772792 0.440387
-1.735494 0.738331 1.772763 0.440333
-1.735469 0.738353 1.772791 0.440384
-1.735462 0.738310 1.772737 0.440288
-1.735431 0.738340 1.772779 0.440358
-1.735415 0.738348 1.772785 0.440374
-1.735398 0.738343 1.772782 0.440372
-1.735394 0.738351 1.772788 0.440374
-1.735377 0.738254 1.772682 0.440202
-1.735343 0.738298 1.772725 0.440276
-1.735332 0.738343 1.772778 0.440370
-1.735312 0.738343 1.772779 0.440360
-1.735309 0.738288 1.772717 0.440266
-1.735298 0.738344 1.772783 0.440369
-1.735239 0.738289 1.772720 0.440272
-1.734971 0.739466 1.773383 0.439011
-1.734657 0.738336 1.772832 0.440047
-1.734168 0.738917 1.773059 0.439558
-1.734069 0.738364 1.772863 0.440026
-1.733395 0.738802 1.773022 0.439663
-1.733054 0.738424 1.772905 0.439970
-1.732284 0.738604 1.772982 0.439810
-1.732256 0.738561 1.772970 0.439853
-1.730901 0.751033 1.766094 0.437938
-1.728801 0.745684 1.752997 0.451608
-1.727363 0.739644 1.773522 0.438836
-1.717889 0.739751 1.773657 0.438712
-1.716023 0.770449 1.751684 0.436214
-1.714878 0.750560 1.766718 0.437747
-1.704914 0.718569 1.762246 0.448473
-1.704805 0.739819 1.773852 0.438578
-1.701325 0.750143 1.767331 0.437575
-1.693120 0.769993 1.752407 0.435992
-1.688118 0.749688 1.767856 0.437476
-1.680521 0.754637 1.688941 0.464324
-1.678307 0.749278 1.768357 0.437383
-1.676240 0.739912 1.774151 0.438381
-1.674134 0.769590 1.753008 0.435827
-1.667743 0.748871 1.768770 0.437348
-1.663491 0.769187 1.753539 0.435723
-1.658804 0.748505 1.769149 0.437321
-1.653848 0.768756 1.754017 0.435660
-1.652048 0.718676 1.763343 0.447787
-1.650742 0.748171 1.769500 0.437276
-1.647970 0.739927 1.774417 0.438231
-1.646487 0.768352 1.754527 0.435549
-1.643905 0.747867 1.769829 0.437224
-1.637543 0.747607 1.770136 0.437149
-1.635039 0.767908 1.754987 0.435473
-1.630254 0.747365 1.770411 0.437075
-1.624776 0.747126 1.770671 0.436990
-1.620926 0.767401 1.755358 0.435437
-1.620729 0.739915 1.774532 0.438180
-1.618417 0.746895 1.770902 0.436900
-1.612148 0.746689 1.771125 0.436792
-1.605938 0.751182 1.788548 0.425339
-1.605901 0.746490 1.771346 0.436678
-1.604846 0.766918 1.755656 0.435392
-1.599478 0.746116 1.753565 0.451053
-1.598313 0.754695 1.689670 0.464190
-1.598180 0.746313 1.771547 0.436561
-1.597270 0.739878 1.774702 0.438098
-1.591215 0.746130 1.771769 0.436450
-1.587890 0.752750 1.788409 0.424783
-1.585412 0.766487 1.755923 0.435297
-1.585161 0.718813 1.764234 0.447197
-1.584127 0.745948 1.772015 0.436339
-1.576826 0.745757 1.772283 0.436234
-1.576636 0.749898 1.788000 0.426128
-1.575889 0.739889 1.774736 0.438079
-1.567809 0.745560 1.772555 0.436131
-1.565797 0.766095 1.756212 0.435151
-1.560604 0.754160 1.788767 0.424045
-1.559023 0.745368 1.772854 0.436019
-1.557735 0.739918 1.774772 0.438023
-1.548089 0.745151 1.773139 0.435931
-1.546559 0.765683 1.756542 0.435090
-1.542316 0.740031 1.774801 0.437940
-1.537195 0.744929 1.773413 0.435860
-1.533160 0.748843 1.787335 0.426864
-1.528328 0.740181 1.774826 0.437816
-1.527670 0.744640 1.773619 0.435880
-1.522027 0.755292 1.789446 0.423270
-1.521814 0.765365 1.756864 0.435008
-1.518726 0.744367 1.773773 0.435925
-1.516765 0.754936 1.690392 0.463958
-1.515406 0.740368 1.774816 0.437695
-1.512284 0.744100 1.773830 0.436030
-1.508613 0.718742 1.765070 0.446779
-1.507469 0.743863 1.773863 0.436128
-1.505015 0.740588 1.774802 0.437549
-1.502672 0.743661 1.773936 0.436197
-1.499703 0.743463 1.774007 0.436261
-1.497919 0.740861 1.774749 0.437403
-1.496275 0.743277 1.774059 0.436329
-1.492912 0.741166 1.774674 0.437249
-1.492664 0.765134 1.757217 0.434864
-1.492476 0.743087 1.774117 0.436405
-1.491698 0.747444 1.787392 0.427362
-1.490059 0.741471 1.774603 0.437097
-1.489343 0.742866 1.774190 0.436489
-1.488088 0.742616 1.774293 0.436579
-1.488073 0.741767 1.774528 0.436958
-1.487452 0.742350 1.774375 0.436696
-1.487314 0.742063 1.774450 0.436823
-1.474177 0.746717 1.754061 0.450453
-1.467854 0.756188 1.790119 0.422608
-1.459772 0.764981 1.757567 0.434682
-1.438127 0.755334 1.691207 0.463590
-1.431684 0.746402 1.787807 0.427465
-1.425974 0.764886 1.757905 0.434474
-1.425812 0.718390 1.765838 0.446559
-1.405981 0.756783 1.790910 0.422031
-1.392040 0.764885 1.758208 0.434221
-1.380262 0.745252 1.788366 0.427537
-1.358901 0.755839 1.691983 0.463142
-1.357860 0.764938 1.758491 0.433958
-1.352612 0.747514 1.754450 0.449810
-1.343030 0.757205 1.791803 0.421476
-1.338444 0.717878 1.766579 0.446453
-1.335770 0.744155 1.789149 0.427450
-1.324166 0.765044 1.758813 0.433667
-1.288701 0.743145 1.789867 0.427341
-1.287590 0.765212 1.759075 0.433386
-1.280392 0.756433 1.692832 0.462604
-1.276693 0.757247 1.792751 0.421075
-1.250783 0.765446 1.759404 0.433056
-1.247699 0.717671 1.767407 0.446138
-1.242869 0.742200 1.790602 0.427183
-1.238437 0.748585 1.754772 0.449062
-1.212479 0.756841 1.793708 0.420898
-1.211921 0.765689 1.759787 0.432727
-1.202389 0.741336 1.791435 0.426934
-1.200535 0.757007 1.693705 0.462024
-1.172604 0.766009 1.760129 0.432349
-1.161876 0.740530 1.792214 0.426696
-1.156072 0.717142 1.768041 0.446059
-1.154742 0.756385 1.794763 0.420672
-1.133615 0.766318 1.760510 0.431968
-1.130769 0.749820 1.755038 0.448254
-1.124891 0.739847 1.793035 0.426397
-1.118423 0.757599 1.694516 0.461442
-1.097256 0.755821 1.795725 0.420554
-1.095075 0.766649 1.760903 0.431573
-1.089328 0.739189 1.793767 0.426160
-1.066670 0.716703 1.768600 0.445979
-1.062169 0.766998 1.761422 0.431109
-1.055898 0.738589 1.794462 0.425931
-1.047506 0.755219 1.796796 0.420389
-1.033114 0.758035 1.695335 0.460911
-1.032900 0.751296 1.755234 0.447332
-1.031339 0.767411 1.761925 0.430603
-1.022846 0.738113 1.795107 0.425696
-1.003537 0.767819 1.762513 0.430060
-0.996354 0.754568 1.797813 0.420286
-0.992739 0.737704 1.795672 0.425487
-0.983273 0.716371 1.769129 0.445869
-0.975425 0.749499 1.827651 0.394626
-0.973969 0.768257 1.763108 0.429498
-0.971946 0.748117 1.829231 0.393743
-0.969655 0.750917 1.826088 0.395447
-0.967767 0.746583 1.830726 0.392959
-0.967385 0.737378 1.796191 0.425293
-0.957357 0.754038 1.799114 0.419961
-0.956949 0.745260 1.832291 0.391994
-0.955231 0.752327 1.824545 0.396231
-0.947301 0.737087 1.796662 0.425129
-0.946591 0.752957 1.755339 0.446340
-0.946330 0.758310 1.696171 0.460426
-0.945389 0.753763 1.823041 0.396957
-0.942775 0.768747 1.763711 0.428889
-0.927013 0.736872 1.797020 0.425002
-0.926443 0.744004 1.833787 0.391011
-0.925596 0.755158 1.821587 0.397621
-0.915351 0.731734 1.804069 0.423115
-0.912816 0.753533 1.800401 0.419617
-0.911434 0.732436 1.804292 0.422651
-0.910837 0.736679 1.797340 0.424897
-0.910672 0.742736 1.835352 0.390070
-0.910654 0.769274 1.764392 0.428221
-0.908637 0.731197 1.803623 0.423646
-0.906550 0.716141 1.769550 0.445721
-0.903069 0.733139 1.804448 0.422239
-0.897744 0.736506 1.797630 0.424792
-0.896616 0.756459 1.820177 0.398243
-0.892208 0.732768 1.748704 0.429028
-0.890087 0.730758 1.803184 0.424148
-0.885124 0.736350 1.797887 0.424694
-0.884550 0.733803 1.804318 0.422038
-0.878167 0.741515 1.836789 0.389119
-0.876160 0.769806 1.765130 0.427506
-0.873264 0.736193 1.798163 0.424588
-0.868273 0.753125 1.801787 0.419168
-0.867174 0.754655 1.755451 0.445309
-0.863585 0.734245 1.804625 0.421731
-0.862809 0.730421 1.802783 0.424576
-0.861359 0.736027 1.798454 0.424481
-0.859264 0.758431 1.697027 0.459981
-0.856425 0.732772 1.747953 0.429079
-0.855573 0.757797 1.818966 0.398670
-0.851090 0.733398 1.748941 0.428967
-0.848254 0.735851 1.798736 0.424384
-0.839704 0.740325 1.838153 0.388223
-0.837225 0.716028 1.769960 0.445532
-0.837122 0.734590 1.804831 0.421544
-0.836625 0.735681 1.799033 0.424279
-0.835832 0.770320 1.765832 0.426799
-0.829675 0.730122 1.802528 0.424891
-0.825464 0.735471 1.799304 0.424203
-0.824552 0.752812 1.803266 0.418609
-0.815016 0.735232 1.799596 0.424134
-0.813033 0.732647 1.747975 0.428811
-0.808355 0.734839 1.804920 0.421483
-0.803823 0.734941 1.799859 0.424108
-0.803060 0.721134 1.824766 0.417218
-0.801377 0.739057 1.839452 0.387413
-0.801297 0.733482 1.749174 0.429208
-0.798774 0.731563 1.747351 0.424335
-0.798366 0.730301 1.802064 0.425084
-0.798352 0.758847 1.817890 0.399149
-0.796475 0.721835 1.822653 0.418092
-0.794328 0.734605 1.800117 0.424110
-0.794126 0.770783 1.766553 0.426114
-0.793130 0.756348 1.755619 0.444243
-0.789905 0.731299 1.747834 0.424572
-0.788072 0.734209 1.800367 0.424149
-0.786708 0.720564 1.826799 0.416344
-0.786345 0.732473 1.747369 0.428928
-0.782513 0.733762 1.800547 0.424253
-0.781878 0.730864 1.801573 0.425085
-0.781187 0.735025 1.805070 0.421407
-0.780329 0.752483 1.804824 0.417994
-0.778435 0.733275 1.800678 0.424400
-0.775820 0.731502 1.747740 0.424900
-0.775040 0.716061 1.770288 0.445274
-0.774355 0.731510 1.801168 0.424987
-0.773073 0.732746 1.800774 0.424602
-0.772989 0.722533 1.820519 0.418998
-0.771734 0.758617 1.697781 0.459500
-0.771486 0.732150 1.800916 0.424813
-0.771421 0.731678 1.747111 0.424084
-0.766573 0.731632 1.747713 0.425245
-0.761271 0.731830 1.746394 0.424088
-0.760158 0.731778 1.747696 0.425597
-0.757898 0.737777 1.840661 0.386675
-0.757061 0.732621 1.747236 0.428623
-0.754924 0.735173 1.805197 0.421363
-0.751326 0.771156 1.767238 0.425493
-0.750696 0.731929 1.747648 0.425968
-0.750227 0.733649 1.749420 0.429449
-0.743125 0.732076 1.747508 0.426406
-0.741695 0.720299 1.828604 0.415466
-0.737855 0.759896 1.816943 0.399528
-0.736920 0.723283 1.818399 0.419869
-0.735508 0.731945 1.745901 0.424027
-0.734262 0.732259 1.747429 0.426817
-0.732518 0.732685 1.747158 0.428325
-0.732390 0.752036 1.806413 0.417406
-0.729758 0.735283 1.805374 0.421320
-0.729049 0.732403 1.747408 0.427229
-0.724014 0.732530 1.747408 0.427589
-0.719863 0.716184 1.770616 0.444982
-0.719192 0.732647 1.747295 0.427946
-0.717759 0.757896 1.755928 0.443185
-0.712093 0.731917 1.745392 0.424096
-0.708696 0.735434 1.805642 0.421180
-0.705849 0.771446 1.767863 0.424941
-0.705016 0.736752 1.841794 0.385807
-0.697866 0.724066 1.816251 0.420794
-0.697731 0.733769 1.749541 0.429804
-0.687886 0.731890 1.745021 0.424150
-0.687758 0.735568 1.805917 0.421016
-0.685843 0.758752 1.698553 0.459003
-0.684761 0.720507 1.830095 0.414550
-0.683486 0.751600 1.808082 0.416756
-0.676331 0.760816 1.815990 0.399968
-0.671407 0.716322 1.770991 0.444659
-0.667986 0.731945 1.744670 0.424189
-0.667887 0.735708 1.806269 0.420769
-0.666073 0.735860 1.843103 0.384863
-0.659210 0.771655 1.768543 0.424403
-0.650995 0.731947 1.744419 0.424254
-0.648037 0.735891 1.806675 0.420449
-0.644688 0.734037 1.749685 0.430115
-0.640580 0.731965 1.744258 0.424300
-0.640084 0.759313 1.756324 0.442155
-0.635203 0.731950 1.744167 0.424311
-0.632655 0.725206 1.814358 0.421362
-0.631709 0.731895 1.744117 0.424289
-0.629486 0.751127 1.809772 0.416106
-0.628771 0.716377 1.771391 0.444353
-0.625571 0.736118 1.807058 0.420104
-0.624436 0.731785 1.744075 0.424262
-0.616393 0.731627 1.744124 0.424194
-0.609383 0.735053 1.844115 0.384007
-0.609330 0.731493 1.744230 0.424062
-0.607811 0.771754 1.769265 0.423898
-0.607581 0.761218 1.815085 0.400618
-0.604999 0.736285 1.807501 0.419742
-0.604122 0.731382 1.744326 0.423917
-0.604093 0.721065 1.830804 0.413879
-0.601450 0.731263 1.744406 0.423762
-0.600421 0.758869 1.699260 0.458512
-0.598537 0.731090 1.744546 0.423584
-0.594594 0.734168 1.749541 0.430687
-0.591449 0.716400 1.771804 0.444066
-0.588650 0.730927 1.744809 0.423321
-0.583921 0.736391 1.807939 0.419397
-0.571665 0.750645 1.811459 0.415452
-0.566919 0.730963 1.744905 0.423030
-0.562636 0.736418 1.808343 0.419106
-0.560480 0.760608 1.756825 0.441140
-0.559105 0.734271 1.845159 0.383137
-0.556090 0.726730 1.812803 0.421535
-0.556044 0.716376 1.772154 0.443830
-0.552065 0.771734 1.770065 0.423411
-0.546157 0.734584 1.749413 0.431122
-0.542954 0.736390 1.808645 0.418878
-0.541676 0.731098 1.744676 0.422869
-0.531278 0.761415 1.814476 0.401135
-0.525437 0.736320 1.808898 0.418698
-0.524807 0.721967 1.830922 0.413375
-0.523623 0.716293 1.772456 0.443647
-0.516832 0.759028 1.699930 0.458016
-0.515716 0.750254 1.813202 0.414714
-0.515660 0.731241 1.744402 0.422723
-0.511595 0.736256 1.809102 0.418554
-0.502405 0.736215 1.809280 0.418448
-0.502401 0.734799 1.749193 0.431736
-0.502350 0.733632 1.846018 0.382299
-0.495340 0.716192 1.772761 0.443502
-0.494627 0.736169 1.809415 0.418367
-0.494197 0.731244 1.743948 0.422744
-0.492063 0.771635 1.770964 0.422892
-0.484840 0.736115 1.809612 0.418268
-0.481896 0.761805 1.757462 0.440115
-0.477657 0.731334 1.743439 0.422738
-0.473467 0.736034 1.809844 0.418155
-0.470805 0.716060 1.772993 0.443414
-0.466209 0.728204 1.811438 0.421593
-0.462821 0.735049 1.748954 0.432366
-0.462129 0.723236 1.830443 0.413015
-0.461593 0.735962 1.810107 0.418036
-0.459414 0.731316 1.743015 0.422745
-0.456025 0.749850 1.814906 0.413987
-0.455031 0.737916 1.748344 0.436521
-0.453436 0.761596 1.814013 0.401553
-0.451450 0.715933 1.773191 0.443349
-0.450864 0.735890 1.810409 0.417906
-0.450820 0.738053 1.748299 0.435996
-0.447921 0.738104 1.748201 0.435563
-0.444623 0.731310 1.742594 0.422779
-0.444309 0.732991 1.846727 0.381560
-0.440619 0.737982 1.748044 0.435273
-0.440070 0.735793 1.810777 0.417753
-0.436748 0.715830 1.773342 0.443306
-0.436577 0.759219 1.700592 0.457525
-0.435624 0.737744 1.748528 0.437004
-0.433414 0.737827 1.747936 0.435006
-0.432203 0.731289 1.742245 0.422787
-0.428074 0.735675 1.811156 0.417600
-0.426686 0.735320 1.748691 0.432988
-0.424427 0.715741 1.773456 0.443270
-0.423781 0.771490 1.771835 0.422409
-0.423267 0.737584 1.747826 0.434795
-0.423106 0.731267 1.741908 0.422790
-0.414796 0.735536 1.811525 0.417455
-0.412410 0.731290 1.741508 0.422821
-0.409739 0.737525 1.748763 0.437481
-0.409498 0.737276 1.747856 0.434538
-0.408285 0.715608 1.773595 0.443250
-0.405499 0.724428 1.829641 0.412857
-0.404173 0.762948 1.758135 0.439107
-0.402746 0.735394 1.811923 0.417293
-0.396687 0.735719 1.748383 0.433533
-0.395838 0.731362 1.741023 0.422884
-0.392453 0.749416 1.816577 0.413281
-0.390218 0.735249 1.812360 0.417106
-0.389298 0.736939 1.747892 0.434238
-0.388113 0.732284 1.847357 0.380922
-0.385107 0.715409 1.773774 0.443196
-0.382722 0.737218 1.749057 0.437977
-0.379524 0.735084 1.812863 0.416893
-0.376765 0.736406 1.748171 0.433843
-0.374856 0.761756 1.813786 0.401805
-0.372786 0.731460 1.740463 0.423004
-0.369977 0.734910 1.813446 0.416643
-0.368804 0.729675 1.810220 0.421538
-0.367531 0.725656 1.828564 0.412845
-0.363077 0.734746 1.814135 0.416347
-0.361480 0.759468 1.701240 0.457030
-0.357061 0.736796 1.749514 0.438448
-0.355163 0.715172 1.773941 0.443098
-0.352392 0.734535 1.814884 0.416025
-0.349247 0.771237 1.772706 0.421969
-0.340077 0.734319 1.815714 0.415654
-0.339575 0.731419 1.739928 0.423171
-0.334636 0.731707 1.847999 0.380224
-0.328634 0.726680 1.827408 0.412978
-0.328487 0.736359 1.749834 0.439003
-0.323790 0.764062 1.758773 0.438155
-0.321385 0.734008 1.816589 0.415309
-0.320446 0.749080 1.818124 0.412584
-0.319613 0.714854 1.774073 0.442986
-0.306827 0.727751 1.826208 0.413114
-0.306414 0.733709 1.817577 0.414901
-0.299478 0.761787 1.813722 0.402013
-0.298834 0.735990 1.750144 0.439514
-0.294759 0.731512 1.739749 0.423034
-0.292766 0.728765 1.825036 0.413268
-0.290342 0.733219 1.818586 0.414577
-0.290084 0.759734 1.701825 0.456575
-0.284432 0.729659 1.823882 0.413464
-0.281822 0.732625 1.819625 0.414302
-0.279671 0.714476 1.774149 0.442876
-0.279129 0.730459 1.822769 0.413670
-0.277224 0.731135 1.848486 0.379619
-0.276380 0.731934 1.820653 0.414081
-0.275503 0.731198 1.821690 0.413886
-0.270760 0.731227 1.809004 0.421447
-0.269574 0.735730 1.750445 0.439945
-0.269310 0.770949 1.773573 0.421553
-0.268142 0.714470 1.764467 0.424781
-0.258424 0.731430 1.740224 0.422608
-0.257838 0.715455 1.763818 0.424177
-0.246290 0.735534 1.750753 0.440372
-0.245674 0.713602 1.764913 0.425476
-0.245227 0.716434 1.763081 0.423668
-0.242925 0.765150 1.759384 0.437260
-0.242342 0.731153 1.740959 0.422167
-0.240545 0.748699 1.819532 0.411987
-0.235778 0.714116 1.774172 0.442757
-0.233196 0.730865 1.741624 0.421805
-0.229840 0.761729 1.813776 0.402160
-0.228936 0.717439 1.762427 0.423168
-0.225462 0.735414 1.750929 0.440822
-0.222835 0.759948 1.702447 0.456146
-0.221833 0.730764 1.742105 0.421482
-0.218787 0.730541 1.742507 0.421266
-0.215921 0.730739 1.848868 0.378973
-0.215047 0.718445 1.761718 0.422756
-0.214845 0.712933 1.765290 0.426131
-0.208043 0.730515 1.742840 0.421024
-0.207749 0.735402 1.751102 0.441238
-0.200549 0.719431 1.760950 0.422466
-0.196479 0.730502 1.743187 0.420769
-0.192958 0.735422 1.751229 0.441617
-0.192386 0.770747 1.774669 0.421000
-0.189881 0.713797 1.774046 0.442641
-0.182665 0.720349 1.760105 0.422284
-0.182425 0.712471 1.765577 0.426730
-0.180053 0.735505 1.751338 0.441986
-0.178141 0.730650 1.743406 0.420522
-0.171936 0.732831 1.807863 0.421278
-0.166937 0.735629 1.751380 0.442370
-0.166825 0.761487 1.813903 0.402321
-0.160865 0.766080 1.760092 0.436416
-0.157680 0.760143 1.703044 0.455734
-0.156587 0.730295 1.849362 0.378307
-0.154914 0.735754 1.751354 0.442757
-0.153987 0.730776 1.743498 0.420384
-0.152382 0.748396 1.820789 0.411440
-0.151552 0.712197 1.765884 0.427228
-0.146656 0.721164 1.759468 0.422104
-0.144145 0.735912 1.751272 0.443093
-0.142527 0.713492 1.773866 0.442553
-0.133238 0.731030 1.743259 0.420386
-0.131422 0.736063 1.751147 0.443382
-0.124673 0.712088 1.766144 0.427664
-0.119298 0.736183 1.750959 0.443709
-0.111659 0.731169 1.743058 0.420461
-0.109726 0.761301 1.814045 0.402408
-0.109695 0.770503 1.775659 0.420530
-0.109087 0.721714 1.758598 0.422200
-0.105996 0.736323 1.750687 0.444040
-0.102454 0.712089 1.766388 0.428057
-0.095729 0.713170 1.773654 0.442450
-0.093752 0.731194 1.742829 0.420641
-0.092109 0.760265 1.703600 0.455376
-0.092104 0.736528 1.750308 0.444365
-0.089909 0.730205 1.849645 0.377544
-0.084225 0.712124 1.766628 0.428432
-0.078063 0.731366 1.742614 0.420743
-0.076930 0.766925 1.760779 0.435634
-0.076865 0.736814 1.749822 0.444692
-0.074741 0.734419 1.806647 0.421175
-0.067473 0.712203 1.766823 0.428786
-0.065070 0.722059 1.757777 0.422431
-0.061444 0.731511 1.742356 0.420902
-0.061133 0.760977 1.814264 0.402484
-0.059077 0.737211 1.749243 0.444990
-0.058038 0.748259 1.821915 0.410883
-0.051042 0.712291 1.766993 0.429139
-0.048996 0.712892 1.773394 0.442321
-0.048881 0.731844 1.741969 0.421049
-0.044739 0.737813 1.748565 0.445218
-0.033873 0.712380 1.767117 0.429516
-0.033346 0.732239 1.741510 0.421193
-0.026376 0.760373 1.704128 0.455064
-0.024147 0.770314 1.776526 0.420128
-0.023904 0.722468 1.756894 0.422691
-0.018276 0.760708 1.814480 0.402517
-0.016877 0.730051 1.849890 0.376837
-0.014634 0.712479 1.767264 0.429884
-0.013117 0.732754 1.741061 0.421267
-0.002153 0.712566 1.773160 0.442181
-0.001970 0.738135 1.748949 0.444980
0.001147 0.733469 1.740620 0.421198
0.005068 0.767710 1.761454 0.434872
0.007338 0.712566 1.767428 0.430284
0.017784 0.760449 1.814712 0.402546
0.019365 0.735979 1.805359 0.421131
0.022777 0.722815 1.756105 0.422955
0.031169 0.737862 1.749804 0.444788
0.031407 0.712707 1.767518 0.430723
0.034283 0.734024 1.740480 0.421010
0.038563 0.760403 1.704644 0.454801
0.039770 0.748190 1.822984 0.410333
0.046469 0.712293 1.772936 0.442007
0.047101 0.760152 1.814920 0.402555
0.053636 0.770163 1.777572 0.419621
0.059585 0.712819 1.767629 0.431199
0.059966 0.737458 1.750762 0.444627
0.060559 0.730266 1.849738 0.376134
0.068414 0.734503 1.740493 0.420719
0.068613 0.723233 1.755284 0.423214
0.072815 0.759917 1.815148 0.402537
0.084740 0.737092 1.751850 0.444393
0.085859 0.768435 1.762128 0.434132
0.090671 0.712934 1.767716 0.431709
0.095379 0.759668 1.815380 0.402511
0.096613 0.712095 1.772684 0.441783
0.102401 0.760355 1.705115 0.454599
0.102901 0.734819 1.740662 0.420425
0.114758 0.736722 1.752960 0.444187
0.115309 0.737592 1.804368 0.420889
0.117015 0.723681 1.754466 0.423445
0.118128 0.759421 1.815602 0.402490
0.122742 0.713082 1.767737 0.432261
0.130077 0.770152 1.778489 0.419122
0.131804 0.735017 1.740939 0.420104
0.139531 0.730524 1.849480 0.375454
0.140489 0.759160 1.815857 0.402468
0.142771 0.748192 1.823929 0.409818
0.144491 0.736262 1.754145 0.444025
0.147643 0.711980 1.772373 0.441530
0.152271 0.724535 1.753516 0.423528
0.153676 0.735087 1.741235 0.419838
0.155163 0.713218 1.767782 0.432813
0.163352 0.758836 1.816220 0.402430
0.164858 0.760222 1.705493 0.454511
0.165340 0.769102 1.762799 0.433425
0.168278 0.735025 1.741529 0.419608
0.175181 0.735856 1.755448 0.443765
0.178408 0.734969 1.741692 0.419475
0.182822 0.725452 1.752454 0.423651
0.186236 0.713404 1.767779 0.433383
0.186247 0.734803 1.741861 0.419368
0.188852 0.758445 1.816625 0.402412
0.193678 0.770228 1.779565 0.418473
0.198671 0.711910 1.771962 0.441277
0.202488 0.734735 1.742042 0.419243
0.204392 0.735455 1.756879 0.443434
0.214826 0.726588 1.751545 0.423570
0.216149 0.713730 1.767668 0.433946
0.218457 0.739011 1.803884 0.420462
0.218689 0.758046 1.817055 0.402356
0.218779 0.730868 1.849164 0.374756
0.223113 0.734625 1.742276 0.419111
0.225351 0.759991 1.705870 0.454495
0.241767 0.735029 1.758376 0.443067
0.244153 0.727633 1.750406 0.423633
0.245520 0.769628 1.763473 0.432791
0.246558 0.714005 1.767457 0.434562
0.247848 0.734645 1.742495 0.418959
0.248117 0.748170 1.824815 0.409353
0.248268 0.711922 1.771466 0.441018
0.250332 0.757612 1.817520 0.402302
0.260973 0.770362 1.780359 0.417929
0.274515 0.728877 1.749469 0.423443
0.276667 0.734648 1.742554 0.418876
0.277217 0.714257 1.767177 0.435224
0.277392 0.734617 1.760080 0.442573
0.283039 0.757200 1.818032 0.402189
0.287672 0.759676 1.706196 0.454579
0.292713 0.731482 1.848710 0.373989
0.294124 0.712071 1.770906 0.440694
0.304767 0.734749 1.742555 0.418805
0.308872 0.714508 1.766852 0.435908
0.311874 0.734036 1.761901 0.442102
0.316124 0.756741 1.818515 0.402117
0.316173 0.740355 1.803539 0.419998
0.323061 0.730011 1.748971 0.423003
0.323945 0.770090 1.764233 0.432138
0.324698 0.770494 1.781122 0.417386
0.330017 0.734828 1.742466 0.418792
0.332968 0.712412 1.770311 0.440290
0.338553 0.714758 1.766494 0.436597
0.348290 0.756328 1.819043 0.402000
0.349729 0.733641 1.763794 0.441501
0.352184 0.759305 1.706464 0.454730
0.353312 0.734899 1.742293 0.418828
0.356016 0.748256 1.825611 0.408872
0.366525 0.733665 1.765802 0.440626
0.367422 0.712778 1.769676 0.439948
0.367469 0.732043 1.847969 0.373393
0.368046 0.715022 1.766178 0.437200
0.372453 0.731049 1.748599 0.422497
0.376972 0.735027 1.742126 0.418857
0.380363 0.755920 1.819632 0.401856
0.381979 0.770746 1.781905 0.416762
0.389169 0.733908 1.767711 0.439686
0.391422 0.715150 1.765812 0.437856
0.394784 0.734091 1.787685 0.430578
0.395878 0.733510 1.789391 0.429988
0.397012 0.713202 1.769025 0.439654
0.400538 0.734804 1.785999 0.431063
0.402375 0.770478 1.764979 0.431526
0.402522 0.734411 1.769496 0.438683
0.403773 0.741635 1.803179 0.419573
0.404520 0.735214 1.741904 0.418900
0.412032 0.715125 1.765495 0.438515
0.412059 0.735476 1.784322 0.431522
0.413089 0.755449 1.820166 0.401769
0.414443 0.733073 1.791019 0.429348
0.415131 0.735985 1.782602 0.432086
0.420237 0.758895 1.706772 0.454919
0.421067 0.713639 1.768361 0.439419
0.421731 0.735189 1.771048 0.437658
0.422961 0.731906 1.748457 0.421945
0.432732 0.770869 1.782818 0.416114
0.436183 0.735924 1.772574 0.436651
0.436264 0.732741 1.847081 0.372813
0.440599 0.715461 1.765930 0.438507
0.440635 0.735380 1.741749 0.418922
0.440817 0.714095 1.767708 0.439215
0.441665 0.732690 1.792518 0.428746
0.443644 0.754966 1.820788 0.401662
0.444959 0.736473 1.780978 0.432588
0.449325 0.736250 1.774242 0.435762
0.453532 0.714574 1.767071 0.439005
0.455202 0.736786 1.775806 0.434808
0.457202 0.736746 1.779255 0.433256
0.457208 0.736838 1.777521 0.434006
0.458690 0.715034 1.766416 0.438810
0.461194 0.732555 1.793959 0.428073
0.465026 0.748275 1.826414 0.408414
0.473661 0.732436 1.748597 0.421356
0.474703 0.754473 1.821456 0.401532
0.480052 0.735573 1.741346 0.419064
0.480675 0.742806 1.802909 0.419145
0.481567 0.770761 1.765682 0.430985
0.486152 0.770887 1.783672 0.415538
0.488509 0.732419 1.795245 0.427469
0.491087 0.758451 1.707145 0.455110
0.496671 0.746390 1.833685 0.397364
0.496702 0.751430 1.776548 0.428795
0.497939 0.751158 1.775774 0.429243
0.498010 0.746155 1.834443 0.397087
0.498902 0.746631 1.832835 0.397682
0.499528 0.762673 1.777178 0.422849
0.500640 0.762179 1.778090 0.422616
0.500714 0.745983 1.835110 0.396815
0.503184 0.751231 1.775048 0.429460
0.504259 0.763034 1.776345 0.423086
0.504534 0.746957 1.831903 0.397990
0.505068 0.745852 1.835652 0.396561
0.505320 0.761596 1.779097 0.422378
0.505386 0.753936 1.822097 0.401446
0.507854 0.751921 1.777282 0.428229
0.508330 0.733411 1.846526 0.372066
0.509777 0.745750 1.836081 0.396317
0.511120 0.774279 1.719968 0.420881
0.511634 0.751492 1.774548 0.429416
0.512924 0.774589 1.717235 0.421694
0.513193 0.763303 1.775596 0.423289
0.513577 0.747326 1.830902 0.398312
0.514325 0.745649 1.836395 0.396072
0.514783 0.732418 1.796443 0.426844
0.516837 0.773857 1.722652 0.420124
0.517387 0.760782 1.780141 0.422281
0.518111 0.745582 1.836626 0.395802
0.519175 0.732816 1.748774 0.420789
0.520239 0.751694 1.774224 0.429263
0.521764 0.752552 1.778058 0.427586
0.522102 0.745488 1.836846 0.395508
0.523117 0.763542 1.774929 0.423440
0.524500 0.735900 1.740906 0.419178
0.525011 0.747705 1.829852 0.398652
0.527060 0.751837 1.773963 0.429087
0.527347 0.760015 1.781409 0.422045
0.527931 0.774977 1.714499 0.422481
0.528155 0.745394 1.837064 0.395153
0.533475 0.763753 1.774351 0.423556
0.534228 0.751946 1.773759 0.428914
0.534526 0.733016 1.824086 0.371547
0.535517 0.753394 1.822745 0.401366
0.537757 0.748113 1.828755 0.398993
0.537977 0.759281 1.782860 0.421666
0.538104 0.773471 1.725252 0.419377
0.538237 0.770744 1.784547 0.415019
0.540827 0.775416 1.711731 0.423241
0.541685 0.733120 1.824625 0.371556
0.542964 0.752051 1.773561 0.428733
0.545459 0.763920 1.773861 0.423664
0.546688 0.732460 1.797521 0.426287
0.547182 0.743821 1.802743 0.418746
0.547668 0.733218 1.825216 0.371586
0.548788 0.753201 1.778840 0.426918
0.553363 0.758515 1.784452 0.421197
0.553437 0.733319 1.825828 0.371634
0.554249 0.752200 1.773351 0.428544
0.555995 0.733218 1.748835 0.420228
0.556775 0.748540 1.827645 0.399316
0.558719 0.764082 1.773479 0.423764
0.559079 0.771003 1.766392 0.430451
0.559333 0.733430 1.826466 0.371716
0.560335 0.775637 1.708970 0.424099
0.565921 0.733551 1.827111 0.371783
0.566239 0.752887 1.823366 0.401275
0.567898 0.736445 1.740377 0.419196
0.568473 0.758058 1.707449 0.455330
0.569000 0.773106 1.727780 0.418674
0.570018 0.752393 1.773203 0.428259
0.572490 0.764279 1.773151 0.423870
0.573314 0.733646 1.827758 0.371863
0.573514 0.734187 1.845757 0.371377
0.573553 0.748354 1.827169 0.407942
0.577123 0.748963 1.826522 0.399638
0.579521 0.733754 1.828419 0.371946
0.582038 0.757684 1.786095 0.420717
0.584845 0.732530 1.798477 0.425843
0.585156 0.753987 1.779483 0.426240
0.586432 0.733870 1.829099 0.372021
0.588453 0.764510 1.772886 0.423942
0.588523 0.775545 1.706300 0.425093
0.588742 0.752630 1.773056 0.427925
0.590148 0.733551 1.748847 0.419709
0.593935 0.734022 1.829801 0.372077
0.595673 0.752349 1.823931 0.401239
0.596682 0.770304 1.785179 0.414751
0.597139 0.749345 1.825409 0.399970
0.598859 0.734240 1.830560 0.372084
0.601332 0.744740 1.802542 0.418398
0.602831 0.772640 1.730227 0.418022
0.606438 0.752911 1.772938 0.427534
0.606918 0.734459 1.831361 0.372064
0.607537 0.764764 1.772650 0.423990
0.612514 0.756763 1.787795 0.420245
0.616173 0.734720 1.832216 0.371988
0.617495 0.749680 1.824305 0.400312
0.618382 0.736883 1.739968 0.419212
0.625154 0.753195 1.772856 0.427109
0.625321 0.733893 1.748856 0.419192
0.625682 0.754828 1.780058 0.425552
0.625697 0.751871 1.824478 0.401181
0.626247 0.732599 1.799332 0.425498
0.627024 0.735087 1.844808 0.370724
0.628705 0.775366 1.703750 0.426118
0.629143 0.735042 1.833099 0.371871
0.629417 0.765036 1.772373 0.424049
0.635983 0.771199 1.767026 0.429973
0.638739 0.750095 1.823232 0.400559
0.641291 0.755819 1.789555 0.419752
0.641790 0.771998 1.732551 0.417537
0.642712 0.753493 1.772802 0.426655
0.644908 0.745554 1.802336 0.418099
0.646187 0.735349 1.834038 0.371732
0.647103 0.769886 1.785977 0.414363
0.651215 0.757722 1.707692 0.455593
0.656076 0.751324 1.824945 0.401202
0.656103 0.765359 1.772125 0.424055
0.656266 0.735663 1.835106 0.371510
0.659120 0.753789 1.772804 0.426183
0.663080 0.738162 1.808880 0.377353
0.663716 0.754862 1.791336 0.419257
0.666157 0.734336 1.748728 0.418677
0.666835 0.735996 1.836266 0.371240
0.667873 0.732670 1.800121 0.425179
0.667889 0.737315 1.739533 0.419214
0.670119 0.755674 1.780647 0.424833
0.671989 0.735748 1.843473 0.370425
0.678388 0.754103 1.772791 0.425724
0.678524 0.771169 1.734808 0.417210
0.678770 0.746308 1.801932 0.417934
0.680605 0.774909 1.701429 0.427224
0.680995 0.736580 1.837398 0.370862
0.685249 0.765729 1.771855 0.424035
0.685320 0.748372 1.827653 0.407648
0.686913 0.736364 1.841918 0.370314
0.688876 0.750778 1.825384 0.401238
0.689068 0.738684 1.807971 0.377785
0.689183 0.753838 1.793010 0.418856
0.690810 0.736817 1.838800 0.370549
0.695334 0.736768 1.840348 0.370336
0.695584 0.769417 1.786742 0.413971
0.700370 0.754448 1.772801 0.425268
0.706381 0.747024 1.801372 0.417860
0.708011 0.752817 1.794644 0.418480
0.709665 0.771360 1.767667 0.429487
0.712232 0.732764 1.800780 0.424881
0.716704 0.734718 1.748586 0.418221
0.717471 0.770326 1.736987 0.416914
0.717740 0.756554 1.781283 0.424043
0.717853 0.766126 1.771571 0.424003
0.717965 0.739198 1.807058 0.378227
0.719141 0.773916 1.699340 0.428517
0.719704 0.737568 1.739364 0.419130
0.723634 0.750184 1.825757 0.401332
0.724036 0.751785 1.796172 0.418173
0.724766 0.747847 1.800704 0.417788
0.728015 0.754813 1.772804 0.424827
0.732359 0.769022 1.787669 0.413418
0.733386 0.748758 1.799873 0.417752
0.734867 0.750783 1.797623 0.417901
0.737423 0.749713 1.798822 0.417811
0.738171 0.757433 1.707763 0.455936
0.749259 0.739702 1.806198 0.378606
0.753136 0.742817 1.694177 0.446131
0.753137 0.741155 1.694392 0.446857
0.753221 0.744525 1.693993 0.445365
0.754146 0.746265 1.693814 0.444564
0.755792 0.739551 1.694729 0.447474
0.756423 0.769373 1.739072 0.416696
0.756961 0.772674 1.697520 0.429848
0.757444 0.732916 1.801342 0.424571
0.757733 0.766458 1.771321 0.423979
0.758737 0.748024 1.693702 0.443706
0.759455 0.749505 1.826007 0.401554
0.759736 0.757164 1.693746 0.438811
0.760096 0.755259 1.693712 0.439836
0.761325 0.755192 1.772809 0.424396
0.763196 0.749801 1.693658 0.442803
0.764257 0.753421 1.693588 0.440886
0.766002 0.759133 1.693672 0.437822
0.766142 0.751603 1.693544 0.441890
0.766205 0.738025 1.695062 0.448069
0.768248 0.737653 1.739375 0.418996
0.773876 0.768555 1.788441 0.412923
0.774441 0.734933 1.748479 0.417859
0.776682 0.757511 1.781722 0.423311
0.776709 0.761163 1.693560 0.436868
0.777101 0.736550 1.695439 0.448609
0.780429 0.771441 1.768345 0.429011
0.782169 0.740193 1.805337 0.378922
0.786628 0.771349 1.695788 0.431207
0.787621 0.763240 1.693505 0.435902
0.790374 0.735126 1.695720 0.449185
0.795162 0.748579 1.828161 0.407233
0.797089 0.748803 1.826202 0.401835
0.797451 0.765351 1.693601 0.434882
0.799094 0.755587 1.772810 0.423962
0.802172 0.733727 1.696144 0.449643
0.802291 0.766787 1.771102 0.423967
0.802885 0.768507 1.741046 0.416470
0.804031 0.733058 1.801867 0.424260
0.808401 0.769529 1.694653 0.432531
0.808506 0.767459 1.693977 0.433760
0.812242 0.737633 1.739493 0.418850
0.816055 0.768097 1.789168 0.412425
0.817905 0.740607 1.804455 0.379221
0.825357 0.732394 1.696562 0.450070
0.827112 0.757191 1.707813 0.456332
0.831092 0.735169 1.748284 0.417542
0.837971 0.758460 1.782346 0.422473
0.840729 0.755984 1.772825 0.423551
0.842995 0.759200 1.688437 0.444649
0.843367 0.748278 1.826238 0.402114
0.845214 0.759592 1.689057 0.444039
0.849059 0.758997 1.687735 0.445202
0.849571 0.767588 1.742928 0.416309
0.849585 0.771491 1.769010 0.428544
0.849652 0.733307 1.802398 0.423871
0.852058 0.737504 1.739716 0.418720
0.854403 0.760042 1.689681 0.443417
0.854626 0.731164 1.696877 0.450513
0.855117 0.766970 1.771037 0.423970
0.856082 0.740933 1.803532 0.379530
0.858105 0.758909 1.687021 0.445698
0.862952 0.767632 1.789738 0.412007
0.871795 0.758947 1.686346 0.446107
0.883840 0.756383 1.772858 0.423173
0.884229 0.760648 1.690021 0.442900
0.884686 0.735348 1.748031 0.417288
0.887004 0.759056 1.685690 0.446461
0.887897 0.766518 1.744733 0.416287
0.890881 0.737352 1.739967 0.418587
0.891983 0.730120 1.696817 0.451077
0.895347 0.747929 1.826145 0.402370
0.895479 0.756577 1.684840 0.447745
0.896123 0.741276 1.802574 0.379818
0.898741 0.757889 1.684227 0.447654
0.899023 0.733542 1.802835 0.423522
0.900670 0.755060 1.685303 0.447959
0.903276 0.767211 1.790433 0.411474
0.904063 0.748973 1.828531 0.406787
0.904510 0.759226 1.685114 0.446736
0.907728 0.759489 1.782785 0.421687
0.908588 0.753419 1.685676 0.448243
0.912760 0.767149 1.771167 0.423881
0.915089 0.771500 1.769740 0.428048
0.919272 0.761386 1.690145 0.442445
0.919814 0.757255 1.707854 0.456579
0.921749 0.759392 1.684635 0.446959
0.922892 0.751668 1.686021 0.448572
0.926951 0.756728 1.772813 0.422898
0.930192 0.758833 1.683670 0.447690
0.930207 0.729379 1.696336 0.451742
0.930433 0.737192 1.740249 0.418449
0.932485 0.735386 1.747842 0.417076
0.932989 0.765573 1.746372 0.416244
0.936143 0.747427 1.825682 0.402938
0.937843 0.759539 1.684216 0.447165
0.938260 0.741544 1.801641 0.380109
0.943059 0.766877 1.791126 0.410880
0.943438 0.749859 1.686217 0.449008
0.950835 0.733765 1.803202 0.423222
0.952840 0.759718 1.683877 0.447316
0.954149 0.762276 1.690162 0.441972
0.964422 0.729281 1.695392 0.452360
0.964834 0.757041 1.772784 0.422686
0.965207 0.759498 1.683318 0.447689
0.967291 0.747961 1.686426 0.449483
0.968033 0.759856 1.683512 0.447477
0.969619 0.735446 1.747600 0.416880
0.972106 0.737095 1.740554 0.418249
0.972783 0.764586 1.747908 0.416314
0.975066 0.746765 1.825295 0.403532
0.975726 0.767287 1.771328 0.423813
0.980618 0.741802 1.800705 0.380382
0.981039 0.771535 1.770360 0.427589
0.983923 0.760524 1.783059 0.420982
0.983956 0.766587 1.791778 0.410258
0.989341 0.763153 1.690263 0.441469
0.991898 0.760051 1.683175 0.447567
0.994681 0.735484 1.747381 0.416695
0.997768 0.757256 1.772625 0.422605
1.002428 0.746052 1.686381 0.450171
1.004382 0.734044 1.803466 0.422944
1.005756 0.729582 1.694497 0.452764
1.005892 0.746050 1.824750 0.404250
1.012539 0.749327 1.828893 0.406368
1.013275 0.735484 1.747176 0.416526
1.015442 0.757313 1.707968 0.456762
1.016239 0.737016 1.740911 0.418035
1.019894 0.754406 1.812983 0.403833
1.020428 0.763959 1.690380 0.440950
1.022561 0.763919 1.749290 0.416283
1.022697 0.757387 1.772465 0.422613
1.027299 0.766325 1.792352 0.409680
1.033075 0.735501 1.746978 0.416366
1.035721 0.745252 1.824228 0.404995
1.037686 0.767412 1.771783 0.423586
1.040767 0.757436 1.772280 0.422700
1.041329 0.744113 1.686313 0.450955
1.041824 0.730138 1.693456 0.453142
1.045761 0.771542 1.770963 0.427137
1.048155 0.764704 1.690425 0.440495
1.053701 0.757443 1.772095 0.422816
1.056657 0.754949 1.812095 0.404261
1.058185 0.734362 1.803660 0.422678
1.059457 0.761657 1.783044 0.420384
1.061500 0.736856 1.741384 0.417825
1.061666 0.735606 1.746694 0.416196
1.064034 0.744418 1.823621 0.405803
1.066758 0.757420 1.771860 0.422979
1.067670 0.765371 1.690455 0.440078
1.070540 0.763309 1.750602 0.416266
1.073588 0.766112 1.792822 0.409131
1.079090 0.730881 1.692289 0.453511
1.080068 0.757366 1.771554 0.423183
1.082106 0.765903 1.690405 0.439767
1.083535 0.742063 1.686614 0.451638
1.091389 0.743486 1.822967 0.406695
1.092199 0.766289 1.690356 0.439529
1.093589 0.755431 1.811179 0.404762
1.093878 0.757276 1.771114 0.423474
1.098315 0.767566 1.772340 0.423274
1.098416 0.735732 1.746270 0.416099
1.099533 0.766544 1.690314 0.439358
1.104673 0.732008 1.690954 0.453774
1.104839 0.766719 1.690259 0.439232
1.107808 0.766848 1.690207 0.439150
1.107855 0.757126 1.770589 0.423827
1.108114 0.771406 1.771658 0.426703
1.108887 0.766891 1.690176 0.439099
1.109860 0.736749 1.741800 0.417643
1.110129 0.766944 1.690137 0.439040
1.111130 0.734745 1.803735 0.422453
1.113321 0.767103 1.690069 0.438944
1.113504 0.757531 1.707792 0.456973
1.114497 0.762683 1.751820 0.416305
1.116675 0.742509 1.822188 0.407689
1.117113 0.749792 1.829347 0.405835
1.117540 0.763108 1.782625 0.419857
1.119023 0.767348 1.690010 0.438824
1.122570 0.739937 1.687092 0.452319
1.122786 0.766074 1.793123 0.408616
1.123298 0.733480 1.689565 0.453896
1.123497 0.756934 1.770055 0.424198
1.126325 0.767629 1.689949 0.438689
1.132579 0.735432 1.688417 0.453640
1.133076 0.737653 1.687672 0.453039
1.133755 0.755884 1.810284 0.405311
1.136470 0.767926 1.689905 0.438544
1.136625 0.756691 1.769470 0.424617
1.142570 0.735969 1.745801 0.415996
1.145801 0.741330 1.821488 0.408737
1.147402 0.768249 1.689868 0.438388
1.151242 0.756441 1.768840 0.425021
1.156947 0.762037 1.753024 0.416362
1.157658 0.767737 1.772992 0.422862
1.161070 0.768566 1.689844 0.438226
1.161769 0.736587 1.742055 0.417583
1.164424 0.735092 1.803732 0.422289
1.166048 0.764598 1.782143 0.419333
1.166142 0.756267 1.768127 0.425401
1.166744 0.771236 1.772452 0.426229
1.171233 0.756279 1.809331 0.405982
1.173398 0.766083 1.793275 0.408155
1.173888 0.739998 1.820793 0.409857
1.175628 0.768880 1.689808 0.438065
1.179898 0.718577 1.814144 0.425014
1.180112 0.719396 1.815970 0.423521
1.181131 0.717879 1.812236 0.426482
1.181251 0.756199 1.767337 0.425732
1.188612 0.717325 1.810259 0.427911
1.189097 0.769207 1.689730 0.437890
1.190031 0.736269 1.745250 0.415959
1.192854 0.756262 1.766463 0.426008
1.193366 0.720495 1.817570 0.422000
1.195705 0.738305 1.820452 0.410959
1.201596 0.761430 1.754185 0.416424
1.204809 0.716804 1.808263 0.429315
1.205053 0.769468 1.689688 0.437732
1.205164 0.766041 1.781393 0.418989
1.205903 0.756471 1.765570 0.426175
1.206874 0.721922 1.818878 0.420490
1.210991 0.756601 1.808373 0.406681
1.213907 0.736422 1.820260 0.412073
1.214953 0.757617 1.707655 0.457169
1.215417 0.736584 1.742075 0.417607
1.215477 0.725853 1.820006 0.417769
1.216130 0.723788 1.819642 0.419068
1.216625 0.756771 1.764615 0.426289
1.217103 0.735424 1.803725 0.422127
1.217557 0.767917 1.773644 0.422431
1.217833 0.730185 1.820056 0.415479
1.219676 0.750389 1.829740 0.405274
1.220043 0.728024 1.820006 0.416632
1.221742 0.732341 1.820028 0.414362
1.222328 0.734424 1.820099 0.413227
1.222858 0.766134 1.793384 0.407704
1.223339 0.769629 1.689667 0.437613
1.225165 0.770935 1.773229 0.425813
1.227762 0.757148 1.763638 0.426316
1.230517 0.716375 1.806241 0.430690
1.234487 0.736614 1.744593 0.415993
1.239309 0.757570 1.762670 0.426290
1.240753 0.769689 1.689562 0.437597
1.244903 0.767403 1.780773 0.418614
1.244920 0.760772 1.755354 0.416524
1.250390 0.756918 1.807369 0.407407
1.255466 0.758058 1.761764 0.426170
1.256213 0.769500 1.689520 0.437690
1.261871 0.716028 1.804186 0.432043
1.268917 0.736552 1.741961 0.417726
1.269916 0.735703 1.803674 0.422038
1.269979 0.769175 1.689556 0.437840
1.271701 0.766236 1.793432 0.407266
1.273873 0.758520 1.760901 0.426036
1.275836 0.768151 1.774394 0.421896
1.276045 0.736916 1.744017 0.416072
1.278006 0.768766 1.780186 0.418228
1.281599 0.770804 1.774048 0.425263
1.283886 0.768765 1.689580 0.438055
1.288810 0.757288 1.806314 0.408135
1.289682 0.760084 1.756484 0.416641
1.293061 0.758974 1.760113 0.425849
1.298670 0.768285 1.689661 0.438300
1.301483 0.715810 1.802095 0.433346
1.308731 0.737211 1.743482 0.416165
1.310409 0.759367 1.759360 0.425707
1.318260 0.757640 1.805132 0.408936
1.318791 0.767803 1.689872 0.438510
1.319640 0.766366 1.793422 0.406847
1.319943 0.736658 1.741556 0.417942
1.320720 0.757553 1.707594 0.457329
1.320820 0.769725 1.779234 0.418274
1.321533 0.750848 1.830171 0.404770
1.321788 0.735932 1.803610 0.421975
1.329914 0.759736 1.758718 0.425499
1.333213 0.770376 1.774976 0.424807
1.334940 0.737453 1.743108 0.416237
1.335622 0.759403 1.757615 0.416753
1.336079 0.768399 1.775113 0.421361
1.342436 0.758013 1.803869 0.409773
1.343211 0.715792 1.799950 0.434583
1.347458 0.760074 1.758121 0.425293
1.349405 0.767563 1.690161 0.438585
1.352615 0.737621 1.742749 0.416350
1.364580 0.760384 1.757604 0.425086
1.366450 0.766524 1.793342 0.406466
1.371102 0.737818 1.742418 0.416474
1.371694 0.769819 1.778194 0.418830
1.371960 0.736057 1.803481 0.421998
1.374309 0.736796 1.741164 0.418139
1.374902 0.758461 1.802619 0.410563
1.377752 0.758637 1.758725 0.416920
1.377977 0.767559 1.690690 0.438443
1.379340 0.770081 1.776019 0.424211
1.380380 0.760661 1.757142 0.424892
1.380463 0.768840 1.776057 0.420591
1.388611 0.716054 1.797793 0.435685
1.396377 0.760892 1.756723 0.424705
1.401934 0.738008 1.742065 0.416649
1.402268 0.769633 1.776975 0.419638
1.406711 0.767717 1.691251 0.438220
1.408725 0.758964 1.801345 0.411351
1.410470 0.766727 1.793229 0.406074
1.412434 0.761104 1.756325 0.424547
1.418417 0.751392 1.830703 0.404175
1.419738 0.769706 1.777182 0.423595
1.420415 0.757976 1.759795 0.417010
1.420506 0.736160 1.803388 0.422036
1.427450 0.716617 1.795605 0.436648
1.428749 0.761332 1.755918 0.424448
1.430196 0.737284 1.740745 0.418178
1.430737 0.757492 1.707557 0.457410
1.434514 0.767967 1.691877 0.437971
1.439557 0.759432 1.800012 0.412213
1.446199 0.738193 1.741763 0.416816
1.447145 0.761596 1.755531 0.424383
1.453192 0.766912 1.793064 0.405705
1.457676 0.757308 1.760856 0.417150
1.460193 0.769256 1.778360 0.422996
1.461755 0.768343 1.692518 0.437710
1.461845 0.717365 1.793451 0.437496
1.467018 0.736185 1.803262 0.422156
1.467306 0.761900 1.755134 0.424339
1.477354 0.759943 1.798700 0.413026
1.486471 0.737885 1.740128 0.418287
1.489557 0.768856 1.693104 0.437451
1.490402 0.762218 1.754682 0.424345
1.491123 0.756628 1.761856 0.417292
1.491556 0.718222 1.791345 0.438254
1.493289 0.767140 1.792839 0.405346
1.497657 0.768788 1.779600 0.422365
1.500797 0.738069 1.741573 0.417049
1.509259 0.752041 1.831306 0.403487
1.512011 0.736190 1.803137 0.422271
1.514002 0.719116 1.789277 0.438974
1.514387 0.760479 1.797337 0.413845
1.517218 0.762573 1.754156 0.424382
1.517701 0.769392 1.693733 0.437219
1.528560 0.756030 1.762764 0.417401
1.531022 0.767391 1.792556 0.405004
1.531360 0.768254 1.780898 0.421721
1.533113 0.720067 1.787293 0.439620
1.544171 0.769892 1.694483 0.437002
1.545452 0.757365 1.707611 0.457410
1.547844 0.720983 1.785395 0.440236
1.548493 0.761267 1.795937 0.414544
1.549513 0.762970 1.753557 0.424430
1.552063 0.738514 1.739640 0.418320
1.556291 0.736212 1.803063 0.422328
1.559012 0.767715 1.782277 0.421023
1.560070 0.721855 1.783529 0.440828
1.560392 0.737640 1.741694 0.417235
1.563875 0.755438 1.763758 0.417495
1.566637 0.767639 1.792274 0.404658
1.571066 0.770381 1.695296 0.436810
1.571294 0.722624 1.781700 0.441400
1.572243 0.762043 1.794443 0.415285
1.580723 0.767129 1.783719 0.420308
1.582119 0.723400 1.779863 0.441899
1.585855 0.763344 1.752894 0.424559
1.594735 0.766535 1.785224 0.419553
1.595372 0.724166 1.777985 0.442365
1.596557 0.762904 1.792976 0.415938
1.599223 0.736228 1.802943 0.422401
1.599365 0.752711 1.831781 0.402858
1.599814 0.767888 1.791951 0.404322
1.600768 0.770867 1.696073 0.436674
1.603152 0.754878 1.764735 0.417557
1.607458 0.763707 1.791427 0.416632
1.610642 0.765877 1.786737 0.418825
1.614656 0.765190 1.788298 0.418083
1.614816 0.764450 1.789862 0.417357
1.615068 0.724957 1.776031 0.442788
1.617046 0.737270 1.742378 0.417016
1.626531 0.763756 1.752293 0.424685
1.627921 0.738924 1.739209 0.418445
1.630983 0.768137 1.791597 0.404002
1.632218 0.771311 1.696815 0.436598
1.639229 0.725796 1.773923 0.443203
1.641459 0.736292 1.802772 0.422472
1.644016 0.754338 1.765652 0.417630
1.661041 0.768370 1.791234 0.403692
1.663937 0.771677 1.697507 0.436582
1.664454 0.757136 1.707768 0.457326
1.671515 0.726699 1.771644 0.443663
1.671792 0.764088 1.751798 0.424819
1.672841 0.736839 1.743101 0.416753
1.683340 0.753787 1.766588 0.417729
1.683831 0.736404 1.802598 0.422520
1.686404 0.753455 1.832270 0.402181
1.689515 0.768621 1.790854 0.403348
1.693752 0.772040 1.698105 0.436607
1.707868 0.736193 1.744137 0.416434
1.707900 0.739218 1.738670 0.418671
1.713249 0.727731 1.769174 0.444121
1.718933 0.768855 1.790521 0.403014
1.719481 0.764319 1.751372 0.424958
1.720284 0.772323 1.698686 0.436676
1.724912 0.736495 1.802398 0.422598
1.727227 0.753351 1.767477 0.417773
1.734913 0.735611 1.745222 0.416051
1.744241 0.772556 1.699238 0.436794
1.746360 0.769125 1.790120 0.402651
1.753030 0.735062 1.746333 0.415660
1.755778 0.728940 1.766550 0.444564
1.764893 0.736607 1.802164 0.422700
1.765967 0.772754 1.699721 0.436975
1.768164 0.764434 1.750959 0.425144
1.770720 0.734555 1.747422 0.415280
1.771489 0.752900 1.768354 0.417832
1.772909 0.754233 1.832714 0.401507
1.774968 0.769395 1.789735 0.402269
1.782676 0.756480 1.708269 0.457228
1.784269 0.772935 1.700169 0.437235
1.786942 0.734117 1.748550 0.414863
1.795720 0.739195 1.738498 0.418769
1.799515 0.773132 1.700567 0.437508
1.802984 0.730115 1.763753 0.445052
1.804110 0.736757 1.801908 0.422799
1.804174 0.769674 1.789302 0.401884
1.806457 0.733628 1.749684 0.414466
1.812599 0.773333 1.700949 0.437807
1.817562 0.752503 1.769207 0.417874
1.820139 0.764542 1.750601 0.425324
1.826549 0.773557 1.701298 0.438095
1.834593 0.769963 1.788950 0.401455
1.839020 0.731256 1.760751 0.445714
1.842161 0.773763 1.701671 0.438373
1.843801 0.736914 1.801679 0.422877
1.848935 0.733306 1.750628 0.414105
1.860198 0.773950 1.702051 0.438636
1.862567 0.754915 1.833111 0.400920
1.863461 0.752101 1.770080 0.417912
1.864594 0.770248 1.788560 0.401032
1.874325 0.764512 1.750279 0.425564
1.879852 0.738782 1.738920 0.418662
1.880467 0.774143 1.702476 0.438835
1.883639 0.737072 1.801488 0.422933
1.890398 0.732380 1.757709 0.446366
1.895884 0.770495 1.788176 0.400630
1.898036 0.755588 1.709106 0.457124
1.902942 0.774335 1.702905 0.439018
1.910418 0.737504 1.740105 0.418496
1.912967 0.751692 1.770971 0.417945
1.913806 0.733293 1.750920 0.413938
1.923427 0.737203 1.801302 0.422994
1.923765 0.774528 1.703325 0.439199
1.926677 0.770732 1.787759 0.400219
1.931610 0.764454 1.750047 0.425783
1.933641 0.733593 1.754591 0.447052
1.939660 0.736527 1.741390 0.418127
1.940959 0.735659 1.742728 0.417657
1.945618 0.774708 1.703694 0.439394
1.948756 0.755652 1.833595 0.400265
1.958437 0.771002 1.787326 0.399821
1.961324 0.737295 1.801013 0.423140
1.968109 0.735296 1.743955 0.417007
1.968274 0.774878 1.704121 0.439576
1.969420 0.751437 1.771836 0.417897
1.971077 0.733425 1.750209 0.414250
1.977061 0.734829 1.751473 0.447718
1.988715 0.734884 1.745168 0.416409
1.989107 0.764311 1.749901 0.426019
1.994130 0.775070 1.704621 0.439731
1.995600 0.771324 1.786926 0.399411
1.995700 0.733581 1.748978 0.414846
1.997543 0.737341 1.800658 0.423349
1.997606 0.733790 1.747668 0.415469
1.999158 0.754406 1.710493 0.456946
2.000786 0.734379 1.746409 0.415900
2.026745 0.736006 1.748390 0.448424
2.026801 0.775239 1.705157 0.439869
2.030348 0.751180 1.772721 0.417846
2.033207 0.737389 1.800279 0.423564
2.033953 0.756302 1.834173 0.399607
2.037770 0.771702 1.786493 0.399029
2.047295 0.764066 1.749889 0.426243
2.066534 0.775405 1.705763 0.439972
2.066804 0.737412 1.799835 0.423835
2.070821 0.737251 1.745335 0.449103
2.085149 0.772136 1.786056 0.398649
2.089592 0.753300 1.712262 0.456571
2.098925 0.737407 1.799343 0.424152
2.101732 0.750954 1.773468 0.417839
2.106603 0.763735 1.749904 0.426463
2.110233 0.775545 1.706493 0.440019
2.110662 0.738549 1.742307 0.449772
2.121745 0.756880 1.834684 0.399031
2.131306 0.737410 1.798843 0.424465
2.136227 0.772586 1.785520 0.398365
2.152588 0.739913 1.739309 0.450382
2.158686 0.775620 1.707248 0.440087
2.161633 0.737413 1.798302 0.424803
2.162148 0.752143 1.714362 0.456066
2.167908 0.763366 1.750053 0.426614
2.182542 0.750834 1.774109 0.417866
2.191358 0.737459 1.797767 0.425114
2.192837 0.773082 1.784978 0.398119
2.194024 0.741219 1.736307 0.451028
2.210137 0.775750 1.707998 0.440133
2.211730 0.757327 1.835144 0.398547
2.214373 0.750774 1.716654 0.455595
2.219645 0.737515 1.797201 0.425441
2.227475 0.742585 1.733310 0.451676
2.233044 0.763021 1.750295 0.426691
2.249370 0.737594 1.796600 0.425773
2.250329 0.749450 1.719140 0.455008
2.250595 0.773652 1.784287 0.398013
2.251046 0.743904 1.730300 0.452403
2.263388 0.775890 1.708734 0.440143
2.267487 0.748026 1.721750 0.454436
2.269519 0.745286 1.727349 0.453091
2.271852 0.750791 1.774547 0.417965
2.272624 0.746657 1.724497 0.453781
2.276916 0.737725 1.795919 0.426129
2.299059 0.762609 1.750657 0.426720
2.300833 0.737937 1.795174 0.426471
2.301438 0.757658 1.835559 0.398144
2.312966 0.774271 1.783602 0.397965
2.316322 0.776003 1.709484 0.440145
2.321695 0.738249 1.794403 0.426783
2.341962 0.738630 1.793624 0.427055
2.359456 0.739104 1.792802 0.427298
2.366372 0.762219 1.751131 0.426653
2.367288 0.750629 1.774740 0.418228
2.368885 0.776187 1.710191 0.440129
2.374353 0.739656 1.791962 0.427492
2.377193 0.774984 1.782886 0.397949
2.387458 0.740243 1.791108 0.427637
2.391033 0.757899 1.835874 0.397845
2.397475 0.740828 1.790231 0.427761
2.409436 0.741378 1.789368 0.427866
2.412600 0.744998 1.782184 0.427982
2.413893 0.744816 1.782602 0.427890
2.414011 0.745180 1.781681 0.428123
2.415267 0.744648 1.782959 0.427848
2.416510 0.744513 1.783284 0.427832
2.417039 0.745302 1.781107 0.428347
2.418018 0.741900 1.788527 0.427942
2.418027 0.744364 1.783590 0.427853
2.419997 0.776360 1.710915 0.440087
2.420368 0.744221 1.783930 0.427872
2.420384 0.742346 1.787725 0.428018
2.422164 0.742754 1.787008 0.428044
2.422286 0.745476 1.780447 0.428589
2.422666 0.744032 1.784300 0.427914
2.423637 0.743832 1.784720 0.427960
2.424783 0.743621 1.785203 0.427993
2.425045 0.743059 1.786345 0.428066
2.426027 0.743342 1.785743 0.428049
2.429534 0.745608 1.779709 0.428915
2.433710 0.761734 1.751694 0.426596
2.442316 0.745885 1.778887 0.429220
2.444677 0.775653 1.782091 0.398102
2.455246 0.746294 1.777962 0.429533
2.464838 0.750768 1.774640 0.418481
2.470895 0.776540 1.711616 0.440018
2.475901 0.746894 1.777026 0.429768
2.479479 0.758044 1.836124 0.397636
2.501813 0.761328 1.752341 0.426438
2.501904 0.747728 1.776160 0.429869
2.516115 0.776273 1.781260 0.398383
2.520157 0.776643 1.712376 0.439933
2.532355 0.748674 1.775282 0.429931
2.559218 0.750991 1.774264 0.418833
2.565264 0.758091 1.836460 0.397431
2.565670 0.760989 1.753226 0.426120
2.567569 0.776802 1.713165 0.439762
2.570136 0.749686 1.774385 0.429961
2.595484 0.776916 1.780653 0.398595
2.612577 0.750779 1.773449 0.429966
2.615471 0.776918 1.713941 0.439577
2.626937 0.760703 1.754262 0.425694
2.644721 0.751574 1.772006 0.430429
2.647763 0.751414 1.773624 0.419218
2.650576 0.758117 1.836523 0.397394
2.661572 0.777018 1.714719 0.439359
2.678700 0.760537 1.755543 0.425060
2.680143 0.777484 1.780114 0.398884
2.693713 0.752615 1.770744 0.430614
2.706859 0.777114 1.715478 0.439122
2.718273 0.760163 1.757043 0.424415
2.721962 0.752013 1.772574 0.419679
2.734088 0.758159 1.836601 0.397337
2.749111 0.777159 1.716272 0.438865
2.750943 0.753550 1.769469 0.430826
2.761189 0.759555 1.758547 0.423889
2.768968 0.777932 1.779581 0.399297
2.783556 0.752761 1.771298 0.420112
2.788203 0.777092 1.717117 0.438626
2.799271 0.754248 1.767891 0.431301
2.810909 0.758842 1.759985 0.423452
2.815315 0.758248 1.836628 0.397281
2.821975 0.776897 1.718035 0.438410
2.831913 0.753515 1.769826 0.420622
2.849733 0.776598 1.719020 0.438231
2.858338 0.758092 1.761485 0.422992
2.860235 0.778354 1.779049 0.399754
2.862434 0.754853 1.766464 0.431721
2.865312 0.776350 1.720100 0.438019
2.868920 0.754340 1.768247 0.421131
2.884190 0.776193 1.721132 0.437795
2.887759 0.757143 1.763123 0.422571
2.894108 0.758366 1.836556 0.397261
2.894716 0.755332 1.766619 0.421523
2.899050 0.756212 1.764864 0.422078
2.907180 0.776055 1.722120 0.437622
2.913456 0.775653 1.723180 0.437662
2.932328 0.775407 1.724201 0.437637
2.941147 0.755415 1.765362 0.431964
2.954627 0.778592 1.778563 0.400300
2.955496 0.775185 1.725189 0.437662
2.969705 0.758549 1.836385 0.397255
2.981451 0.775011 1.726145 0.437685
3.008016 0.774887 1.727084 0.437644
3.022697 0.755987 1.764315 0.432145
3.035850 0.774808 1.728004 0.437514
3.042895 0.758779 1.836158 0.397248
3.053326 0.778907 1.778305 0.400725
3.058213 0.774519 1.728998 0.437397
3.081457 0.774212 1.730001 0.437203
3.102729 0.773866 1.731056 0.436985
3.105916 0.756591 1.763358 0.432261
3.114016 0.758903 1.835882 0.397316
3.123489 0.773460 1.732156 0.436745
3.143202 0.772928 1.733299 0.436550
3.154612 0.779305 1.778304 0.401012
3.163898 0.772347 1.734482 0.436339
3.182119 0.759055 1.835516 0.397407
3.183018 0.771671 1.735692 0.436153
3.194873 0.757162 1.762685 0.432224
3.200778 0.770993 1.736947 0.435927
3.218795 0.770333 1.738213 0.435656
3.235309 0.769730 1.739494 0.435329
3.247492 0.759362 1.835121 0.397416
3.250324 0.769064 1.740739 0.435063
3.256321 0.779703 1.778271 0.401322
3.264587 0.768395 1.741979 0.434827
3.266011 0.757751 1.761351 0.432528
3.277438 0.767734 1.743223 0.434615
3.288595 0.767123 1.744488 0.434399
3.299886 0.766506 1.745766 0.434207
3.309500 0.759701 1.834631 0.397451
3.311459 0.758259 1.759612 0.433096
3.313483 0.765858 1.747076 0.434055
3.323062 0.765052 1.748423 0.434008
3.337307 0.764191 1.749837 0.433964
3.340260 0.759377 1.757956 0.433254
3.346935 0.763236 1.751306 0.433943
3.349859 0.762181 1.752823 0.433936
3.352133 0.760186 1.756144 0.433636
3.352860 0.761220 1.754474 0.433787
3.359076 0.780043 1.778378 0.401619
3.368690 0.760129 1.834111 0.397437
3.426239 0.760603 1.833597 0.397377
3.462293 0.780261 1.778571 0.401945
3.482310 0.761114 1.833040 0.397301
3.536724 0.761641 1.832422 0.397231
3.564516 0.780381 1.779068 0.402158
3.592796 0.762060 1.831753 0.397226
3.647984 0.762575 1.831044 0.397148
3.666883 0.780422 1.779629 0.402379
3.702034 0.763114 1.830223 0.397102
3.758105 0.763609 1.829349 0.397074
3.768407 0.780395 1.780367 0.402531
3.813043 0.764167 1.828390 0.397044
3.869976 0.780288 1.781185 0.402673
3.871491 0.764703 1.827401 0.397016
3.930823 0.765212 1.826297 0.397044
3.969216 0.780051 1.782206 0.402753
3.990393 0.765793 1.825106 0.397050
4.053609 0.766255 1.823833 0.397150
4.062229 0.779766 1.783540 0.402683
4.118998 0.766778 1.822497 0.397234
4.148828 0.779322 1.785096 0.402583
4.185198 0.767409 1.821071 0.397282
4.229779 0.778817 1.786833 0.402416
4.247211 0.767997 1.819436 0.397466
4.314646 0.768628 1.817791 0.397617
4.316461 0.778393 1.788515 0.402215
4.376260 0.769145 1.815926 0.397933
4.381833 0.777751 1.790597 0.401930
4.434229 0.769650 1.813915 0.398326
4.448036 0.777051 1.792718 0.401659
4.490055 0.770473 1.811862 0.398555
4.498510 0.776473 1.795092 0.401186
4.547045 0.771282 1.809740 0.398814
4.550005 0.775892 1.797473 0.400679
4.574990 0.774699 1.799912 0.400490
4.588296 0.772250 1.807432 0.399083
4.609522 0.774055 1.802436 0.399914
4.619824 0.773093 1.804972 0.399505