-5.332704 0.474496 1.940747 0.424447
-5.331330 0.473749 1.940240 0.424946
-5.309652 0.473014 1.939890 0.425348
-5.306839 0.475208 1.941312 0.423953
-5.293702 0.476099 1.941859 0.423396
-5.293376 0.472403 1.939428 0.425745
-5.260508 0.471855 1.939121 0.426018
-5.247255 0.476892 1.942392 0.422917
-5.238210 0.471433 1.938616 0.426343
-5.200598 0.471120 1.938224 0.426533
-5.196017 0.477618 1.943053 0.422398
-5.167452 0.470901 1.937736 0.426747
-5.139598 0.478473 1.943627 0.421886
-5.134954 0.470791 1.937247 0.426927
-5.102113 0.470750 1.936776 0.427106
-5.067112 0.470827 1.936356 0.427182
-5.065739 0.479075 1.944295 0.421461
-5.033013 0.470863 1.935981 0.427346
-5.001047 0.470938 1.935635 0.427507
-4.992452 0.479496 1.945202 0.421006
-4.968604 0.470989 1.935326 0.427672
-4.936343 0.470982 1.935089 0.427859
-4.902611 0.470962 1.934922 0.427987
-4.896014 0.479162 1.945635 0.421454
-4.868016 0.470927 1.934798 0.428089
-4.837424 0.422145 1.919956 0.454264
-4.833654 0.470873 1.934715 0.428179
-4.830475 0.420354 1.919437 0.455897
-4.826486 0.423851 1.920715 0.452586
-4.805767 0.479545 1.946400 0.421081
-4.804880 0.425557 1.921491 0.450908
-4.799327 0.470865 1.934637 0.428240
-4.796032 0.418505 1.919170 0.457370
-4.769681 0.427240 1.922177 0.449277
-4.765580 0.470850 1.934555 0.428311
-4.743972 0.416644 1.918828 0.458729
-4.731876 0.470872 1.934501 0.428341
-4.724396 0.428799 1.922743 0.447763
-4.707946 0.479772 1.947110 0.420878
-4.699537 0.470930 1.934453 0.428329
-4.682063 0.414639 1.918789 0.460007
-4.668981 0.470991 1.934399 0.428329
-4.667372 0.430275 1.923125 0.446395
-4.639927 0.471056 1.934384 0.428303
-4.636548 0.471834 1.937163 0.425783
-4.620951 0.413872 1.918558 0.460468
-4.620896 0.480181 1.947944 0.420437
-4.618796 0.471695 1.936677 0.426250
-4.612133 0.471097 1.934383 0.428306
-4.607396 0.431616 1.923551 0.445031
-4.602523 0.471556 1.936230 0.426690
-4.596366 0.471699 1.937608 0.425569
-4.586014 0.471138 1.934456 0.428241
-4.581126 0.471595 1.935785 0.426973
-4.573944 0.471529 1.938321 0.425254
-4.565351 0.471532 1.935417 0.427274
-4.563274 0.471128 1.934642 0.428153
-4.552553 0.471275 1.934859 0.427878
-4.551871 0.471371 1.935163 0.427582
-4.543402 0.413434 1.918316 0.460717
-4.537301 0.480785 1.948640 0.419865
-4.531768 0.432846 1.924017 0.443643
-4.529314 0.471976 1.938430 0.424816
-4.495601 0.472029 1.939138 0.424377
-4.478733 0.412729 1.918157 0.461156
-4.459147 0.481309 1.949490 0.419293
-4.448911 0.434111 1.924523 0.442224
-4.442998 0.471769 1.939684 0.424307
-4.384269 0.481834 1.950329 0.418687
-4.381039 0.471587 1.939965 0.424338
-4.368991 0.411125 1.918096 0.462288
-4.355469 0.435289 1.924981 0.440865
-4.320651 0.471892 1.939799 0.424200
-4.318579 0.482126 1.951394 0.418096
-4.270155 0.482769 1.952328 0.417276
-4.268587 0.409478 1.917800 0.463589
-4.262123 0.472168 1.939551 0.424137
-4.250226 0.436384 1.925231 0.439668
-4.234830 0.482999 1.953572 0.416552
-4.198952 0.472141 1.939438 0.424251
-4.173391 0.483372 1.954450 0.415841
-4.166796 0.407781 1.917477 0.464948
-4.158458 0.437455 1.925529 0.438297
-4.137916 0.472279 1.939198 0.424297
-4.111818 0.483725 1.955316 0.415160
-4.092094 0.473138 1.935898 0.425163
-4.089668 0.472971 1.936203 0.425055
-4.077344 0.472343 1.938972 0.424383
-4.070569 0.472953 1.936244 0.425019
-4.069502 0.473295 1.935646 0.425220
-4.061707 0.438397 1.926008 0.436893
-4.055651 0.478447 1.920898 0.429731
-4.051428 0.484092 1.956140 0.414456
-4.049703 0.472904 1.936264 0.425046
-4.044805 0.473260 1.935346 0.425487
-4.041858 0.406162 1.917018 0.466301
-4.035870 0.478653 1.921083 0.429461
-4.033232 0.478976 1.921290 0.429089
-4.027956 0.478356 1.920866 0.429822
-4.027360 0.477567 1.920444 0.430860
-4.026541 0.477581 1.920454 0.430845
-4.026486 0.477582 1.920453 0.430824
-4.026473 0.477583 1.920454 0.430829
-4.026443 0.477584 1.920455 0.430831
-4.026416 0.477585 1.920455 0.430834
-4.026411 0.477580 1.920452 0.430823
-4.026391 0.477584 1.920456 0.430837
-4.026370 0.477574 1.920450 0.430855
-4.026362 0.477583 1.920454 0.430830
-4.026360 0.477583 1.920454 0.430830
-4.026289 0.477585 1.920456 0.430841
-4.026283 0.477580 1.920452 0.430822
-4.026276 0.472865 1.936271 0.425140
-4.026269 0.477579 1.920452 0.430824
-4.026263 0.477582 1.920453 0.430819
-4.026259 0.477606 1.920491 0.430640
-4.026210 0.477580 1.920452 0.430819
-4.026209 0.477588 1.920457 0.430807
-4.026175 0.477584 1.920450 0.430715
-4.026164 0.477589 1.920457 0.430812
-4.026159 0.477584 1.920454 0.430815
-4.026155 0.477587 1.920457 0.430802
-4.026153 0.477586 1.920456 0.430814
-4.026146 0.477584 1.920454 0.430814
-4.026141 0.477588 1.920456 0.430809
-4.026135 0.477587 1.920457 0.430796
-4.026127 0.477586 1.920457 0.430803
-4.026111 0.477584 1.920449 0.430726
-4.026105 0.477586 1.920456 0.430799
-4.026091 0.477586 1.920456 0.430794
-4.026068 0.477585 1.920455 0.430780
-4.026064 0.477585 1.920454 0.430777
-4.026052 0.477583 1.920453 0.430778
-4.026047 0.477583 1.920455 0.430766
-4.026039 0.477586 1.920450 0.430714
-4.026039 0.477586 1.920456 0.430792
-4.026039 0.477583 1.920450 0.430713
-4.026025 0.477583 1.920451 0.430721
-4.026024 0.477585 1.920455 0.430780
-4.026024 0.477582 1.920453 0.430762
-4.026017 0.477580 1.920450 0.430698
-4.026007 0.477582 1.920454 0.430763
-4.025998 0.477585 1.920454 0.430683
-4.025996 0.477583 1.920455 0.430845
-4.025994 0.477583 1.920450 0.430713
-4.025992 0.477583 1.920453 0.430774
-4.025987 0.477585 1.920454 0.430780
-4.025983 0.477585 1.920454 0.430782
-4.025980 0.477587 1.920452 0.430704
-4.025973 0.477585 1.920455 0.430765
-4.025957 0.477586 1.920452 0.430695
-4.025953 0.477580 1.920450 0.430730
-4.025952 0.477584 1.920454 0.430767
-4.025950 0.477585 1.920450 0.430716
-4.025933 0.477585 1.920455 0.430790
-4.025922 0.477584 1.920454 0.430783
-4.025908 0.477585 1.920455 0.430782
-4.025898 0.477581 1.920453 0.430762
-4.025889 0.477586 1.920455 0.430789
-4.025883 0.477584 1.920454 0.430772
-4.025875 0.477579 1.920448 0.430737
-4.025867 0.477585 1.920455 0.430785
-4.025866 0.477580 1.920449 0.430742
-4.025842 0.477584 1.920452 0.430688
-4.025840 0.477583 1.920454 0.430768
-4.025838 0.477581 1.920449 0.430745
-4.025831 0.477582 1.920451 0.430695
-4.025825 0.477581 1.920451 0.430759
-4.025807 0.477585 1.920451 0.430700
-4.025806 0.477584 1.920452 0.430708
-4.025796 0.477584 1.920452 0.430704
-4.025793 0.477586 1.920453 0.430693
-4.025791 0.477580 1.920452 0.430760
-4.025769 0.477579 1.920448 0.430738
-4.025768 0.477579 1.920448 0.430741
-4.025751 0.477580 1.920449 0.430753
-4.025751 0.477580 1.920449 0.430744
-4.025749 0.477580 1.920450 0.430756
-4.025746 0.477580 1.920449 0.430748
-4.025713 0.477580 1.920450 0.430754
-4.025679 0.477582 1.920451 0.430692
-4.025676 0.477579 1.920449 0.430750
-4.025640 0.477580 1.920448 0.430733
-4.025485 0.477589 1.920454 0.430680
-4.024962 0.477588 1.920459 0.430674
-4.024612 0.477575 1.920453 0.430691
-4.024412 0.477716 1.920564 0.430501
-4.023708 0.477574 1.920460 0.430683
-4.022820 0.478106 1.920772 0.430072
-4.022714 0.479323 1.921402 0.428749
-4.022623 0.477658 1.920519 0.430579
-4.021813 0.473372 1.934874 0.425720
-4.017243 0.472387 1.938805 0.424450
-4.017174 0.477933 1.920678 0.430263
-4.017157 0.477771 1.920659 0.430405
-4.015152 0.477687 1.920560 0.430536
-4.007512 0.479106 1.921334 0.428960
-4.005035 0.472693 1.936243 0.425359
-3.991884 0.473472 1.934396 0.425940
-3.991118 0.479269 1.921302 0.428849
-3.985247 0.478953 1.921438 0.429024
-3.984326 0.478895 1.921353 0.429117
-3.984052 0.484422 1.956854 0.413799
-3.975835 0.472707 1.936367 0.425333
-3.973113 0.478728 1.921405 0.429220
-3.972147 0.478953 1.921497 0.428987
-3.960559 0.472354 1.938666 0.424564
-3.958195 0.479149 1.921527 0.428817
-3.954471 0.473479 1.933990 0.426184
-3.950614 0.439280 1.926532 0.435583
-3.949069 0.472588 1.936576 0.425371
-3.937241 0.484881 1.957680 0.412978
-3.934356 0.479127 1.921466 0.428866
-3.920514 0.472611 1.936649 0.425352
-3.920008 0.473422 1.933568 0.426476
-3.919618 0.479365 1.921547 0.428628
-3.915353 0.479168 1.921283 0.428933
-3.910328 0.472339 1.938456 0.424708
-3.905678 0.404707 1.916086 0.467776
-3.899039 0.472513 1.936830 0.425385
-3.892448 0.479423 1.921263 0.428746
-3.886296 0.473302 1.933185 0.426780
-3.881111 0.472450 1.936977 0.425388
-3.878422 0.485575 1.958044 0.412194
-3.877741 0.479078 1.921231 0.429028
-3.869634 0.472439 1.938145 0.424821
-3.866482 0.472399 1.937107 0.425389
-3.862443 0.408498 1.915336 0.491790
-3.858128 0.478781 1.921166 0.429292
-3.858000 0.473214 1.932819 0.427055
-3.856876 0.409625 1.916615 0.490311
-3.853262 0.472349 1.937267 0.425360
-3.850222 0.407990 1.914596 0.492529
-3.842308 0.472343 1.937833 0.425081
-3.838162 0.472262 1.937483 0.425335
-3.834717 0.485858 1.958986 0.411439
-3.834659 0.410077 1.917303 0.489667
-3.833931 0.473121 1.932524 0.427286
-3.827335 0.440146 1.926966 0.434373
-3.824913 0.478754 1.921020 0.429381
-3.823508 0.407341 1.914032 0.493266
-3.816616 0.473057 1.932281 0.427464
-3.804688 0.472974 1.932167 0.427583
-3.802569 0.478402 1.921216 0.429524
-3.798394 0.472940 1.932077 0.427655
-3.795883 0.410550 1.917909 0.489211
-3.791518 0.472894 1.931992 0.427741
-3.790318 0.477949 1.921445 0.429713
-3.789310 0.406718 1.913517 0.493996
-3.781317 0.472823 1.931847 0.427871
-3.770222 0.477592 1.921794 0.429762
-3.766126 0.472715 1.931654 0.428061
-3.764038 0.486193 1.959487 0.410826
-3.758976 0.477150 1.922096 0.429903
-3.749131 0.410734 1.918508 0.488842
-3.747363 0.472629 1.931373 0.428266
-3.736349 0.476805 1.922340 0.430004
-3.736227 0.403787 1.914832 0.469033
-3.729985 0.405403 1.912640 0.495572
-3.727759 0.472552 1.931027 0.428493
-3.715836 0.476462 1.922627 0.430084
-3.709027 0.472535 1.930614 0.428708
-3.703191 0.441114 1.927375 0.433065
-3.701619 0.476063 1.922956 0.430178
-3.690353 0.486650 1.959733 0.410302
-3.689388 0.410891 1.918683 0.488585
-3.688956 0.472542 1.930217 0.428900
-3.684351 0.475682 1.923289 0.430269
-3.673327 0.472589 1.929820 0.429063
-3.666215 0.475313 1.923659 0.430329
-3.660868 0.472637 1.929476 0.429203
-3.652564 0.403959 1.912101 0.497072
-3.648158 0.472662 1.929229 0.429289
-3.646919 0.474945 1.924017 0.430398
-3.640665 0.472694 1.929012 0.429374
-3.638275 0.403486 1.914216 0.469470
-3.632597 0.410821 1.918898 0.488199
-3.632373 0.472713 1.928782 0.429487
-3.627198 0.474597 1.924391 0.430448
-3.620905 0.472750 1.928499 0.429615
-3.619182 0.487016 1.960114 0.409813
-3.607321 0.474269 1.924767 0.430486
-3.605628 0.472781 1.928177 0.429767
-3.591435 0.473954 1.925176 0.430502
-3.590850 0.472866 1.927792 0.429909
-3.579107 0.472945 1.927367 0.430088
-3.576088 0.473690 1.925600 0.430468
-3.574357 0.442028 1.927891 0.431727
-3.574234 0.410602 1.918903 0.487791
-3.566938 0.473045 1.926925 0.430246
-3.562035 0.473194 1.926463 0.430380
-3.560592 0.473417 1.925997 0.430457
-3.544761 0.487203 1.960539 0.409513
-3.544407 0.410098 1.918336 0.488073
-3.544217 0.402824 1.911368 0.498378
-3.533682 0.403194 1.913746 0.469840
-3.515134 0.409640 1.917777 0.488349
-3.485286 0.409235 1.917293 0.488670
-3.473406 0.401470 1.910613 0.499982
-3.472214 0.487610 1.960635 0.409255
-3.451253 0.442831 1.928772 0.430378
-3.435102 0.409003 1.917077 0.488615
-3.431715 0.402594 1.913615 0.470350
-3.403936 0.487948 1.960928 0.408969
-3.394292 0.408779 1.916773 0.488869
-3.387254 0.400419 1.909561 0.501396
-3.356414 0.408679 1.916415 0.489170
-3.337534 0.399415 1.908263 0.502981
-3.334922 0.401836 1.913714 0.470914
-3.332652 0.488157 1.961133 0.408879
-3.325757 0.443657 1.929612 0.429150
-3.311231 0.408547 1.916332 0.489376
-3.266367 0.398532 1.906984 0.504413
-3.265269 0.408466 1.916271 0.489543
-3.263928 0.488499 1.961202 0.408828
-3.234499 0.401145 1.913900 0.471415
-3.218492 0.408461 1.916196 0.489637
-3.205771 0.444567 1.930521 0.427894
-3.195609 0.488733 1.961487 0.408779
-3.174943 0.397643 1.905952 0.505710
-3.172660 0.408480 1.916075 0.489756
-3.131197 0.408742 1.915868 0.489732
-3.123941 0.488942 1.961625 0.408924
-3.121253 0.400897 1.914024 0.471552
-3.108004 0.409256 1.915480 0.489912
-3.072750 0.445320 1.931484 0.426743
-3.072670 0.396683 1.905275 0.506873
-3.062179 0.409477 1.915667 0.490176
-3.053393 0.489292 1.961528 0.408997
-3.018221 0.409884 1.915762 0.490538
-3.007474 0.400737 1.913937 0.471735
-2.978529 0.489578 1.961661 0.409011
-2.974050 0.410293 1.915902 0.490958
-2.970270 0.395751 1.904657 0.507971
-2.937508 0.410418 1.915767 0.491459
-2.915104 0.445849 1.932323 0.425830
-2.900907 0.489870 1.961622 0.409084
-2.896930 0.410644 1.915695 0.491787
-2.893616 0.400618 1.913838 0.471902
-2.880545 0.394809 1.904048 0.509098
-2.854305 0.410846 1.915877 0.491998
-2.819114 0.490091 1.961606 0.409152
-2.812504 0.411196 1.916043 0.492504
-2.781638 0.394055 1.903534 0.509948
-2.780749 0.400742 1.913572 0.471919
-2.771688 0.411398 1.916055 0.492762
-2.746313 0.446115 1.932939 0.425150
-2.737972 0.411260 1.916213 0.493179
-2.737508 0.490368 1.961391 0.409280
-2.708022 0.393306 1.902840 0.510905
-2.698335 0.411429 1.916141 0.493394
-2.667466 0.400817 1.913258 0.471995
-2.661640 0.411554 1.915962 0.493640
-2.653363 0.490596 1.961265 0.409370
-2.638095 0.392450 1.902277 0.511838
-2.625998 0.411489 1.915877 0.493959
-2.589932 0.411546 1.915700 0.494167
-2.587521 0.446496 1.933328 0.424544
-2.569778 0.478482 1.952449 0.393837
-2.563975 0.391640 1.901671 0.512814
-2.555292 0.411645 1.915497 0.494304
-2.553139 0.401037 1.912900 0.472030
-2.521543 0.411766 1.915318 0.494372
-2.489003 0.478515 1.952169 0.393765
-2.488541 0.411836 1.915191 0.494448
-2.475031 0.390802 1.901057 0.513848
-2.459650 0.411963 1.915042 0.494460
-2.441523 0.446997 1.933540 0.423964
-2.435277 0.401019 1.912634 0.472242
-2.433248 0.412088 1.914932 0.494432
-2.413055 0.478616 1.951741 0.393740
-2.410550 0.412215 1.914831 0.494387
-2.390789 0.412313 1.914764 0.494329
-2.375317 0.412405 1.914684 0.494251
-2.363906 0.390068 1.900266 0.514893
-2.362101 0.412477 1.914646 0.494184
-2.361895 0.420139 1.912924 0.482933
-2.360513 0.418737 1.914193 0.483313
-2.360402 0.419352 1.913610 0.483158
-2.359355 0.420955 1.912334 0.482645
-2.352625 0.418373 1.914647 0.483350
-2.351219 0.412542 1.914628 0.494117
-2.348351 0.418044 1.915065 0.483386
-2.345670 0.421707 1.911815 0.482360
-2.343199 0.417686 1.915523 0.483441
-2.342202 0.378134 1.916154 0.491349
-2.342031 0.412606 1.914615 0.494034
-2.341506 0.478820 1.951270 0.393695
-2.340578 0.417212 1.916099 0.483559
-2.339085 0.377567 1.916002 0.491789
-2.339055 0.417071 1.916179 0.483678
-2.336603 0.417365 1.915858 0.483542
-2.333129 0.412644 1.914590 0.493932
-2.332157 0.416877 1.916353 0.483789
-2.329977 0.378368 1.916633 0.490896
-2.325748 0.412696 1.914570 0.493812
-2.322717 0.416591 1.916351 0.484075
-2.321759 0.422348 1.911320 0.482119
-2.318205 0.412730 1.914539 0.493666
-2.317735 0.377048 1.915835 0.492178
-2.314226 0.401278 1.912289 0.472310
-2.310693 0.416321 1.916179 0.484454
-2.310058 0.412747 1.914494 0.493482
-2.307817 0.376428 1.915610 0.492551
-2.303588 0.422955 1.910948 0.481798
-2.303282 0.412781 1.914461 0.493279
-2.302473 0.447530 1.933650 0.423452
-2.302443 0.416179 1.916079 0.484690
-2.298916 0.378497 1.916999 0.490521
-2.297460 0.416060 1.915862 0.484994
-2.296462 0.412803 1.914420 0.493050
-2.290194 0.412809 1.914382 0.492807
-2.288601 0.415875 1.915654 0.485356
-2.287508 0.423440 1.910629 0.481506
-2.287077 0.375785 1.915516 0.492863
-2.285293 0.412812 1.914354 0.492568
-2.281359 0.412811 1.914308 0.492333
-2.279812 0.415720 1.915378 0.485720
-2.278722 0.423850 1.910274 0.481243
-2.278162 0.412778 1.914270 0.492107
-2.276385 0.412767 1.914225 0.491913
-2.274905 0.412789 1.914183 0.491734
-2.273293 0.412856 1.914168 0.491539
-2.272352 0.415535 1.915083 0.486108
-2.270072 0.412972 1.914182 0.491326
-2.269298 0.478940 1.950855 0.393673
-2.267858 0.424458 1.909730 0.480878
-2.266036 0.424643 1.909478 0.480635
-2.265637 0.413120 1.914216 0.491086
-2.263992 0.424702 1.909250 0.480429
-2.263383 0.422957 1.907670 0.477932
-2.263353 0.422967 1.907674 0.477948
-2.263273 0.423024 1.907710 0.478020
-2.263268 0.422972 1.907687 0.477934
-2.263198 0.423135 1.907784 0.478159
-2.262952 0.423311 1.907907 0.478376
-2.262799 0.423558 1.908085 0.478685
-2.262784 0.424678 1.909069 0.480236
-2.262694 0.423867 1.908309 0.479075
-2.262464 0.424180 1.908542 0.479474
-2.262306 0.424330 1.908676 0.479678
-2.262304 0.424593 1.908919 0.480054
-2.262237 0.424470 1.908797 0.479870
-2.262097 0.423027 1.907723 0.477961
-2.259055 0.415331 1.914841 0.486482
-2.259025 0.413286 1.914259 0.490805
-2.254135 0.378623 1.916866 0.490400
-2.250303 0.375341 1.915260 0.493078
-2.247024 0.413400 1.914361 0.490498
-2.244077 0.415101 1.914691 0.486853
-2.237056 0.389611 1.899134 0.515885
-2.235950 0.413556 1.914436 0.490178
-2.231019 0.414854 1.914680 0.487212
-2.222310 0.413619 1.914601 0.489883
-2.216550 0.414642 1.914738 0.487537
-2.215781 0.378554 1.916525 0.490580
-2.212527 0.414539 1.943773 0.468143
-2.210969 0.414736 1.943659 0.467918
-2.210748 0.374867 1.915046 0.493233
-2.210384 0.414941 1.943785 0.467599
-2.209947 0.413691 1.914730 0.489563
-2.209785 0.414439 1.914802 0.487888
-2.203617 0.415153 1.943336 0.467646
-2.201313 0.413779 1.914869 0.489239
-2.200253 0.414262 1.914878 0.488210
-2.199837 0.414448 1.943763 0.468350
-2.199534 0.479080 1.950392 0.393696
-2.197599 0.414100 1.914882 0.488571
-2.194607 0.413908 1.914929 0.488896
-2.189382 0.401566 1.911961 0.472370
-2.188379 0.378284 1.916192 0.490948
-2.187963 0.414670 1.946841 0.473650
-2.182896 0.414312 1.943884 0.468534
-2.180321 0.377820 1.915954 0.491403
-2.176896 0.415167 1.942927 0.467850
-2.174117 0.377376 1.915665 0.491865
-2.173908 0.377572 1.916193 0.491398
-2.169426 0.448227 1.933680 0.422873
-2.164828 0.374651 1.914691 0.493215
-2.163182 0.414127 1.944054 0.468729
-2.159580 0.414511 1.946637 0.473710
-2.152535 0.414697 1.946888 0.473782
-2.143468 0.414292 1.946378 0.473844
-2.138589 0.414128 1.946067 0.474001
-2.138054 0.414154 1.943844 0.468974
-2.137203 0.415156 1.942637 0.468014
-2.136639 0.377599 1.916621 0.491139
-2.128127 0.479144 1.950043 0.393745
-2.125240 0.413945 1.945839 0.474081
-2.125033 0.414976 1.945052 0.469394
-2.123812 0.414807 1.947325 0.473632
-2.122301 0.414964 1.945242 0.469578
-2.116015 0.374412 1.914473 0.493101
-2.115692 0.414793 1.945004 0.469295
-2.112284 0.414973 1.945306 0.469793
-2.110962 0.413778 1.945652 0.474107
-2.105768 0.414103 1.943856 0.469157
-2.104289 0.414592 1.944944 0.469229
-2.104032 0.414972 1.945347 0.470029
-2.103530 0.377779 1.917003 0.490709
-2.102717 0.389466 1.897783 0.516754
-2.098661 0.415039 1.945298 0.470272
-2.098443 0.413586 1.945473 0.474169
-2.092475 0.415100 1.942485 0.468135
-2.088311 0.415187 1.945255 0.470452
-2.085164 0.414366 1.944835 0.469210
-2.079646 0.413482 1.945251 0.474165
-2.077432 0.415394 1.945165 0.470599
-2.076294 0.414739 1.947358 0.473803
-2.072687 0.414021 1.944021 0.469292
-2.068535 0.378017 1.917374 0.490280
-2.067664 0.374349 1.914316 0.492862
-2.062537 0.415305 1.945157 0.470925
-2.059774 0.414187 1.944640 0.469212
-2.057183 0.479217 1.949719 0.393785
-2.055956 0.413368 1.945014 0.474185
-2.054130 0.401611 1.911838 0.472473
-2.050418 0.415109 1.942258 0.468243
-2.047339 0.413874 1.944346 0.469422
-2.042701 0.415185 1.945032 0.471315
-2.040678 0.414273 1.947610 0.474173
-2.036531 0.448961 1.933529 0.422373
-2.030190 0.413313 1.944675 0.474234
-2.026643 0.374529 1.914234 0.492473
-2.020638 0.415015 1.944834 0.471766
-2.014456 0.417384 1.952801 0.471404
-2.011622 0.415014 1.942170 0.468347
-2.010530 0.418625 1.953408 0.470666
-2.007460 0.416843 1.952546 0.471690
-2.006981 0.379041 1.917679 0.489322
-2.005490 0.407661 1.944530 0.453773
-2.003888 0.416324 1.952340 0.471934
-2.003117 0.407019 1.944604 0.454524
-2.001732 0.418006 1.953010 0.471076
-2.001551 0.415528 1.951659 0.472435
-2.001147 0.415886 1.952019 0.472166
-1.994649 0.413857 1.947792 0.474520
-1.993951 0.413342 1.944394 0.474177
-1.993333 0.415191 1.951229 0.472694
-1.987634 0.414871 1.944589 0.472182
-1.986844 0.374727 1.914168 0.492094
-1.984974 0.479257 1.949454 0.393828
-1.983862 0.414859 1.950726 0.472981
-1.982883 0.414864 1.942060 0.468538
-1.978011 0.414618 1.950108 0.473315
-1.977422 0.389614 1.896221 0.517484
-1.976223 0.405464 1.937159 0.470947
-1.971532 0.408249 1.944288 0.453172
-1.969327 0.413750 1.944170 0.473828
-1.961977 0.405289 1.937050 0.471173
-1.961918 0.414330 1.949480 0.473667
-1.959459 0.413425 1.948408 0.474642
-1.959042 0.414789 1.941961 0.468642
-1.954119 0.414660 1.944340 0.472658
-1.953041 0.414048 1.948792 0.474095
-1.952619 0.405726 1.937446 0.470541
-1.952355 0.414158 1.944296 0.473260
-1.948554 0.374938 1.914048 0.491753
-1.942619 0.414719 1.941874 0.468738
-1.935735 0.380050 1.918072 0.488417
-1.931724 0.408796 1.944088 0.452618
-1.930750 0.414674 1.941792 0.468804
-1.926109 0.405941 1.937541 0.470302
-1.921600 0.414623 1.941712 0.468848
-1.916640 0.479297 1.949084 0.393960
-1.916212 0.401402 1.911798 0.472715
-1.912680 0.375130 1.914116 0.491363
-1.911715 0.414552 1.941641 0.468879
-1.906257 0.449759 1.933466 0.421786
-1.904358 0.405616 1.937094 0.470804
-1.901333 0.414451 1.941583 0.468897
-1.894105 0.406275 1.937326 0.470246
-1.891556 0.414335 1.941549 0.468886
-1.887179 0.414185 1.941553 0.468855
-1.886253 0.413913 1.941496 0.468691
-1.885565 0.414051 1.941539 0.468782
-1.885426 0.375354 1.914337 0.490927
-1.883611 0.409202 1.943784 0.452258
-1.882281 0.413301 1.941318 0.468377
-1.881467 0.413712 1.941463 0.468572
-1.873433 0.412856 1.941045 0.468166
-1.869744 0.412523 1.940630 0.468006
-1.863553 0.381061 1.918254 0.487552
-1.861667 0.406382 1.937778 0.470020
-1.860460 0.389568 1.894677 0.518314
-1.853332 0.412345 1.940391 0.467940
-1.849237 0.375511 1.914496 0.490641
-1.849111 0.479356 1.948787 0.394060
-1.844635 0.409659 1.943439 0.451901
-1.835621 0.412302 1.940259 0.467936
-1.821366 0.412349 1.940191 0.468038
-1.819422 0.406320 1.936965 0.470231
-1.813060 0.375655 1.914641 0.490392
-1.810907 0.410111 1.943202 0.451515
-1.807279 0.412415 1.940110 0.468098
-1.802211 0.409127 1.938987 0.469470
-1.789978 0.410575 1.943064 0.451056
-1.788812 0.412471 1.940019 0.468149
-1.785996 0.381667 1.918711 0.486837
-1.784421 0.479405 1.948526 0.394156
-1.783648 0.408030 1.937840 0.469359
-1.779548 0.408269 1.937858 0.469286
-1.779452 0.375791 1.914837 0.490138
-1.776548 0.406947 1.938072 0.469509
-1.776054 0.450343 1.933857 0.421119
-1.775385 0.409910 1.939372 0.469393
-1.774412 0.401257 1.911959 0.472803
-1.774212 0.408453 1.937838 0.469198
-1.771350 0.410947 1.943021 0.450597
-1.769728 0.409114 1.938313 0.469388
-1.767894 0.388555 1.893548 0.519607
-1.767509 0.408245 1.937562 0.469080
-1.767319 0.408606 1.937852 0.469126
-1.764117 0.410706 1.939570 0.469143
-1.764060 0.412540 1.939862 0.468233
-1.759293 0.408755 1.937902 0.469040
-1.752793 0.411170 1.943149 0.450149
-1.746092 0.408956 1.937956 0.468920
-1.745871 0.411417 1.939840 0.468915
-1.744655 0.375843 1.915064 0.489947
-1.740336 0.409326 1.937855 0.468938
-1.737241 0.411345 1.943280 0.449729
-1.735514 0.408394 1.937393 0.468840
-1.734773 0.407944 1.937396 0.469030
-1.729089 0.412482 1.939851 0.468297
-1.728750 0.409226 1.937752 0.468828
-1.724800 0.412040 1.939693 0.468738
-1.724713 0.479462 1.948277 0.394256
-1.720813 0.407077 1.936795 0.469589
-1.719860 0.411521 1.943376 0.449372
-1.715581 0.409578 1.937661 0.468456
-1.715143 0.382062 1.919330 0.486208
-1.710832 0.375920 1.915257 0.489769
-1.710149 0.411706 1.943531 0.449002
-1.697019 0.411868 1.943729 0.448682
-1.695393 0.408766 1.936945 0.468648
-1.691795 0.384284 1.924126 0.481416
-1.687703 0.384894 1.925407 0.480096
-1.679874 0.412069 1.943883 0.448392
-1.677887 0.376042 1.915426 0.489584
-1.673137 0.387450 1.892548 0.520845
-1.669019 0.479503 1.948106 0.394338
-1.667003 0.412322 1.944042 0.448054
-1.662180 0.482335 1.953014 0.388956
-1.658611 0.481314 1.952932 0.389803
-1.655924 0.385574 1.926431 0.478873
-1.655324 0.483355 1.953155 0.388060
-1.654364 0.382285 1.920054 0.485642
-1.649559 0.450755 1.934421 0.420483
-1.647984 0.412566 1.944266 0.447728
-1.643930 0.376144 1.915581 0.489435
-1.628711 0.401135 1.912078 0.472908
-1.627763 0.407845 1.936647 0.468899
-1.625620 0.412825 1.944499 0.447400
-1.621687 0.383321 1.923606 0.482610
-1.620464 0.484403 1.952888 0.387340
-1.619820 0.386362 1.926933 0.477849
-1.617672 0.479540 1.947968 0.394422
-1.617492 0.480502 1.952721 0.390560
-1.611159 0.376263 1.915770 0.489267
-1.602574 0.413140 1.944677 0.447065
-1.596350 0.382288 1.920914 0.485158
-1.594705 0.386879 1.927303 0.477178
-1.583112 0.387175 1.927588 0.476750
-1.577363 0.376341 1.915974 0.489132
-1.574198 0.413441 1.944777 0.446801
-1.572451 0.479590 1.947843 0.394533
-1.570318 0.489927 1.965635 0.406373
-1.569830 0.387395 1.927891 0.476392
-1.562090 0.489298 1.965926 0.406664
-1.558920 0.479967 1.952388 0.391187
-1.557938 0.492631 1.965683 0.404506
-1.557178 0.387757 1.928178 0.475938
-1.557007 0.493858 1.965849 0.403485
-1.554000 0.386415 1.891776 0.521851
-1.553831 0.491955 1.965545 0.405058
-1.552570 0.494644 1.966609 0.402474
-1.552228 0.413803 1.944885 0.446494
-1.550382 0.490568 1.965460 0.406024
-1.549888 0.494220 1.966284 0.402963
-1.549844 0.382426 1.923213 0.483645
-1.546684 0.388072 1.928504 0.475503
-1.544082 0.376486 1.916129 0.488994
-1.544020 0.382194 1.921956 0.484610
-1.543011 0.485042 1.952870 0.386845
-1.542320 0.493215 1.965875 0.403951
-1.541492 0.491279 1.965424 0.405572
-1.539540 0.488810 1.966260 0.406830
-1.536646 0.388337 1.928690 0.475178
-1.532224 0.479621 1.947807 0.394632
-1.530667 0.451060 1.935145 0.419831
-1.527893 0.488056 1.967100 0.407192
-1.526369 0.414124 1.945051 0.446217
-1.525620 0.408319 1.936416 0.468530
-1.523127 0.388612 1.928902 0.474817
-1.522115 0.488456 1.966736 0.406914
-1.520300 0.494270 1.966818 0.402676
-1.512898 0.487701 1.967269 0.407524
-1.512570 0.493942 1.967366 0.402671
-1.512363 0.376610 1.916290 0.488879
-1.508125 0.388860 1.929272 0.474359
-1.502103 0.487383 1.967312 0.407886
-1.499925 0.414435 1.945266 0.445907
-1.499249 0.492148 1.967169 0.404130
-1.496963 0.479633 1.947776 0.394716
-1.496282 0.493487 1.967669 0.402896
-1.495280 0.479485 1.952137 0.391723
-1.490882 0.491538 1.967294 0.404492
-1.487748 0.487105 1.967363 0.408186
-1.486189 0.485909 1.967714 0.408907
-1.486025 0.485570 1.967658 0.409173
-1.484998 0.484272 1.967182 0.410321
-1.484067 0.493160 1.967342 0.403313
-1.483147 0.484801 1.967366 0.409883
-1.481990 0.376737 1.916475 0.488770
-1.481704 0.484414 1.967380 0.410108
-1.481374 0.484634 1.967328 0.410001
-1.481346 0.389093 1.929863 0.473776
-1.480907 0.484992 1.967448 0.409700
-1.480803 0.486266 1.967623 0.408718
-1.480762 0.492633 1.967281 0.403722
-1.480375 0.400958 1.912160 0.473107
-1.479546 0.484011 1.967047 0.410586
-1.479160 0.486637 1.967479 0.408576
-1.478798 0.485230 1.967609 0.409437
-1.476913 0.486831 1.967344 0.408488
-1.476214 0.414789 1.945514 0.445513
-1.474705 0.490941 1.967448 0.404848
-1.467108 0.486538 1.967340 0.408766
-1.466898 0.479637 1.947739 0.394809
-1.466057 0.486884 1.967204 0.408562
-1.463109 0.483754 1.966893 0.410872
-1.462362 0.485644 1.952835 0.386378
-1.453973 0.376877 1.916682 0.488652
-1.450428 0.483388 1.966854 0.411196
-1.449241 0.415110 1.945798 0.445097
-1.446748 0.490490 1.967328 0.405263
-1.442834 0.385092 1.891151 0.522934
-1.441014 0.440585 1.947021 0.451172
-1.439465 0.479608 1.947710 0.394907
-1.438521 0.441537 1.947287 0.450379
-1.433209 0.389471 1.930566 0.473002
-1.431793 0.489946 1.967405 0.405719
-1.431730 0.476321 1.965394 0.417224
-1.431486 0.476500 1.965500 0.417051
-1.430669 0.476149 1.965274 0.417410
-1.429667 0.476696 1.965564 0.416883
-1.428940 0.475956 1.965155 0.417622
-1.428656 0.476903 1.965626 0.416707
-1.427901 0.477128 1.965668 0.416517
-1.425322 0.483086 1.966843 0.411453
-1.425180 0.475771 1.964973 0.417852
-1.424909 0.377035 1.916840 0.488571
-1.424166 0.477360 1.965718 0.416306
-1.423689 0.482344 1.966735 0.412150
-1.421866 0.478512 1.966315 0.415003
-1.421656 0.451156 1.936095 0.419209
-1.421531 0.478750 1.966401 0.414761
-1.421522 0.479106 1.952135 0.392012
-1.420892 0.477572 1.965825 0.416064
-1.420581 0.408555 1.936307 0.468178
-1.419527 0.475537 1.964802 0.418106
-1.418823 0.477837 1.965890 0.415816
-1.418095 0.481969 1.966758 0.412434
-1.418019 0.478980 1.966403 0.414568
-1.417539 0.482676 1.966876 0.411790
-1.416733 0.478319 1.966141 0.415260
-1.416326 0.442442 1.947529 0.449580
-1.416269 0.415409 1.946036 0.444700
-1.416251 0.479180 1.966472 0.414385
-1.414311 0.478060 1.966025 0.415538
-1.411449 0.479550 1.947689 0.394987
-1.411321 0.475317 1.964562 0.418386
-1.410716 0.479357 1.966570 0.414199
-1.410383 0.479605 1.966643 0.414004
-1.407876 0.481616 1.966764 0.412673
-1.406725 0.480173 1.966757 0.413592
-1.406601 0.480866 1.966773 0.413175
-1.405978 0.479855 1.966745 0.413788
-1.405523 0.475079 1.964297 0.418727
-1.402175 0.480486 1.966844 0.413360
-1.401611 0.481244 1.966761 0.412922
-1.401132 0.489678 1.967163 0.406163
-1.398821 0.377195 1.917068 0.488448
-1.397015 0.474755 1.964082 0.419097
-1.394498 0.443336 1.947800 0.448746
-1.393469 0.486455 1.952677 0.385858
-1.389215 0.415682 1.946354 0.444241
-1.388943 0.474424 1.963815 0.419505
-1.381837 0.474066 1.963515 0.419944
-1.379198 0.479428 1.947747 0.395063
-1.377364 0.444126 1.948299 0.447880
-1.374887 0.473686 1.963204 0.420413
-1.374118 0.389964 1.931398 0.472047
-1.372679 0.377394 1.917271 0.488330
-1.368058 0.415906 1.946754 0.443764
-1.367496 0.473289 1.962876 0.420903
-1.366908 0.489395 1.967093 0.406590
-1.365981 0.451208 1.936506 0.418916
-1.362955 0.440067 1.947225 0.451089
-1.361144 0.438204 1.946471 0.452807
-1.359965 0.439053 1.947008 0.451897
-1.359250 0.437342 1.945917 0.453725
-1.354620 0.472998 1.962418 0.421361
-1.347785 0.445050 1.948449 0.447092
-1.347529 0.416152 1.947102 0.443294
-1.344950 0.377587 1.917484 0.488216
-1.344563 0.478913 1.951982 0.392213
-1.341171 0.479267 1.947753 0.395178
-1.340604 0.472679 1.961981 0.421830
-1.335778 0.447083 1.948540 0.445563
-1.335733 0.436522 1.945335 0.454619
-1.330896 0.446014 1.948623 0.446273
-1.328289 0.401056 1.912245 0.473144
-1.328113 0.472349 1.961520 0.422305
-1.326221 0.477380 1.958452 0.391806
-1.325794 0.416342 1.947485 0.442879
-1.323668 0.448018 1.948668 0.444765
-1.323065 0.487251 1.952582 0.385322
-1.321579 0.377763 1.917800 0.488068
-1.319945 0.408259 1.936791 0.467710
-1.317467 0.472024 1.961046 0.422811
-1.316389 0.451252 1.936995 0.418584
-1.315335 0.383786 1.890630 0.523785
-1.312777 0.448872 1.949011 0.443914
-1.309471 0.435791 1.944629 0.455499
-1.306381 0.471684 1.960585 0.423320
-1.301917 0.449737 1.949359 0.443048
-1.294339 0.471298 1.960177 0.423853
-1.294211 0.479050 1.947792 0.395318
-1.294192 0.377949 1.918079 0.487953
-1.292181 0.390531 1.932219 0.471051
-1.291383 0.450629 1.949664 0.442195
-1.286880 0.477065 1.958213 0.391927
-1.285951 0.416528 1.947570 0.442686
-1.282092 0.470898 1.959760 0.424404
-1.274938 0.451553 1.949896 0.441374
-1.269607 0.470434 1.959379 0.424975
-1.268563 0.451337 1.937464 0.418249
-1.268132 0.378176 1.918364 0.487816
-1.266684 0.478723 1.951799 0.392370
-1.266583 0.435254 1.943833 0.456270
-1.256056 0.452389 1.950321 0.440514
-1.254399 0.469936 1.959019 0.425556
-1.253164 0.488042 1.952429 0.384856
-1.246744 0.476760 1.957941 0.392005
-1.245334 0.416651 1.947793 0.442463
-1.242075 0.378507 1.918541 0.487660
-1.240358 0.453264 1.950712 0.439643
-1.236996 0.469405 1.958687 0.426151
-1.236306 0.478750 1.947863 0.395497
-1.221360 0.407637 1.937579 0.467287
-1.217848 0.378800 1.918814 0.487486
-1.217388 0.468850 1.958387 0.426768
-1.215647 0.454147 1.951052 0.438802
-1.213908 0.434892 1.943005 0.456920
-1.206078 0.391166 1.933062 0.469989
-1.204776 0.416581 1.948198 0.442284
-1.203854 0.476433 1.957778 0.392015
-1.194671 0.379064 1.919109 0.487338
-1.194463 0.468263 1.958077 0.427385
-1.192179 0.455019 1.951498 0.437958
-1.186953 0.478660 1.951577 0.392418
-1.185583 0.382364 1.890224 0.524615
-1.181406 0.451650 1.938353 0.417520
-1.178989 0.488731 1.952338 0.384429
-1.174117 0.401241 1.912361 0.473050
-1.172615 0.379286 1.919434 0.487207
-1.168776 0.417080 1.948146 0.441890
-1.167390 0.467648 1.957780 0.428005
-1.166642 0.478366 1.947939 0.395730
-1.165893 0.455975 1.951821 0.437172
-1.165083 0.434639 1.942097 0.457521
-1.158072 0.476177 1.957609 0.391934
-1.150897 0.379523 1.919728 0.487102
-1.145067 0.456876 1.952328 0.436389
-1.141309 0.457880 1.952757 0.435645
-1.140242 0.466984 1.957466 0.428648
-1.132411 0.401179 1.932319 0.493455
-1.132101 0.401426 1.932108 0.493203
-1.131503 0.401554 1.931937 0.493013
-1.131349 0.379742 1.920026 0.487018
-1.130140 0.400333 1.932792 0.494050
-1.129514 0.401904 1.931645 0.492723
-1.127119 0.399827 1.933109 0.494460
-1.122277 0.458844 1.953271 0.434944
-1.121221 0.399276 1.933364 0.494938
-1.116468 0.398710 1.933616 0.495443
-1.115534 0.466252 1.957135 0.429333
-1.114865 0.379988 1.920315 0.486931
-1.114307 0.402764 1.931086 0.492219
-1.112224 0.475875 1.957489 0.391889
-1.110466 0.391570 1.933922 0.469105
-1.108024 0.398167 1.933783 0.495987
-1.107390 0.417128 1.948174 0.441828
-1.107159 0.434472 1.941268 0.457988
-1.105618 0.452151 1.939128 0.416720
-1.105546 0.459803 1.953813 0.434244
-1.105391 0.478526 1.951400 0.392491
-1.101049 0.380241 1.920592 0.486854
-1.098553 0.460945 1.954037 0.433617
-1.095523 0.397681 1.933869 0.496540
-1.092737 0.489041 1.952308 0.384308
-1.091029 0.465480 1.956742 0.430036
-1.088789 0.380484 1.920872 0.486792
-1.082282 0.478045 1.947994 0.395938
-1.081095 0.397271 1.933877 0.497108
-1.081026 0.461906 1.954589 0.432939
-1.077154 0.404133 1.930244 0.491486
-1.076990 0.407109 1.937849 0.467331
-1.075349 0.464629 1.956291 0.430768
-1.073747 0.462825 1.955192 0.432224
-1.069426 0.463730 1.955775 0.431500
-1.068036 0.380806 1.921376 0.486562
-1.067831 0.475457 1.957439 0.391897
-1.064016 0.396509 1.933707 0.498080
-1.058241 0.381031 1.921672 0.486539
-1.050586 0.381276 1.921961 0.486503
-1.045135 0.434405 1.940499 0.458336
-1.044621 0.396028 1.933370 0.498935
-1.041700 0.381643 1.922473 0.486233
-1.040778 0.395821 1.933354 0.499409
-1.039503 0.417191 1.948136 0.441818
-1.037404 0.452832 1.939686 0.415911
-1.033768 0.381051 1.890312 0.525078
-1.030404 0.381998 1.923029 0.485951
-1.023738 0.478542 1.951054 0.392520
-1.022722 0.395462 1.933084 0.500143
-1.022429 0.401705 1.912480 0.472685
-1.018940 0.475132 1.957360 0.391870
-1.018905 0.382453 1.923516 0.485635
-1.015422 0.392052 1.934528 0.468308
-1.014229 0.382967 1.923987 0.485288
-1.011387 0.405870 1.928990 0.490725
-1.008298 0.489300 1.952302 0.384215
-0.985699 0.477671 1.947995 0.396207
-0.982339 0.434354 1.939783 0.458641
-0.977175 0.453602 1.940098 0.415109
-0.971030 0.474714 1.957377 0.391864
-0.968156 0.417026 1.948082 0.442003
-0.938121 0.478577 1.950673 0.392564
-0.930071 0.408122 1.928014 0.489382
-0.927159 0.407991 1.936998 0.467118
-0.926101 0.489574 1.952295 0.384110
-0.925979 0.454474 1.940360 0.414308
-0.922745 0.474327 1.957319 0.391888
-0.922377 0.392358 1.935094 0.467666
-0.916928 0.434355 1.939149 0.458868
-0.898818 0.417005 1.947712 0.442268
-0.887197 0.402643 1.912369 0.471921
-0.881479 0.455451 1.940379 0.413558
-0.876891 0.473927 1.957291 0.391946
-0.875066 0.477350 1.948010 0.396435
-0.873005 0.379834 1.890841 0.525287
-0.857967 0.434551 1.938429 0.458973
-0.852930 0.456454 1.940438 0.412764
-0.846870 0.478629 1.950329 0.392566
-0.845605 0.489731 1.952236 0.384123
-0.840800 0.409842 1.936540 0.465774
-0.835958 0.473469 1.957307 0.392046
-0.825492 0.392480 1.935253 0.467355
-0.824472 0.457418 1.940531 0.411976
-0.823892 0.416865 1.947641 0.442462
-0.813768 0.410736 1.927275 0.487699
-0.802585 0.434719 1.937681 0.459071
-0.797572 0.473029 1.957220 0.392214
-0.796609 0.458338 1.940740 0.411149
-0.780651 0.458767 1.940916 0.410727
-0.769245 0.489908 1.952023 0.384170
-0.765704 0.459118 1.941194 0.410295
-0.760412 0.472621 1.957072 0.392404
-0.755322 0.392155 1.934700 0.467765
-0.754341 0.476975 1.948063 0.396683
-0.753259 0.403584 1.912247 0.471171
-0.753162 0.411481 1.936399 0.464519
-0.751237 0.478783 1.949941 0.392498
-0.748898 0.434916 1.936954 0.459104
-0.748241 0.416757 1.947676 0.442549
-0.736821 0.459730 1.941890 0.409418
-0.729637 0.472147 1.956945 0.392660
-0.725852 0.459969 1.942303 0.408994
-0.715973 0.460143 1.942732 0.408608
-0.708186 0.378845 1.891803 0.525126
-0.707974 0.460249 1.943164 0.408259
-0.704322 0.471614 1.956857 0.392955
-0.699333 0.460283 1.943613 0.407962
-0.695113 0.490030 1.951819 0.384198
-0.692857 0.435041 1.936266 0.459096
-0.692602 0.391789 1.934213 0.468152
-0.689978 0.460315 1.944044 0.407670
-0.689587 0.413702 1.926881 0.485562
-0.681466 0.460335 1.944451 0.407388
-0.681446 0.471162 1.956579 0.393321
-0.678478 0.416738 1.947881 0.442451
-0.674309 0.470595 1.956413 0.393734
-0.668935 0.412977 1.935462 0.463939
-0.667974 0.460390 1.944829 0.407092
-0.667520 0.470042 1.956258 0.394160
-0.657879 0.469566 1.956043 0.394601
-0.657433 0.468464 1.956008 0.395405
-0.656142 0.460478 1.945230 0.406743
-0.654656 0.469020 1.956013 0.395001
-0.653637 0.467925 1.955883 0.395856
-0.652384 0.411560 1.927888 0.468364
-0.648973 0.467384 1.955682 0.396343
-0.646829 0.478867 1.949670 0.392418
-0.644602 0.466850 1.955402 0.396864
-0.643890 0.460605 1.945594 0.406380
-0.640675 0.466318 1.955053 0.397407
-0.638421 0.434750 1.935572 0.459234
-0.631992 0.460741 1.945979 0.406003
-0.631107 0.391310 1.933780 0.468610
-0.629805 0.465787 1.954679 0.397955
-0.623940 0.460889 1.946386 0.405629
-0.623687 0.490113 1.951630 0.384234
-0.623456 0.476750 1.947943 0.396902
-0.619885 0.413022 1.929344 0.466808
-0.619603 0.465315 1.954190 0.398516
-0.616496 0.461082 1.946748 0.405272
-0.616494 0.416905 1.947961 0.442244
-0.615760 0.409154 1.927916 0.469651
-0.614553 0.404266 1.912386 0.470514
-0.610111 0.461289 1.947060 0.404957
-0.607143 0.464906 1.953630 0.399066
-0.605451 0.414484 1.934343 0.463402
-0.604395 0.461505 1.947323 0.404680
-0.600460 0.461702 1.947568 0.404428
-0.596813 0.464466 1.953108 0.399632
-0.595450 0.461880 1.947780 0.404179
-0.591365 0.464044 1.952607 0.400175
-0.590821 0.434322 1.934871 0.459491
-0.589142 0.462032 1.947984 0.403922
-0.584671 0.463747 1.952076 0.400648
-0.584086 0.462168 1.948211 0.403661
-0.580137 0.463331 1.951042 0.401453
-0.579851 0.463544 1.951523 0.401064
-0.578896 0.462305 1.948454 0.403389
-0.577025 0.463234 1.950545 0.401753
-0.575831 0.462454 1.948735 0.403117
-0.574487 0.463049 1.950142 0.402061
-0.573869 0.462594 1.949056 0.402851
-0.572978 0.414608 1.932484 0.464301
-0.572606 0.462922 1.949734 0.402321
-0.572348 0.462758 1.949386 0.402583
-0.569103 0.417242 1.948139 0.441833
-0.565839 0.413944 1.930865 0.465559
-0.555845 0.490154 1.951439 0.384286
-0.554863 0.391658 1.933482 0.468366
-0.549117 0.433770 1.934258 0.459861
-0.545774 0.378202 1.893135 0.524586
-0.540994 0.416174 1.928022 0.482953
-0.540482 0.417673 1.948444 0.441286
-0.538790 0.479003 1.949453 0.392226
-0.526124 0.417428 1.948668 0.441298
-0.522354 0.418066 1.948883 0.440695
-0.516061 0.414069 1.947318 0.444481
-0.515390 0.416239 1.948351 0.442329
-0.512849 0.414809 1.947644 0.443747
-0.511683 0.407352 1.927644 0.470670
-0.506405 0.415459 1.948130 0.443011
-0.498605 0.413404 1.946979 0.445188
-0.491627 0.490148 1.951303 0.384343
-0.490092 0.433311 1.933746 0.459953
-0.487807 0.476670 1.947654 0.397117
-0.484954 0.416844 1.948700 0.441728
-0.484408 0.412736 1.946702 0.445834
-0.480755 0.391221 1.933129 0.468792
-0.480126 0.404754 1.912837 0.469858
-0.461641 0.412193 1.946407 0.446382
-0.444823 0.411726 1.946026 0.446894
-0.432970 0.490171 1.951118 0.384408
-0.430855 0.432752 1.933300 0.460023
-0.430768 0.411243 1.945681 0.447395
-0.429461 0.410045 1.945302 0.448431
-0.428406 0.479217 1.949167 0.392019
-0.427809 0.410667 1.945452 0.447911
-0.411638 0.409579 1.944954 0.448964
-0.400259 0.409310 1.944349 0.449494
-0.396632 0.391145 1.932782 0.468964
-0.393227 0.407043 1.926232 0.471267
-0.391362 0.377844 1.894784 0.523717
-0.386460 0.408799 1.943985 0.450093
-0.380575 0.490154 1.951001 0.384478
-0.373861 0.432031 1.932989 0.460055
-0.372442 0.408357 1.943540 0.450712
-0.364890 0.407841 1.943182 0.451347
-0.360215 0.418318 1.929399 0.480516
-0.352552 0.405219 1.913331 0.469201
-0.351512 0.407629 1.942597 0.451909
-0.350278 0.476657 1.947297 0.397316
-0.340516 0.407366 1.942114 0.452458
-0.336475 0.408312 1.924962 0.470545
-0.336382 0.490147 1.950873 0.384551
-0.332958 0.407126 1.941672 0.452934
-0.324292 0.409600 1.924222 0.469480
-0.323364 0.406932 1.941272 0.453304
-0.320292 0.431321 1.932633 0.460151
-0.317252 0.479431 1.948738 0.391883
-0.317233 0.406654 1.941019 0.453616
-0.316581 0.391179 1.932335 0.469117
-0.309078 0.406443 1.940796 0.453852
-0.302829 0.406199 1.940625 0.454086
-0.298680 0.490124 1.950772 0.384598
-0.295242 0.405936 1.940445 0.454359
-0.284701 0.405676 1.940233 0.454662
-0.276879 0.405443 1.939965 0.454997
-0.271829 0.410286 1.923935 0.469014
-0.268041 0.490114 1.950676 0.384656
-0.267012 0.405316 1.939669 0.455302
-0.265211 0.419392 1.930009 0.479362
-0.262964 0.430704 1.932352 0.460167
-0.260831 0.405172 1.939462 0.455595
-0.257030 0.405058 1.939315 0.455836
-0.252294 0.410721 1.923777 0.468739
-0.251839 0.405002 1.939204 0.456028
-0.248353 0.377932 1.896449 0.522539
-0.246413 0.404931 1.939101 0.456215
-0.241839 0.490111 1.950553 0.384720
-0.239657 0.404830 1.938965 0.456387
-0.230470 0.391181 1.932212 0.469110
-0.230376 0.405763 1.913636 0.468586
-0.228610 0.404680 1.938818 0.456554
-0.216805 0.490090 1.950468 0.384778
-0.216180 0.404464 1.938641 0.456739
-0.209000 0.476570 1.947187 0.397402
-0.206483 0.430219 1.932016 0.460216
-0.204258 0.479665 1.948333 0.391706
-0.200754 0.404220 1.938475 0.456946
-0.198084 0.411069 1.923685 0.468552
-0.191779 0.490074 1.950386 0.384854
-0.188918 0.391275 1.932218 0.468941
-0.184934 0.403957 1.938325 0.457169
-0.170724 0.403719 1.938188 0.457391
-0.163971 0.490047 1.950301 0.384935
-0.158849 0.403487 1.938072 0.457606
-0.158611 0.420410 1.930412 0.478367
-0.151665 0.429822 1.931655 0.460221
-0.150275 0.391413 1.932281 0.468693
-0.148263 0.403274 1.937935 0.457839
-0.137503 0.403070 1.937774 0.458095
-0.132982 0.490002 1.950181 0.385030
-0.126993 0.402852 1.937623 0.458386
-0.115530 0.402636 1.937475 0.458709
-0.113954 0.378197 1.897958 0.521239
-0.112024 0.391494 1.932353 0.468446
-0.110731 0.410885 1.923524 0.468755
-0.108144 0.402356 1.937344 0.459077
-0.105755 0.406010 1.913785 0.468319
-0.098148 0.429583 1.931220 0.460141
-0.097566 0.489960 1.950042 0.385142
-0.097227 0.402021 1.937244 0.459477
-0.089180 0.479713 1.947922 0.391711
-0.080301 0.401641 1.937142 0.459906
-0.074891 0.391552 1.932382 0.468264
-0.067935 0.476505 1.947091 0.397430
-0.057607 0.489910 1.949898 0.385263
-0.054354 0.401203 1.937097 0.460334
-0.048576 0.429448 1.930726 0.460032
-0.040740 0.391520 1.932223 0.468278
-0.039953 0.409831 1.923369 0.469589
-0.033176 0.421076 1.930785 0.477669
-0.015553 0.400755 1.937306 0.460568
-0.012612 0.489799 1.949772 0.385398
-0.010171 0.391632 1.932160 0.468155
-0.002420 0.392769 1.932271 0.467164
-0.001339 0.429361 1.930277 0.459915
0.000150 0.393027 1.932438 0.466884
0.002503 0.392502 1.932114 0.467437
0.004511 0.393165 1.932697 0.466600
0.012174 0.406090 1.913908 0.468227
0.012373 0.391833 1.932174 0.467935
0.013561 0.392240 1.931993 0.467687
0.014319 0.393280 1.932915 0.466308
0.017001 0.395161 1.935251 0.463540
0.017370 0.378149 1.899579 0.520169
0.023150 0.395343 1.935664 0.463265
0.025458 0.393374 1.933131 0.466011
0.027128 0.479632 1.947616 0.391773
0.032397 0.485356 1.970600 0.405777
0.033071 0.392037 1.932208 0.467728
0.035562 0.395605 1.935938 0.462966
0.036377 0.400446 1.937501 0.460632
0.037758 0.489655 1.949678 0.385533
0.038387 0.393479 1.933337 0.465731
0.040276 0.484690 1.969957 0.406387
0.042581 0.395030 1.934927 0.463714
0.042961 0.485874 1.971402 0.405216
0.043461 0.486518 1.972128 0.404620
0.044143 0.409533 1.924482 0.468931
0.044753 0.429369 1.929906 0.459756
0.053017 0.395674 1.936282 0.462706
0.055520 0.393637 1.933479 0.465468
0.059922 0.484143 1.969264 0.406975
0.066406 0.393797 1.933729 0.465173
0.066859 0.394229 1.934279 0.464522
0.067234 0.394797 1.934661 0.463955
0.067909 0.487179 1.972764 0.404058
0.070472 0.483823 1.968415 0.407520
0.070803 0.476483 1.946802 0.397545
0.071915 0.394033 1.933957 0.464848
0.073187 0.395723 1.936566 0.462427
0.076814 0.427458 1.947765 0.462640
0.079302 0.483671 1.967551 0.408034
0.083885 0.487971 1.973288 0.403457
0.085674 0.428320 1.947685 0.462063
0.088451 0.429469 1.929561 0.459694
0.089116 0.394495 1.934447 0.464250
0.091916 0.395775 1.936856 0.462143
0.091999 0.400278 1.937703 0.460550
0.093192 0.428820 1.948295 0.461373
0.093711 0.489494 1.949612 0.385656
0.097027 0.483455 1.966830 0.408572
0.100381 0.421422 1.931163 0.477232
0.105258 0.426647 1.947996 0.463050
0.106315 0.429454 1.948736 0.460658
0.110218 0.483342 1.966092 0.409100
0.110636 0.410216 1.923338 0.468429
0.112740 0.395900 1.937065 0.461865
0.115972 0.430240 1.950126 0.459249
0.120869 0.406168 1.914127 0.468102
0.126195 0.429709 1.949528 0.460014
0.127202 0.488596 1.973817 0.402984
0.129258 0.425920 1.947853 0.463640
0.131036 0.429700 1.929271 0.459760
0.132461 0.395971 1.937347 0.461627
0.138941 0.483178 1.965518 0.409621
0.140071 0.400289 1.938032 0.460245
0.142563 0.479417 1.947454 0.391886
0.146099 0.378157 1.901217 0.519162
0.154416 0.396093 1.937607 0.461398
0.155289 0.489309 1.949518 0.385806
0.160691 0.425233 1.947770 0.464166
0.168420 0.482952 1.965032 0.410165
0.175885 0.430209 1.949528 0.459585
0.177098 0.429967 1.929118 0.459767
0.179505 0.396269 1.937809 0.461182
0.179555 0.400389 1.938338 0.459873
0.180941 0.482844 1.964388 0.410730
0.182498 0.489132 1.974279 0.402617
0.199697 0.424616 1.947720 0.464608
0.201711 0.410165 1.922876 0.468133
0.203560 0.396450 1.938041 0.460964
0.206917 0.482642 1.963878 0.411315
0.207166 0.400390 1.938695 0.459546
0.208103 0.429555 1.949116 0.460305
0.208414 0.476474 1.946498 0.397661
0.218697 0.406340 1.914390 0.467881
0.223100 0.430202 1.928847 0.459802
0.223543 0.489069 1.949480 0.385923
0.224897 0.400304 1.939032 0.459315
0.226485 0.396660 1.938253 0.460753
0.231761 0.482451 1.963328 0.411893
0.233445 0.421779 1.931459 0.476799
0.244286 0.424150 1.947553 0.465014
0.246291 0.482256 1.962719 0.412512
0.247002 0.489739 1.974365 0.402409
0.247997 0.400212 1.939203 0.459177
0.248151 0.396860 1.938454 0.460572
0.255011 0.429193 1.948493 0.460896
0.256308 0.479174 1.947309 0.392011
0.257142 0.482084 1.962116 0.413141
0.259850 0.378687 1.902761 0.517840
0.261951 0.481947 1.961529 0.413767
0.268630 0.430491 1.928477 0.459805
0.271306 0.481844 1.960941 0.414326
0.271532 0.396997 1.938635 0.460462
0.273342 0.400138 1.939189 0.459137
0.279390 0.481779 1.960382 0.414848
0.280868 0.423635 1.947427 0.465469
0.286115 0.397236 1.938799 0.460269
0.289951 0.481681 1.959898 0.415342
0.292392 0.481653 1.959423 0.415786
0.292670 0.410090 1.922751 0.467896
0.296539 0.488831 1.949318 0.386129
0.298144 0.400017 1.939211 0.459106
0.299532 0.397498 1.938952 0.460061
0.303001 0.406586 1.914690 0.467594
0.303260 0.481709 1.958993 0.416153
0.304497 0.428850 1.947861 0.461462
0.313754 0.478112 1.965829 0.386778
0.314662 0.430812 1.928002 0.459812
0.315113 0.398061 1.939264 0.459664
0.316424 0.399743 1.939216 0.459195
0.319742 0.397747 1.939072 0.459899
0.321159 0.481918 1.958638 0.416371
0.322094 0.423194 1.947313 0.465851
0.328000 0.482383 1.958462 0.416308
0.328002 0.399406 1.939310 0.459265
0.329179 0.399026 1.939370 0.459358
0.337321 0.398653 1.939355 0.459475
0.337370 0.482796 1.958577 0.416112
0.338907 0.428069 1.947636 0.462149
0.340109 0.398287 1.939242 0.459658
0.346097 0.476433 1.946446 0.397687
0.347107 0.483182 1.958745 0.415900
0.350925 0.483591 1.958942 0.415665
0.361259 0.427284 1.947310 0.462915
0.363022 0.422769 1.947246 0.466205
0.364273 0.431140 1.927466 0.459748
0.366061 0.483954 1.959155 0.415421
0.367405 0.478946 1.947307 0.392051
0.369569 0.421793 1.931733 0.476655
0.372930 0.406861 1.914999 0.467298
0.375225 0.488518 1.949244 0.386360
0.376283 0.484380 1.959321 0.415137
0.376631 0.379369 1.904126 0.516506
0.380137 0.478442 1.965735 0.386225
0.385112 0.426426 1.947136 0.463643
0.386584 0.410294 1.922625 0.467581
0.386701 0.484688 1.959645 0.414819
0.399404 0.422385 1.947047 0.466613
0.401888 0.439856 1.910603 0.457768
0.403430 0.484991 1.959906 0.414518
0.406217 0.438864 1.910148 0.457804
0.406631 0.425690 1.946741 0.464410
0.407215 0.440867 1.910992 0.457723
0.409264 0.424428 1.945795 0.466010
0.412096 0.437894 1.909693 0.457843
0.412201 0.425019 1.946280 0.465218
0.413306 0.423866 1.945324 0.466762
0.420551 0.436999 1.909294 0.457814
0.421269 0.423314 1.944900 0.467464
0.422051 0.431429 1.926892 0.459624
0.428304 0.422807 1.944487 0.468133
0.429669 0.485170 1.960159 0.414302
0.430256 0.407129 1.915296 0.467011
0.433204 0.441809 1.911445 0.457736
0.437410 0.422073 1.946831 0.466977
0.438037 0.436074 1.908947 0.457766
0.440623 0.422323 1.944089 0.468762
0.450656 0.478688 1.965711 0.385718
0.450970 0.421840 1.943710 0.469375
0.459943 0.488180 1.949168 0.386631
0.460862 0.421367 1.943338 0.469970
0.462925 0.473036 1.951636 0.398721
0.466909 0.411152 1.921997 0.467236
0.468507 0.420917 1.942936 0.470552
0.471909 0.421743 1.946663 0.467343
0.471916 0.434928 1.908656 0.457915
0.473732 0.478743 1.947331 0.392073
0.475950 0.407423 1.915580 0.466724
0.477334 0.420443 1.942551 0.471133
0.480032 0.431645 1.926142 0.459576
0.480391 0.380309 1.905310 0.515016
0.481768 0.476545 1.946287 0.397648
0.488401 0.420006 1.942109 0.471702
0.495160 0.419547 1.941693 0.472268
0.498422 0.472988 1.951604 0.398774
0.502171 0.442535 1.911802 0.457591
0.504571 0.421611 1.931787 0.476804
0.504596 0.419112 1.941298 0.472795
0.505743 0.421414 1.946562 0.467674
0.511401 0.407769 1.915835 0.466415
0.512337 0.418705 1.940972 0.473271
0.518322 0.418344 1.940743 0.473658
0.519370 0.479052 1.965420 0.385266
0.523993 0.418103 1.940565 0.473925
0.527753 0.417959 1.940459 0.474078
0.531563 0.417826 1.940354 0.474231
0.531897 0.473073 1.951437 0.398811
0.537187 0.433528 1.908378 0.458287
0.537209 0.412549 1.921255 0.466558
0.538541 0.417624 1.940188 0.474483
0.538687 0.421201 1.946352 0.467962
0.540669 0.408105 1.916106 0.466095
0.543762 0.431973 1.925492 0.459339
0.549861 0.487842 1.948996 0.386972
0.550687 0.417368 1.939929 0.474830
0.559139 0.473097 1.951136 0.399004
0.565978 0.420887 1.946289 0.468268
0.567645 0.417034 1.939558 0.475309
0.568078 0.408460 1.916374 0.465764
0.574967 0.478561 1.947395 0.392081
0.583457 0.472939 1.950912 0.399308
0.586619 0.408944 1.916557 0.465338
0.589601 0.479444 1.965108 0.384824
0.590584 0.381295 1.906212 0.513670
0.592143 0.416632 1.939065 0.475903
0.594343 0.420680 1.946159 0.468504
0.603068 0.472601 1.950883 0.399615
0.604878 0.409479 1.916732 0.464894
0.609888 0.443276 1.912233 0.457397
0.611914 0.432334 1.924906 0.459031
0.612775 0.414315 1.920934 0.465391
0.616065 0.476652 1.946129 0.397615
0.619233 0.420448 1.946067 0.468742
0.621375 0.472200 1.950985 0.399874
0.621725 0.410046 1.916960 0.464408
0.623095 0.431905 1.908292 0.458763
0.624365 0.416170 1.938475 0.476595
0.627652 0.416433 1.919967 0.464223
0.635007 0.410682 1.917162 0.463903
0.637196 0.421315 1.931791 0.477068
0.641093 0.420233 1.945980 0.468969
0.645304 0.487448 1.948836 0.387362
0.648239 0.471869 1.951129 0.400033
0.651637 0.411329 1.917373 0.463393
0.653844 0.417223 1.918756 0.459300
0.654658 0.417852 1.918760 0.459059
0.661231 0.479868 1.964806 0.384373
0.661371 0.416607 1.918706 0.459600
0.661590 0.420035 1.945901 0.469179
0.661738 0.415625 1.937818 0.477391
0.662177 0.415929 1.918709 0.459929
0.666091 0.412015 1.917572 0.462864
0.666683 0.418443 1.918810 0.458878
0.669516 0.415307 1.918543 0.460341
0.670908 0.414020 1.918196 0.461259
0.672179 0.412704 1.917762 0.462312
0.672330 0.478483 1.947424 0.392030
0.672613 0.414676 1.918348 0.460787
0.673608 0.413369 1.917990 0.461774
0.679928 0.471676 1.951370 0.400018
0.681298 0.419846 1.945818 0.469380
0.681569 0.419528 1.918938 0.458561
0.681764 0.418993 1.918892 0.458735
0.682343 0.382421 1.906996 0.512244
0.693493 0.420017 1.919002 0.458451
0.701167 0.419638 1.945755 0.469580
0.702772 0.444305 1.913605 0.456800
0.708762 0.415104 1.937054 0.478229
0.709810 0.471607 1.951649 0.399837
0.712837 0.420427 1.919104 0.458402
0.715300 0.430384 1.908044 0.459311
0.723460 0.419470 1.945635 0.469788
0.730022 0.420837 1.919131 0.458394
0.736340 0.477233 1.946264 0.397000
0.737318 0.471578 1.951934 0.399617
0.738421 0.480232 1.964592 0.383946
0.743917 0.486925 1.948838 0.387772
0.747201 0.419262 1.945505 0.470034
0.749454 0.432973 1.927512 0.473322
0.757473 0.417100 1.920649 0.463297
0.758524 0.414524 1.936271 0.479151
0.762257 0.471611 1.952188 0.399324
0.763691 0.420764 1.931772 0.477525
0.764757 0.478375 1.947374 0.392070
0.765127 0.383679 1.907658 0.510856
0.771115 0.432979 1.924553 0.458247
0.773624 0.432993 1.927350 0.473090
0.775037 0.419059 1.945326 0.470300
0.784194 0.471679 1.952361 0.399024
0.795974 0.429057 1.908855 0.459166
0.796278 0.433064 1.927121 0.472870
0.803890 0.471752 1.952480 0.398765
0.805734 0.418837 1.945097 0.470611
0.809466 0.416496 1.920892 0.463529
0.813062 0.413994 1.935352 0.480077
0.816713 0.415787 1.920168 0.464469
0.817670 0.471768 1.952591 0.398576
0.819334 0.480592 1.964510 0.383474
0.823865 0.478376 1.946221 0.396034
0.823907 0.433029 1.926871 0.472763
0.824710 0.471829 1.952620 0.398379
0.830068 0.471833 1.952678 0.398282
0.833302 0.471904 1.952731 0.398117
0.839147 0.418602 1.944804 0.470967
0.839255 0.427571 1.909433 0.459450
0.840562 0.486224 1.948867 0.388301
0.840986 0.444751 1.914717 0.456488
0.843288 0.414892 1.919491 0.465601
0.848772 0.471918 1.952856 0.398080
0.853834 0.478363 1.947443 0.391994
0.856384 0.432933 1.926650 0.472741
0.867645 0.415089 1.917957 0.466349
0.868794 0.472017 1.952976 0.397987
0.868979 0.384775 1.908354 0.509722
0.871807 0.426621 1.910521 0.459216
0.874346 0.418351 1.944420 0.471375
0.874733 0.479587 1.946678 0.394749
0.875798 0.417138 1.920817 0.463139
0.877720 0.413507 1.934371 0.480969
0.883880 0.420044 1.931744 0.478122
0.893743 0.432817 1.926431 0.472748
0.894786 0.471986 1.952907 0.398107
0.895094 0.416328 1.917044 0.465930
0.901191 0.481022 1.964403 0.382973
0.905677 0.425911 1.911524 0.459034
0.912032 0.480924 1.946969 0.393484
0.913664 0.418121 1.943949 0.471809
0.914046 0.417469 1.916362 0.465419
0.917121 0.471856 1.952754 0.398326
0.925427 0.471697 1.952502 0.398625
0.926333 0.419801 1.915354 0.463924
0.928577 0.485271 1.949102 0.388920
0.930898 0.471608 1.952231 0.398899
0.934086 0.418576 1.915868 0.464785
0.934333 0.422587 1.914611 0.461725
0.934525 0.425347 1.912373 0.459038
0.934682 0.432788 1.926146 0.472787
0.939113 0.433296 1.924519 0.457337
0.939562 0.478367 1.947501 0.391930
0.939763 0.471588 1.951962 0.399124
0.939834 0.421179 1.915116 0.462792
0.940291 0.423716 1.914070 0.460848
0.945747 0.471422 1.951837 0.399387
0.948242 0.413075 1.933351 0.481878
0.948948 0.424348 1.913643 0.460170
0.949482 0.424620 1.913242 0.459727
0.950194 0.424886 1.912886 0.459368
0.954565 0.471297 1.951717 0.399657
0.954625 0.417827 1.943439 0.472302
0.966748 0.482180 1.947240 0.392323
0.974070 0.385948 1.909044 0.508609
0.974292 0.471199 1.951601 0.399895
0.980448 0.432773 1.925837 0.472881
0.988394 0.444451 1.915281 0.456989
0.990970 0.481284 1.964519 0.382509
0.994657 0.417525 1.942817 0.472859
1.000457 0.471039 1.951546 0.400128
1.001242 0.419395 1.931448 0.478805
1.003241 0.484212 1.948945 0.389833
1.004938 0.483107 1.948161 0.391093
1.022030 0.478421 1.947374 0.391936
1.029473 0.412744 1.932336 0.482744
1.030358 0.432736 1.925517 0.473021
1.034395 0.417202 1.942107 0.473474
1.034794 0.470914 1.951532 0.400280
1.073742 0.470824 1.951588 0.400306
1.074840 0.387259 1.909746 0.507435
1.077532 0.416931 1.941299 0.474099
1.080612 0.432743 1.925091 0.473200
1.083324 0.481630 1.964628 0.381965
1.087841 0.443593 1.915456 0.458108
1.102394 0.478541 1.947255 0.391896
1.105678 0.418533 1.931079 0.479665
1.112181 0.433322 1.924786 0.456489
1.113100 0.470908 1.951674 0.400170
1.124693 0.416439 1.940621 0.474833
1.129254 0.412523 1.931477 0.483455
1.134082 0.432734 1.924652 0.473400
1.151624 0.471050 1.951765 0.399997
1.167543 0.416053 1.939741 0.475606
1.171877 0.442799 1.915654 0.459170
1.178905 0.388495 1.910566 0.506481
1.180533 0.481914 1.964851 0.381430
1.182237 0.478548 1.947221 0.391900
1.186771 0.471289 1.951875 0.399701
1.188217 0.432734 1.924144 0.473621
1.210476 0.417688 1.930681 0.480492
1.213898 0.415632 1.938841 0.476410
1.226659 0.471449 1.952080 0.399431
1.233862 0.442018 1.915832 0.460197
1.241889 0.432722 1.923598 0.473912
1.253526 0.412532 1.931219 0.483725
1.260750 0.478492 1.947099 0.391998
1.264881 0.471702 1.952272 0.399069
1.267847 0.389727 1.911327 0.505688
1.267937 0.416217 1.930645 0.481542
1.278620 0.472205 1.952453 0.398468
1.281863 0.482099 1.965139 0.380938
1.286692 0.441540 1.915991 0.460952
1.287438 0.433044 1.925326 0.455819
1.297930 0.432616 1.923098 0.474259
1.317367 0.414566 1.937147 0.478147
1.319023 0.472407 1.952869 0.397989
1.338587 0.478388 1.946945 0.392135
1.341298 0.441690 1.916303 0.460989
1.344428 0.414907 1.930616 0.482486
1.351181 0.472660 1.953362 0.397397
1.352007 0.390742 1.911937 0.504944
1.356943 0.432470 1.922653 0.474591
1.369781 0.413275 1.931070 0.483414
1.380896 0.441252 1.916419 0.461679
1.385180 0.482248 1.965431 0.380480
1.396804 0.473052 1.953549 0.396870
1.413339 0.432303 1.922159 0.474939
1.416833 0.478242 1.946828 0.392283
1.420108 0.391785 1.912458 0.504186
1.420164 0.440575 1.916442 0.462621
1.435672 0.413595 1.935326 0.479849
1.458053 0.473222 1.953422 0.396731
1.467087 0.432862 1.925837 0.455388
1.472535 0.432032 1.921840 0.475255
1.478608 0.439736 1.916615 0.463537
1.488561 0.392697 1.912980 0.503522
1.489799 0.482378 1.965657 0.380095
1.491205 0.477942 1.946606 0.392580
1.516247 0.473235 1.953186 0.396773
1.528643 0.438855 1.916636 0.464575
1.528965 0.431746 1.921547 0.475552
1.551189 0.412435 1.933546 0.481660
1.557498 0.393518 1.913513 0.502933
1.561395 0.477579 1.946309 0.392979
1.567071 0.473368 1.952956 0.396675
1.573167 0.438032 1.916732 0.465511
1.582828 0.431349 1.921460 0.475794
1.593041 0.482349 1.965963 0.379802
1.609728 0.473385 1.952737 0.396680
1.612806 0.437280 1.916797 0.466426
1.620482 0.394328 1.914024 0.502372
1.626593 0.477018 1.946140 0.393455
1.632946 0.430970 1.921365 0.476013
1.643419 0.473358 1.952513 0.396731
1.644414 0.432999 1.926541 0.454927
1.661670 0.436557 1.916911 0.467290
1.666279 0.473235 1.952215 0.396882
1.680056 0.411316 1.931826 0.483386
1.681835 0.395058 1.914550 0.501868
1.682390 0.430712 1.921230 0.476100
1.687777 0.476408 1.945956 0.393987
1.690637 0.473117 1.951964 0.397017
1.695947 0.482402 1.966079 0.379545
1.704246 0.435723 1.917016 0.468294
1.716642 0.473015 1.951700 0.397145
1.726593 0.430443 1.921057 0.476178
1.733149 0.434245 1.927780 0.453074
1.734811 0.395890 1.914926 0.501368
1.744637 0.472973 1.951361 0.397246
1.744796 0.475760 1.945723 0.394584
1.748086 0.434832 1.917220 0.469319
1.767265 0.430287 1.920779 0.476192
1.780180 0.472941 1.951056 0.397294
1.786467 0.410435 1.929697 0.485142
1.789475 0.396672 1.915379 0.500904
1.795373 0.433925 1.917523 0.470285
1.795688 0.482481 1.966172 0.379288
1.803068 0.430166 1.920497 0.476130
1.805972 0.473289 1.950733 0.397007
1.808859 0.475203 1.945458 0.395103
1.833108 0.430094 1.920238 0.475968
1.835954 0.433022 1.917824 0.471257
1.842410 0.397496 1.915890 0.500329
1.843331 0.473502 1.950484 0.396789
1.848097 0.435341 1.929126 0.451474
1.857596 0.430082 1.919992 0.475736
1.865312 0.432235 1.918114 0.472150
1.867957 0.474587 1.945152 0.395678
1.874329 0.430126 1.919758 0.475430
1.878894 0.473731 1.950281 0.396530
1.884530 0.431590 1.918451 0.472910
1.892095 0.482531 1.966267 0.379068
1.892165 0.430448 1.919449 0.474930
1.892806 0.409029 1.928065 0.487015
1.894123 0.431062 1.918701 0.473604
1.895891 0.430635 1.919020 0.474195
1.896923 0.430534 1.919240 0.474574
1.900039 0.398341 1.916477 0.499679
1.914030 0.473891 1.950063 0.396350
1.934118 0.474189 1.944654 0.396160
1.947032 0.474041 1.949886 0.396184
1.951702 0.399384 1.917058 0.498881
1.958766 0.474348 1.950036 0.395761
1.969404 0.407835 1.926145 0.488857
1.976069 0.475150 1.950264 0.395029
1.979891 0.474693 1.950147 0.395431
1.985564 0.482593 1.966305 0.378873
1.992083 0.473709 1.944093 0.396745
1.993695 0.400517 1.917810 0.497869
2.009486 0.475519 1.950042 0.394905
2.010192 0.475928 1.948805 0.395413
2.010347 0.475896 1.948158 0.395877
2.015221 0.475916 1.949445 0.394996
2.015647 0.475840 1.947523 0.396368
2.022306 0.475758 1.946923 0.396888
2.022864 0.475932 1.946253 0.397250
2.026382 0.475798 1.945731 0.397798
2.032333 0.435239 1.930060 0.451236
2.040646 0.473153 1.943529 0.397415
2.041271 0.401618 1.918802 0.496744
2.042427 0.475626 1.945274 0.398348
2.056838 0.475456 1.944780 0.398873
2.064927 0.406757 1.924429 0.490475
2.073085 0.403023 1.919747 0.495371
2.074546 0.482676 1.966372 0.378659
2.083596 0.475174 1.944446 0.399323
2.090249 0.472524 1.943113 0.398071
2.098977 0.404233 1.921162 0.493858
2.100650 0.405572 1.922653 0.492192
2.118783 0.474781 1.944441 0.399613
2.131684 0.471994 1.942539 0.398741
2.159668 0.474554 1.944523 0.399719
2.160270 0.482790 1.966403 0.378462
2.165142 0.471401 1.942058 0.399431
2.187005 0.467373 1.932892 0.409546
2.196632 0.470960 1.941491 0.400064
2.198307 0.474422 1.944669 0.399692
2.216936 0.467358 1.933215 0.409432
2.218151 0.467210 1.932690 0.409798
2.220871 0.434951 1.930804 0.451053
2.229800 0.470701 1.940889 0.400595
2.234765 0.474365 1.944773 0.399593
2.239630 0.483047 1.966280 0.378245
2.246654 0.467413 1.933488 0.409296
2.253844 0.470527 1.940280 0.401085
2.257329 0.467200 1.932518 0.409815
2.262582 0.474151 1.944979 0.399599
2.275738 0.470274 1.939834 0.401583
2.276281 0.467415 1.933717 0.409154
2.291020 0.467009 1.932218 0.409942
2.291931 0.474141 1.945096 0.399444
2.298310 0.470204 1.939345 0.401969
2.301249 0.467461 1.933918 0.408986
2.317035 0.469900 1.938485 0.402764
2.317648 0.483206 1.966270 0.378049
2.321304 0.474125 1.945205 0.399350
2.322252 0.467525 1.934084 0.408822
2.328598 0.467079 1.931983 0.409846
2.335813 0.469738 1.937620 0.403460
2.337668 0.467631 1.934185 0.408645
2.349897 0.467725 1.934275 0.408487
2.352058 0.474066 1.945292 0.399306
2.358055 0.467387 1.931929 0.409564
2.358686 0.467779 1.934354 0.408364
2.365101 0.467821 1.934415 0.408255
2.367146 0.469361 1.936981 0.404222
2.370308 0.467842 1.934477 0.408158
2.375465 0.467866 1.934548 0.408055
2.381136 0.467904 1.934629 0.407923
2.383498 0.473900 1.945299 0.399415
2.383615 0.467655 1.932065 0.409228
2.387500 0.467955 1.934726 0.407748
2.387950 0.468064 1.934031 0.407640
2.388461 0.468064 1.934074 0.407546
2.389448 0.467851 1.932422 0.408841
2.389815 0.468071 1.933905 0.407798
2.390684 0.468065 1.933995 0.407718
2.390964 0.468051 1.934118 0.407463
2.391488 0.483461 1.966131 0.377854
2.393938 0.468026 1.934856 0.407537
2.396727 0.468975 1.936446 0.404943
2.397597 0.468095 1.933752 0.407880
2.397921 0.468024 1.932758 0.408494
2.398617 0.468001 1.934139 0.407430
2.400994 0.468122 1.934996 0.407288
2.401750 0.468093 1.933479 0.408031
2.405490 0.468042 1.933149 0.408249
2.406976 0.468222 1.935144 0.407030
2.407416 0.468672 1.936017 0.405534
2.410541 0.468324 1.935277 0.406773
2.411169 0.467967 1.934059 0.407451
2.413829 0.468402 1.935391 0.406551
2.414721 0.468552 1.935671 0.405937
2.414774 0.434706 1.931031 0.451116
2.415529 0.468464 1.935476 0.406346
2.415640 0.468500 1.935572 0.406149
2.416153 0.473795 1.945163 0.399544
2.432242 0.467897 1.933997 0.407497
2.452160 0.473826 1.945136 0.399495
2.462880 0.483733 1.965915 0.377679
2.465648 0.467873 1.933940 0.407506
2.488053 0.473769 1.944997 0.399595
2.511367 0.467826 1.933713 0.407631
2.520424 0.473654 1.944792 0.399820
2.535096 0.483949 1.965765 0.377510
2.555532 0.473498 1.944617 0.400006
2.570180 0.467827 1.933522 0.407700
2.587661 0.473215 1.944482 0.400215
2.605624 0.434424 1.931195 0.451311
2.607979 0.484048 1.965613 0.377453
2.633186 0.467974 1.933108 0.407765
2.634398 0.473108 1.944449 0.400193
2.677451 0.484252 1.965394 0.377343
2.684125 0.472981 1.944550 0.400086
2.698513 0.468202 1.932639 0.407771
2.731778 0.472879 1.944775 0.399878
2.746180 0.484337 1.965219 0.377303
2.759488 0.468570 1.932091 0.407708
2.772320 0.473223 1.944809 0.399376
2.791610 0.434425 1.930990 0.451460
2.811381 0.484352 1.964975 0.377351
2.816412 0.473579 1.944849 0.398901
2.822543 0.468939 1.931798 0.407505
2.864162 0.473907 1.945037 0.398430
2.872396 0.484448 1.964709 0.377345
2.877928 0.474481 1.945264 0.397767
2.880690 0.469308 1.931628 0.407254
2.901160 0.475029 1.945396 0.397221
2.926803 0.484425 1.964376 0.377464
2.930808 0.469670 1.931524 0.407001
2.945207 0.474994 1.945656 0.397127
2.969805 0.434492 1.930853 0.451494
2.974617 0.469933 1.931424 0.406830
2.978836 0.474932 1.945835 0.397106
2.978868 0.484409 1.964135 0.377530
3.004210 0.475105 1.945995 0.396915
3.009545 0.470135 1.931365 0.406705
3.022007 0.484365 1.963768 0.377682
3.031192 0.475042 1.946305 0.396805
3.037029 0.470329 1.931319 0.406580
3.056268 0.475093 1.946721 0.396512
3.061619 0.470448 1.931271 0.406521
3.083901 0.470585 1.931301 0.406410
3.089932 0.475423 1.946289 0.396455
3.092422 0.474738 1.943961 0.398037
3.092441 0.474418 1.943278 0.398598
3.098365 0.484240 1.963028 0.378077
3.104722 0.473406 1.942227 0.399821
3.105339 0.473990 1.942704 0.399183
3.108961 0.470767 1.931268 0.406304
3.110210 0.475115 1.944534 0.397470
3.127381 0.475380 1.945198 0.396960
3.137025 0.475599 1.945902 0.396470
3.138597 0.470950 1.931302 0.406175
3.141839 0.473167 1.941521 0.400245
3.142076 0.434790 1.930645 0.451338
3.165643 0.483832 1.962189 0.378740
3.172500 0.471146 1.931350 0.406039
3.180896 0.471575 1.932179 0.405346
3.191831 0.471412 1.931676 0.405695
3.194146 0.471810 1.932629 0.404987
3.202071 0.473189 1.940966 0.400312
3.228999 0.472087 1.932754 0.404825
3.230923 0.472088 1.933329 0.404632
3.235227 0.472544 1.933528 0.404332
3.236351 0.483172 1.961440 0.379567
3.251633 0.472878 1.933826 0.404067
3.265000 0.473472 1.940668 0.400004
3.265337 0.473240 1.934110 0.403759
3.279347 0.473544 1.934420 0.403433
3.298747 0.473665 1.934750 0.403144
3.311464 0.435232 1.930526 0.450934
3.312779 0.482711 1.960531 0.380318
3.316014 0.473720 1.935044 0.402868
3.328356 0.473697 1.940433 0.399706
3.330767 0.473766 1.935230 0.402606
3.339726 0.473777 1.935394 0.402399
3.352576 0.473768 1.935514 0.402240
3.372738 0.473774 1.935677 0.402092
3.380840 0.482199 1.959540 0.381184
3.390872 0.473712 1.936104 0.401848
3.392862 0.473586 1.940227 0.399704
3.425133 0.473623 1.936573 0.401619
3.447284 0.473164 1.940192 0.399923
3.449070 0.481659 1.958587 0.382073
3.464726 0.473690 1.937083 0.401229
3.465406 0.435920 1.930584 0.450200
3.506806 0.473225 1.940083 0.399831
3.508813 0.480932 1.957679 0.383104
3.512008 0.473878 1.937540 0.400780
3.558374 0.472832 1.940076 0.400102
3.565297 0.473410 1.937975 0.400868
3.568535 0.480144 1.956725 0.384235
3.597742 0.473097 1.938795 0.400624
3.599592 0.436670 1.930684 0.449289
3.611659 0.473065 1.939637 0.400144
3.631016 0.479267 1.955731 0.385481
3.693077 0.478382 1.954718 0.386758
3.716545 0.437533 1.930713 0.448083
3.750116 0.477477 1.953727 0.388051
3.811103 0.476489 1.952791 0.389380
3.832307 0.438233 1.930900 0.446875
3.863572 0.475336 1.951896 0.390843
3.897660 0.473971 1.950935 0.392528
3.935357 0.472632 1.949763 0.394322
3.956208 0.470926 1.948961 0.396222
3.965553 0.438416 1.930897 0.446137
3.965603 0.469280 1.947954 0.398175
3.982486 0.467770 1.946722 0.400152
3.998589 0.466507 1.945157 0.402129
4.018803 0.465227 1.943575 0.404135
4.039784 0.462866 1.940106 0.408152
4.040802 0.464093 1.941804 0.406124
4.049109 0.461723 1.938439 0.410106
4.072711 0.460616 1.936958 0.411969
4.088681 0.437443 1.930860 0.446321
4.207116 0.436545 1.930304 0.446682
4.221227 0.459996 1.936731 0.412807
4.302700 0.436416 1.928947 0.446836
4.365616 0.459793 1.936534 0.413481
4.370987 0.436227 1.927488 0.447039
4.421689 0.435499 1.926188 0.447620
4.492751 0.459921 1.936095 0.414091
4.495708 0.434473 1.925186 0.448346
4.575850 0.434157 1.923328 0.449053
4.602182 0.460347 1.935858 0.414342
4.616643 0.436152 1.922508 0.447487
4.637810 0.438396 1.920960 0.446160
4.670819 0.440830 1.920191 0.444303
4.688384 0.460848 1.935616 0.414604
4.734329 0.443213 1.919695 0.442374
4.752351 0.461266 1.935121 0.415036
4.782463 0.445507 1.919804 0.440270
4.787165 0.450790 1.922777 0.433738
4.790825 0.452445 1.923800 0.431539
4.794383 0.461555 1.934465 0.415582
4.806592 0.453963 1.924837 0.429442
4.816051 0.449098 1.921755 0.435956
4.833430 0.461718 1.933885 0.416094
4.834459 0.455182 1.925978 0.427467
4.846812 0.447292 1.920821 0.438164
4.877372 0.461772 1.933373 0.416499
4.887837 0.456262 1.926864 0.425724
4.917582 0.461688 1.932735 0.416965
4.936534 0.457132 1.927820 0.424114
4.951736 0.461373 1.931939 0.417626
4.978992 0.458064 1.928654 0.422581
4.992910 0.460682 1.931258 0.418540
5.010341 0.459786 1.930506 0.419747
5.010565 0.458928 1.929577 0.421125