1.655295698729047481e-03 2.871037842754394998e+00 -3.927613087523978752e+00 9.490651095688077410e-01 -9.673307662804830898e-03 2.651276502519456929e-02 3.138135086460211998e-01
1.312071416313872918e+00 2.829716748660563219e+00 -3.879831338297524912e+00 9.492692248263912003e-01 -9.293248480114752255e-03 2.543209471682185072e-02 3.132966372122489851e-01
2.626169416376875621e+00 2.785518918173265579e+00 -3.823589349488797584e+00 9.495111993445914944e-01 -8.662842581284625060e-03 2.521065096482735107e-02 3.125985613459166257e-01
3.942606165804820595e+00 2.747259373556727446e+00 -3.778264133870088415e+00 9.497455286328806423e-01 -7.693588181312409000e-03 2.576921146472144555e-02 3.118656558251215460e-01
5.260647311065451248e+00 2.698196215380108232e+00 -3.711495838250343127e+00 9.498921304232011975e-01 -7.690725177233075256e-03 2.570597332050731515e-02 3.114241420345665867e-01
6.580138397738068967e+00 2.650247362389215322e+00 -3.647684685680671279e+00 9.500175306666510666e-01 -7.704284585789457351e-03 2.510830825359943591e-02 3.110898717118606438e-01
7.906339953619603733e+00 2.596304992071293505e+00 -3.593347968305085072e+00 9.502294559268266161e-01 -7.927787009608734323e-03 2.445438431880121721e-02 3.104885092394336632e-01
9.235197965706177570e+00 2.542524448527766268e+00 -3.529631090218787737e+00 9.502801539461256386e-01 -7.818258247014884046e-03 2.396402317305179608e-02 3.103743376110084107e-01
1.056375860829099089e+01 2.485070851298435635e+00 -3.453824219903716131e+00 9.502208020844322700e-01 -7.069082379045088689e-03 2.455960412300781451e-02 3.105274242408512242e-01
1.189633184475832017e+01 2.428778422174680429e+00 -3.378452490392330976e+00 9.498705242997257381e-01 -6.203922890338702673e-03 2.533683005206108230e-02 3.115534359467856951e-01
1.323226001060010582e+01 2.385052614198884147e+00 -3.297672562532270923e+00 9.494083620868140061e-01 -5.704760919002845737e-03 2.530750490966714519e-02 3.129708419289843890e-01
1.456903600390264408e+01 2.336527623206190896e+00 -3.222982330420027353e+00 9.491604048035874319e-01 -5.354202798134376912e-03 2.503884225096087920e-02 3.137497646918927519e-01
1.591787755848558561e+01 2.276910448098615092e+00 -3.161314093905681410e+00 9.490767773550706776e-01 -5.358120214934961392e-03 2.440743208010123441e-02 3.140522862396185610e-01
1.726742475463854021e+01 2.199710070601008649e+00 -3.105764587817823941e+00 9.495112069735837101e-01 -5.658936165579683472e-03 2.290376887037905498e-02 3.128447884248266031e-01
1.861760750416986454e+01 2.108087025808792259e+00 -3.068794881897693116e+00 9.501871680614367710e-01 -5.555368617272868001e-03 2.181637738386638797e-02 3.108657736206383859e-01
1.996896191278576538e+01 2.044388701106060413e+00 -3.033340321418573016e+00 9.505940330432062213e-01 -4.658164263310838639e-03 2.297951575343401553e-02 3.095500407108446872e-01
2.132197117090079885e+01 1.970627080148087185e+00 -2.982382422641211672e+00 9.508538601173371907e-01 -3.733251899551126227e-03 2.382116422494190769e-02 3.086997759396369334e-01
2.268536866461112922e+01 1.921779087966136057e+00 -2.913410783840533202e+00 9.505836230740520865e-01 -3.346237983472384863e-03 2.449806708963550919e-02 3.094825082999653754e-01
2.405081263781695711e+01 1.872408837633706913e+00 -2.850046040195988617e+00 9.502365122849767420e-01 -3.798391429126780038e-03 2.339183143497289979e-02 3.106267296372806075e-01
2.542611087626324817e+01 1.800425392998292740e+00 -2.802993189901222593e+00 9.502492126662369643e-01 -4.256837560792823064e-03 2.155497722992720869e-02 3.107148147703860386e-01
2.679509178828466176e+01 1.706166617544897290e+00 -2.757632631186787364e+00 9.505964810732805415e-01 -4.187530435884225487e-03 2.060193445750954297e-02 3.097165721374191549e-01
2.816824593940368970e+01 1.629227329904233246e+00 -2.718947996422186542e+00 9.513519841014177469e-01 -3.086665893472808047e-03 2.129584892900755061e-02 3.073538053422321115e-01
2.954285559332762290e+01 1.576536095791330805e+00 -2.661419366173598977e+00 9.514415261781595801e-01 -2.356008886144049345e-03 2.234822731287576178e-02 3.070081891772188931e-01
3.092180027594061542e+01 1.531950783052564491e+00 -2.596285657581406614e+00 9.516087260870494946e-01 -2.032908819187313407e-03 2.381318010175927091e-02 3.063815140803322623e-01
3.230677193882972631e+01 1.517784271313534772e+00 -2.523633441806642175e+00 9.512736977023148466e-01 -2.059161946393669052e-03 2.417852141917830461e-02 3.073914621680724490e-01
3.368823444209559881e+01 1.476085508959233294e+00 -2.451192172147942827e+00 9.514383339288250419e-01 -1.641371403503876555e-03 2.519440419457626146e-02 3.068022891504195160e-01
3.508051972484378211e+01 1.445031515922243992e+00 -2.376874943429088116e+00 9.515022511981167108e-01 -1.531819884985888844e-03 2.478847957856490647e-02 3.066376538733280865e-01
3.647708231436248383e+01 1.407199355577556821e+00 -2.310266686647962864e+00 9.516560249421875950e-01 -1.694902409675333455e-03 2.401906330071932119e-02 3.062205448613993797e-01
3.787481332352425767e+01 1.364088151176340968e+00 -2.255186603871305095e+00 9.516684586040532468e-01 -1.758850360893476081e-03 2.313014915998814688e-02 3.062499755811092794e-01
3.927033234698014752e+01 1.327798975464499653e+00 -2.199069383651177212e+00 9.514423458230194530e-01 -1.745199484080179166e-03 2.274222675778929045e-02 3.069807941478552848e-01
4.067275760764632508e+01 1.286487902945654405e+00 -2.141807557705260656e+00 9.513066804426182355e-01 -1.861856345881373730e-03 2.269995373006356357e-02 3.074033918759624395e-01
4.207916248942623838e+01 1.250510643251381504e+00 -2.081794024576445690e+00 9.511183916323555643e-01 -1.913976793079674374e-03 2.217390508919777486e-02 3.080234726844882087e-01
4.348583944495234022e+01 1.187670043066356484e+00 -2.030010253735995640e+00 9.511553064419880910e-01 -1.836565916100110990e-03 2.195036178292143411e-02 3.079259516027877952e-01
4.489419941481370557e+01 1.111287557977827190e+00 -1.986717815983521707e+00 9.513479596145200112e-01 -1.497576567801032349e-03 2.182337650387104755e-02 3.073411089322144463e-01
4.630710915045659704e+01 1.055685817451956110e+00 -1.949833885219947494e+00 9.515613896840197095e-01 -8.501892851348895504e-04 2.163626266349379795e-02 3.066954042348095655e-01
4.772237550757540703e+01 9.941720835833314229e-01 -1.908557789682741479e+00 9.517876960798670183e-01 -1.983119422181411342e-04 2.109716679346549176e-02 3.060311288360071380e-01
4.914489724167519569e+01 9.346659940114296905e-01 -1.880353812775347411e+00 9.518619305521377472e-01 2.074496018345168050e-04 1.999119391192866885e-02 3.058744420447640500e-01
5.056694010437293230e+01 8.687879552502213443e-01 -1.845946206704586867e+00 9.519569200436084344e-01 1.148406984509702964e-03 1.956382217659360587e-02 3.056042545586158954e-01
5.199249692024212521e+01 8.027967458294948955e-01 -1.809253540551508888e+00 9.520567218659531372e-01 1.990384542736261739e-03 1.876615024662998954e-02 3.053389400717641533e-01
5.342072143175260379e+01 7.283720257062835657e-01 -1.793067438395386404e+00 9.522334442256161768e-01 2.790747654110295548e-03 1.788902912852539245e-02 3.048338269657584476e-01
5.484746973937676984e+01 6.512155609167762371e-01 -1.777386635372491863e+00 9.526740834116761425e-01 3.409641885330908558e-03 1.683322329898707947e-02 3.035080027467201846e-01
5.627905283511231715e+01 5.839851504333313237e-01 -1.752169199411715450e+00 9.530105090135794210e-01 4.048035313412883494e-03 1.632014231723163608e-02 3.024702234510447951e-01
5.770719907381025848e+01 5.125625911244262589e-01 -1.718790208934360741e+00 9.535079718262566839e-01 4.784474447964239853e-03 1.634699715119830241e-02 3.008860783621836177e-01
5.913520275908315682e+01 4.573588720994088419e-01 -1.682313224639014226e+00 9.537325740679214459e-01 5.021646754549241067e-03 1.599710867238182677e-02 3.001883620991548929e-01
6.056510271937349188e+01 4.053992199346625469e-01 -1.665339357625259087e+00 9.540187770816161983e-01 4.816912426577293904e-03 1.550969642155184368e-02 2.993065646578491612e-01
6.199076070441257258e+01 3.712714001782471129e-01 -1.646773209135979243e+00 9.542675381440604010e-01 4.526805567954638246e-03 1.517744046628224756e-02 2.985341169392814464e-01
6.341459630250179202e+01 3.044578896435337079e-01 -1.630815231153738942e+00 9.545400638117313985e-01 4.716166855080666798e-03 1.538374186561328183e-02 2.976480553181943267e-01
6.483443686319931487e+01 2.423200814491535127e-01 -1.613649213803623361e+00 9.548913274243737703e-01 4.764255020907568437e-03 1.566592129921189763e-02 2.965036822598670629e-01
6.625265578531833910e+01 2.065706718762561067e-01 -1.585129297631475254e+00 9.548997890855235315e-01 4.771026534448974919e-03 1.577111667666855968e-02 2.964707439006438183e-01
6.766697086482054146e+01 1.741683101950308732e-01 -1.549866884100878472e+00 9.548089594647811706e-01 4.569954652108069136e-03 1.582982127933563882e-02 2.967631769585368784e-01
6.907981896397568278e+01 1.564250509661069266e-01 -1.487269570515303840e+00 9.543871696888406309e-01 4.478847536397751079e-03 1.468197229180165028e-02 2.981769775614688256e-01
7.049407099211340721e+01 1.263681093070552208e-01 -1.435509657824488361e+00 9.540832251102371320e-01 4.177331697307534904e-03 1.379649575946535409e-02 2.991945958200085132e-01
7.190359642742811275e+01 9.761483479628818571e-02 -1.372874112533423840e+00 9.536827388685418239e-01 3.873558051897129425e-03 1.328563493654314268e-02 3.004957920446610364e-01
7.330354783825482912e+01 6.181325331448839222e-02 -1.318734432677563628e+00 9.533492071252478439e-01 3.740349619717643105e-03 1.319014180043495167e-02 3.015581522984709939e-01
7.470639853986972412e+01 2.200119146109758006e-02 -1.279917852941638401e+00 9.532296436205210943e-01 3.464249594611764314e-03 1.342073212048038727e-02 3.019290139208075097e-01
7.610913550707580555e+01 -1.133542947322840888e-02 -1.246872623222503140e+00 9.532262679376197756e-01 3.077720683868219800e-03 1.355068531069886402e-02 3.019380543699644037e-01
7.750589390080463659e+01 -5.064437772957441908e-02 -1.214583589623813076e+00 9.533454188093029025e-01 2.883343557342480778e-03 1.337516747291890400e-02 3.015713906528871835e-01
7.889931005701954803e+01 -1.243598929396054764e-01 -1.191199470719051856e+00 9.536938618421916258e-01 2.883974596001065861e-03 1.355125316656430150e-02 3.004597545640215195e-01
8.028804049458283032e+01 -2.150476002397021524e-01 -1.169649061800885459e+00 9.540706772551467152e-01 3.230560948821640122e-03 1.404503063485537315e-02 2.992347630077892839e-01
8.167338089964728454e+01 -2.781155770723002796e-01 -1.150376795872735780e+00 9.543543672410007561e-01 3.479262559586793029e-03 1.385218763283774246e-02 2.983349683792617113e-01
8.305966753001995073e+01 -3.376464984444234041e-01 -1.135313075899614610e+00 9.545511374203367039e-01 3.547183793396739126e-03 1.377656290104096494e-02 2.977074904185498805e-01
8.444640578485761750e+01 -3.879667002440729817e-01 -1.110900554067232981e+00 9.547652092886018682e-01 4.172730349833255609e-03 1.365264028452136021e-02 2.970178258401023341e-01
8.582909849866412344e+01 -4.201926074453226079e-01 -1.082846556097917912e+00 9.548844124793528509e-01 4.516717116305042808e-03 1.315195057004755856e-02 2.966519581372343284e-01
8.721427045879352136e+01 -4.654422077690516524e-01 -1.064158508324116958e+00 9.551957528411607612e-01 5.052565727530648754e-03 1.207664823455292628e-02 2.956851364225057122e-01
8.859347971931499899e+01 -5.198647753562486429e-01 -1.052613844024634204e+00 9.557592539986446978e-01 5.610007292823931957e-03 1.116758417554371274e-02 2.938844352425127870e-01
8.997112657148630888e+01 -5.733729146083561545e-01 -1.054508683782188871e+00 9.561895668636176682e-01 6.371780768749077915e-03 1.037624895973975579e-02 2.924948650635215142e-01
9.134013066298903993e+01 -6.325258249657452758e-01 -1.057316353556720490e+00 9.566380253021251612e-01 7.012393686781943393e-03 1.008033517054672187e-02 2.910204489785579995e-01
9.270704896833537134e+01 -6.711820241290058497e-01 -1.065925854967463948e+00 9.569392180165920969e-01 7.617423558670810037e-03 9.912061900806646078e-03 2.900190664576995925e-01
9.407046584242678477e+01 -6.903807811327893340e-01 -1.067625334334269205e+00 9.572097526897466180e-01 8.329466373965199733e-03 9.652598454879906392e-03 2.891140548099102037e-01
9.542908587402261844e+01 -7.045076453671081929e-01 -1.041469999852789208e+00 9.572209031698258874e-01 8.560264660566002659e-03 9.701814667875620704e-03 2.890687447577718894e-01
9.678361403314222855e+01 -7.046965781493823577e-01 -1.029090716954042417e+00 9.573639156442471654e-01 8.893037573962352810e-03 9.637616892199211971e-03 2.885868383098269541e-01
9.813636260172324910e+01 -7.129598779237547035e-01 -9.973658944606818011e-01 9.573990835710147751e-01 9.261360971773584944e-03 9.821518300020076059e-03 2.884523526487763334e-01
9.948737461185149300e+01 -7.158170712191211926e-01 -9.731058897278526132e-01 9.573409882782837332e-01 9.323636949524994819e-03 9.384265039014101986e-03 2.886576476140377823e-01
1.008338726057850181e+02 -7.235643403391147643e-01 -9.636023782217937317e-01 9.573229360812922639e-01 9.374817406359967076e-03 8.251296488708785223e-03 2.887504544715849275e-01
1.021802611336860735e+02 -7.341557010587957954e-01 -9.407302485392574631e-01 9.572866977652607634e-01 9.237535373551080536e-03 7.332980677433651069e-03 2.888997639602512435e-01
1.035215841341860710e+02 -7.629930538527478490e-01 -9.118094486569519042e-01 9.575246540941303452e-01 9.814360177604957922e-03 7.716087731298395050e-03 2.880810252799433369e-01
1.048611679832411170e+02 -7.947236870722336199e-01 -8.935944417206211909e-01 9.576392464864263987e-01 1.062417423290369992e-02 8.652256179206171266e-03 2.876444662665840202e-01
1.061986643391689427e+02 -8.138216173729926339e-01 -8.882051894637643663e-01 9.578365136053340612e-01 1.111008573877470505e-02 9.185858821722698436e-03 2.869519109484426900e-01
1.075446421623557569e+02 -8.285880326351362513e-01 -8.917832107683216769e-01 9.582022499608203736e-01 1.096431396084984050e-02 8.479223624294601400e-03 2.857557256751272479e-01
1.088871320242354841e+02 -8.452203916752023538e-01 -8.931306168112622679e-01 9.586305758362824170e-01 1.044665275883343951e-02 7.339902587237784153e-03 2.843666864243132308e-01
1.102268672940858778e+02 -8.608751900203923668e-01 -8.916865166121343833e-01 9.589113551685759518e-01 9.944144957137185728e-03 7.160903708785051197e-03 2.834410844741994118e-01
1.115602432571026981e+02 -8.814956369397566327e-01 -8.852444489423829665e-01 9.590934513547294538e-01 9.945285397817608605e-03 7.995786114855112786e-03 2.828018922695438309e-01
1.128901582645470967e+02 -8.872243343103871638e-01 -8.794414281511984122e-01 9.590026762359659118e-01 1.008700694506322638e-02 9.305590314437436894e-03 2.830645248914909207e-01
1.142149993048679590e+02 -8.724624544288932526e-01 -8.700343018651857108e-01 9.589360603368357605e-01 9.717785741909689551e-03 1.059295360315212417e-02 2.832578086477125501e-01
1.155478527239239384e+02 -8.657403240703969161e-01 -8.684180558791929627e-01 9.587906552863745269e-01 8.858182050612782230e-03 1.066928674362755541e-02 2.837748725075299738e-01
1.168820081425203483e+02 -8.769487505495821011e-01 -8.774277739385927255e-01 9.587498225367405702e-01 7.956880447117046021e-03 1.005703839272098846e-02 2.839618316219386096e-01
1.182176575988571443e+02 -8.877249562497504520e-01 -8.838946333037429604e-01 9.588027998404321517e-01 7.286043635907043028e-03 9.118281477315883649e-03 2.838326294300643760e-01
1.195522709183425007e+02 -9.222031423199532618e-01 -9.008173101221585988e-01 9.589058879525951262e-01 7.171063925207918181e-03 8.854647884945894554e-03 2.834954481166487295e-01
1.208952397410433690e+02 -9.807170354184320260e-01 -8.717861510744451259e-01 9.590914450444059103e-01 6.751985355607716295e-03 9.233013221253185895e-03 2.828652721760785416e-01
1.222601080752276488e+02 -1.025827163631609640e+00 -8.771871034142422197e-01 9.590711113416523492e-01 5.891661369742024618e-03 9.879600542510467640e-03 2.829315910415673430e-01
1.236163124470497081e+02 -1.077367011947472086e+00 -8.562007167144911612e-01 9.589507653619807614e-01 5.348143205624682726e-03 1.014888498624719020e-02 2.833404791226613595e-01
1.249764000080491826e+02 -1.117134110605482178e+00 -8.333051036177141491e-01 9.589471600339125601e-01 5.265278894709227685e-03 1.064614045394744919e-02 2.833359857033506124e-01
1.263306825405786213e+02 -1.158323683085802802e+00 -8.133252938232442553e-01 9.590012667440996896e-01 4.957603658307566975e-03 1.119188074420593079e-02 2.831373065397539968e-01
1.276873350777774476e+02 -1.196189541471083917e+00 -8.049259569819664506e-01 9.593015327383804802e-01 4.526521310686196752e-03 1.129825994953993079e-02 2.821213023022731137e-01
1.290454269617977161e+02 -1.218443613154370997e+00 -7.707715045390863828e-01 9.594413656668279167e-01 4.231148755403906642e-03 1.039127919922954064e-02 2.816849029397657800e-01
1.304037407838346780e+02 -1.260352431693101405e+00 -7.551005469066471854e-01 9.598201927855809501e-01 3.747686653620849791e-03 9.754799274408977941e-03 2.804211052273214433e-01
1.317532576287110544e+02 -1.290299001134586288e+00 -7.254981681906462754e-01 9.601465572148094596e-01 3.820122560713063668e-03 9.207461424999466293e-03 2.793192044709363331e-01
1.331076837042827492e+02 -1.340712473471942889e+00 -7.065474602209302901e-01 9.606483234155351880e-01 3.914885358069939911e-03 8.804833459780088759e-03 2.776003373544418951e-01
1.344607390439786059e+02 -1.357558359735545839e+00 -6.830874715531680685e-01 9.611838057774945154e-01 4.426540436213766139e-03 7.677397300718682462e-03 2.757664860376350946e-01
1.358152428446949784e+02 -1.384338898779047700e+00 -6.656173073029996168e-01 9.617589989345375345e-01 5.090052180635922310e-03 7.137207065899364537e-03 2.737567891624481109e-01
1.371623552615498056e+02 -1.410126328426545061e+00 -6.473501228504892069e-01 9.621435157887225920e-01 5.936575889890213960e-03 6.518388221684222154e-03 2.724006657616884208e-01
1.385155016977391256e+02 -1.428665611190460982e+00 -6.576399051567505261e-01 9.624967092671671276e-01 6.242931272497411095e-03 5.481569079239999483e-03 2.711661167244731052e-01
1.398668993802766636e+02 -1.455055036005336699e+00 -6.612557125093556643e-01 9.627504690119678132e-01 6.944348624590888051e-03 4.968962768812172290e-03 2.702565815080522071e-01
1.412187094295535417e+02 -1.472653666323434418e+00 -6.613111564323457259e-01 9.628578246784836869e-01 7.723079132659882960e-03 4.645414721618606503e-03 2.698584510927777846e-01
1.425690337907383878e+02 -1.506969254505490685e+00 -6.648962773551527761e-01 9.630032558963610434e-01 8.557903940937605994e-03 4.803815200187099010e-03 2.693110000959260120e-01
1.439177034010023704e+02 -1.542542703269526694e+00 -6.709049410218015375e-01 9.632134902251251463e-01 9.188462346214053625e-03 4.800901351537285172e-03 2.685373265567709833e-01
1.452663526763719233e+02 -1.584023211876839365e+00 -6.875706739774574139e-01 9.637635605510022074e-01 1.031692232542380516e-02 5.805866441506841308e-03 2.664951263769174128e-01
1.466101178274724646e+02 -1.637562748979419336e+00 -6.987468520536341821e-01 9.646903626371484686e-01 1.130401651987542229e-02 5.593309562794280231e-03 2.630844699590986768e-01
1.479624734928051453e+02 -1.704211801004138938e+00 -7.313502252806922677e-01 9.659234326864459819e-01 1.183615557365109636e-02 4.007306078766659403e-03 2.585261478196362317e-01
1.493114305753642270e+02 -1.755483191556848954e+00 -7.756649672341771051e-01 9.670483003770496966e-01 1.273162552874000132e-02 2.592992079260217873e-03 2.542612177295870413e-01
1.506571684414427068e+02 -1.787035918784113608e+00 -8.133755110241707165e-01 9.676968381096556771e-01 1.393253972173713259e-02 4.041700459074601751e-03 2.516989839210244662e-01
1.520021356394800591e+02 -1.796558787953678848e+00 -8.295005051592712064e-01 9.677979968033972868e-01 1.434075919109215579e-02 5.567710585501573460e-03 2.512575981099687827e-01
1.533494977998095976e+02 -1.792232620131405607e+00 -8.340095232150073201e-01 9.676281364249680328e-01 1.435004121735817574e-02 6.590836957857518219e-03 2.518857415257926835e-01
1.546978679306841684e+02 -1.786195162775866319e+00 -8.552788515467959485e-01 9.676794868269802397e-01 1.361524653769160230e-02 6.712740103544321581e-03 2.517259918170793309e-01
1.560472723856011612e+02 -1.798687434910326122e+00 -8.976956898375880733e-01 9.681782134030545439e-01 1.292093513298570376e-02 4.775112680423999889e-03 2.498823619742855107e-01
1.573973852381940901e+02 -1.832152123234113805e+00 -9.479195930360417854e-01 9.689652933670296342e-01 1.226253908262826472e-02 3.188810111068898692e-03 2.468718733988723713e-01
1.587461953632630696e+02 -1.872585803835355112e+00 -1.000517208484910547e+00 9.696805404002037942e-01 1.192558219957327685e-02 2.466884861923735860e-03 2.440724165846025751e-01
1.600936362584863843e+02 -1.904541770125474098e+00 -1.028320543072827498e+00 9.700910432627453117e-01 1.204978095494617547e-02 2.419713969748482889e-03 2.424300219540493628e-01
1.614454203902062943e+02 -1.910162099526756752e+00 -1.041330198596585266e+00 9.700542796063599260e-01 1.154927128009247857e-02 2.097563526180232837e-03 2.426044294268731027e-01
1.627966130773111502e+02 -1.906164605535444867e+00 -1.036884173755872940e+00 9.698311177527277893e-01 1.124777804026357540e-02 2.548057907650967679e-03 2.435048211607953872e-01
1.641487109105883349e+02 -1.891243410809388958e+00 -1.031244089157679955e+00 9.695834117763675319e-01 1.125505745732179562e-02 3.647637864853871693e-03 2.444750008236794281e-01
1.655012611218641894e+02 -1.877401566609034678e+00 -1.035189769331267051e+00 9.694345400655222100e-01 1.105737925590958258e-02 3.744028629938141520e-03 2.450722120958609140e-01
1.668609500440809370e+02 -1.868699602329885412e+00 -1.047679215951974108e+00 9.693314787660400889e-01 1.089425236138599762e-02 2.942067436664524017e-03 2.454977469915490540e-01
1.682233754286155829e+02 -1.872678689385414597e+00 -1.061561282555073760e+00 9.691974273762512526e-01 1.136530777389419683e-02 3.059218446609244212e-03 2.460036945433069222e-01
1.695848280239955841e+02 -1.877718530484514314e+00 -1.084251205218268677e+00 9.690946164429005139e-01 1.229500894988746693e-02 4.112649903250047145e-03 2.463484183977708575e-01
1.709458644587767537e+02 -1.870413858295141285e+00 -1.095367690702078622e+00 9.688104462530012784e-01 1.366396282357147315e-02 5.243568038339554288e-03 2.473704112161437541e-01
1.723114023396429104e+02 -1.846791902931636198e+00 -1.117914235114759958e+00 9.683197316743132887e-01 1.465691320511543043e-02 5.576531645523573853e-03 2.492207343707383560e-01
1.736812478000500448e+02 -1.809952723622727522e+00 -1.130550251844072207e+00 9.679457412989614928e-01 1.506724134526108740e-02 4.432519043005802260e-03 2.506678537714417954e-01
1.750587166914387183e+02 -1.787952029592239978e+00 -1.151269134908178060e+00 9.678378880047753263e-01 1.493156639768911803e-02 2.861937560182971785e-03 2.511148744713643244e-01
1.764393020683718021e+02 -1.788841895869428544e+00 -1.186647408063903786e+00 9.678611044393415908e-01 1.468338606881892418e-02 1.309200719626899250e-03 2.510529160963633766e-01
1.778161697361124993e+02 -1.818579873961351456e+00 -1.232780182131248292e+00 9.684447551310003677e-01 1.509955996634375179e-02 4.066006714564609245e-04 2.487701634520780580e-01
1.791921513460047777e+02 -1.827475137401913141e+00 -1.282038110519784446e+00 9.688814880500525861e-01 1.620329761981977035e-02 -1.562094994599338689e-04 2.469941109799007606e-01
1.805737482931844227e+02 -1.795345230950986082e+00 -1.326134345658481983e+00 9.689716665401827411e-01 1.767697794085017551e-02 1.849388528833131786e-03 2.465319728864578119e-01
1.819539090885447479e+02 -1.757397556821909124e+00 -1.343454952517648682e+00 9.687610555457547568e-01 1.904253623643658092e-02 4.016208699095667051e-03 2.472312058362465537e-01
1.833426928158168892e+02 -1.702358593648486629e+00 -1.349701445389410281e+00 9.680879039527208185e-01 1.935009961217476829e-02 4.299584175618247767e-03 2.498257341455105141e-01
1.847381036872909590e+02 -1.690884400943426957e+00 -1.369762332313333886e+00 9.677738248009094546e-01 1.955405863323583446e-02 3.629510111050512390e-03 2.510344388277044314e-01
1.861343590769545813e+02 -1.655167485823772378e+00 -1.394678226240575469e+00 9.674704304035521840e-01 1.928310114604065220e-02 1.869758922983109873e-03 2.522412184923928380e-01
1.875346608379154247e+02 -1.661842329735768953e+00 -1.435585478022450623e+00 9.673450463171441305e-01 1.898190437401358135e-02 9.766760229791744425e-04 2.527494703772182327e-01
1.889368885918332808e+02 -1.669866378196370515e+00 -1.483324489989822581e+00 9.674349054777179324e-01 1.910266526701569906e-02 3.844133477448337497e-04 2.523977893512405757e-01
1.903419802345554501e+02 -1.673830452385898671e+00 -1.534402515554377455e+00 9.677183200721971579e-01 1.917932225918386052e-02 2.067059518733789334e-07 2.513034154051236868e-01
1.917501188881684016e+02 -1.674604232407368887e+00 -1.597616845880906133e+00 9.679414638716707930e-01 1.932040672995003275e-02 -1.607991381637865807e-04 2.504316644224400812e-01
1.931592939392152175e+02 -1.669053704352465584e+00 -1.648328030835250146e+00 9.682382564915572587e-01 1.946564815375793553e-02 -2.621568268830402719e-04 2.492703321334924227e-01
1.945782634915108531e+02 -1.682451155584323121e+00 -1.701961769620681242e+00 9.686493060217881146e-01 1.925001751408034548e-02 -6.601934816101629909e-04 2.476843210899362935e-01
1.959973475509941352e+02 -1.706845563812943833e+00 -1.773304059090627494e+00 9.693841455221949843e-01 1.912108216523967022e-02 -1.617957019423753784e-03 2.447981716478236092e-01
1.974195032419612232e+02 -1.727704407340751036e+00 -1.832553661378785836e+00 9.698576018724038850e-01 1.908343782924009496e-02 -1.535448459195605173e-03 2.429191159397639521e-01
1.988409562361624978e+02 -1.719516038933079916e+00 -1.867058752595326165e+00 9.698148585297599045e-01 1.975407418555635147e-02 6.162957641595415191e-04 2.430401960736216505e-01
2.002653043826003341e+02 -1.665264279342792531e+00 -1.873281744742715915e+00 9.688749053705177916e-01 2.014175456332245942e-02 3.468770345641738247e-03 2.467056851770352277e-01
2.016987101532555755e+02 -1.595139287803662764e+00 -1.882940822887919641e+00 9.677572439153120376e-01 1.928653286619651241e-02 3.447327658077636685e-03 2.511216088500909938e-01
2.031371949671465700e+02 -1.542873342420091998e+00 -1.888536809889193702e+00 9.668558459023671725e-01 1.829477152687962460e-02 1.127811027166313084e-03 2.546640976295723169e-01
2.045757726662469338e+02 -1.529124019212262819e+00 -1.928415882518069946e+00 9.668536415796389338e-01 1.760391688196096330e-02 -8.014830397482400966e-05 2.547236374011128124e-01
2.060142928248392593e+02 -1.549439095128683608e+00 -1.973792880782716530e+00 9.672650981439354645e-01 1.774945382162331636e-02 -5.938397481812784104e-04 2.531458752498061959e-01
2.074621688279013085e+02 -1.563716723878989523e+00 -2.038950698270602935e+00 9.677900285526404023e-01 1.838689720979886852e-02 -1.002041172060572343e-03 2.510844052476484123e-01
2.089119140217836161e+02 -1.571676754956933930e+00 -2.100261328170146768e+00 9.681913185658467258e-01 1.897707226052021065e-02 -9.769004539377287161e-04 2.494884507299867937e-01
2.103675582642536597e+02 -1.562653922157686726e+00 -2.157006612416677349e+00 9.682847585598505225e-01 1.931539233141934750e-02 -8.801198356732663252e-04 2.490999143894880030e-01
2.118299331262689691e+02 -1.552043813501529979e+00 -2.211289462015204155e+00 9.682582521550616717e-01 1.944093257466171509e-02 -1.177757462648817239e-03 2.491919343831408007e-01
2.132912875235087142e+02 -1.547149454789574552e+00 -2.257201320403368072e+00 9.681972964154872408e-01 1.935841467294126608e-02 -1.770708029290945281e-03 2.494315769668437321e-01
2.147615479703142967e+02 -1.550829279142737160e+00 -2.291556729331283293e+00 9.683841726969613095e-01 1.965429650603363332e-02 -1.838741496741645503e-03 2.486813658652025916e-01
2.162351177791693715e+02 -1.557826469015586301e+00 -2.319762664084574766e+00 9.685300068348607905e-01 2.005680616008251316e-02 -1.534421916239347636e-03 2.480826393291241938e-01
2.177114394445073629e+02 -1.549170881067744698e+00 -2.350240681218398020e+00 9.687353248276964202e-01 2.027200174335818880e-02 -1.525245232381531929e-03 2.472621887860656786e-01
2.191929578040973752e+02 -1.530021387648794917e+00 -2.384947390275403478e+00 9.688185708891127179e-01 2.055365669193121372e-02 -1.696744915162127099e-03 2.469114111450911586e-01
2.206714916390907604e+02 -1.500952058252866816e+00 -2.406277855227806128e+00 9.689025075319610547e-01 2.071449473440994948e-02 -1.657055572224927758e-03 2.465686410981873800e-01
2.221580958790341072e+02 -1.461106811862161958e+00 -2.450875260041807557e+00 9.689775525081826268e-01 2.099788851209478252e-02 -1.830250709401021929e-03 2.462483331834479927e-01
2.236428170026003670e+02 -1.428805290857547039e+00 -2.494158329932834928e+00 9.689606054210796460e-01 2.132405291519298696e-02 -1.772108486692803133e-03 2.462874124692452926e-01
2.251331157854760647e+02 -1.409328143253194110e+00 -2.539275068311216632e+00 9.691126861233437806e-01 2.152765906614835523e-02 -1.822326318875079100e-03 2.456701866664264544e-01
2.266238258139394475e+02 -1.372004892921584673e+00 -2.581299294411031120e+00 9.691219763232346018e-01 2.171011189031401417e-02 -1.994578558594938423e-03 2.456161389351922131e-01
2.281160107868633702e+02 -1.360166876762773480e+00 -2.620290257230356357e+00 9.693225934940623567e-01 2.187670224815656261e-02 -2.062386158270208825e-03 2.448078148344620397e-01
2.296078652869268808e+02 -1.358564520231456907e+00 -2.663384893066325532e+00 9.696444404357541513e-01 2.198098517828661266e-02 -1.952627981646175553e-03 2.435214213710789333e-01
2.311032262181049362e+02 -1.345230415688476011e+00 -2.697883571810384851e+00 9.699071030212544908e-01 2.208520171806363161e-02 -2.228762851653090515e-03 2.424613123575406759e-01
2.326009307802933961e+02 -1.329172483218475254e+00 -2.735549676848497924e+00 9.702165800574368282e-01 2.200914995126143289e-02 -2.712296795069686194e-03 2.412219487239282700e-01
2.340974174768444698e+02 -1.296079034259154827e+00 -2.772306483574267677e+00 9.703693067782651616e-01 2.208894900995565791e-02 -3.007402612997065600e-03 2.405960147712923047e-01
2.355998335155152006e+02 -1.273814072478765436e+00 -2.803339959500828815e+00 9.705243838798506273e-01 2.230897627086800977e-02 -3.023456129573467294e-03 2.399491374967096802e-01
2.371068226074804954e+02 -1.245532103827529102e+00 -2.817857536143796970e+00 9.706660332608789687e-01 2.246456947343009394e-02 -2.763668961954395854e-03 2.393640681594301767e-01
2.386132487530377944e+02 -1.205630199648938028e+00 -2.829953854779323041e+00 9.707003450887734530e-01 2.250137738946203156e-02 -3.223489722948280189e-03 2.392156708372580320e-01
2.401246620289716134e+02 -1.171189534460520765e+00 -2.859458918422048246e+00 9.707502058732372374e-01 2.210279188827031505e-02 -4.451954902667041962e-03 2.390307187065210670e-01
2.416367082636728583e+02 -1.140277461968823847e+00 -2.882220500041782429e+00 9.709076126632637527e-01 2.185790648623349777e-02 -4.830784447753361591e-03 2.384057531146852871e-01
2.431543496060059795e+02 -1.119226632847277969e+00 -2.882159324114406118e+00 9.710290074152476691e-01 2.187160178135472838e-02 -4.213437562611928831e-03 2.379213036648522850e-01
2.446706883928083585e+02 -1.109972023483437376e+00 -2.883821816068109722e+00 9.711392280766936169e-01 2.196130360856256639e-02 -3.834730846451376608e-03 2.374691467828010660e-01
2.461933606514552935e+02 -1.113314293837287305e+00 -2.889237357591696309e+00 9.711964665920357342e-01 2.208095987367710705e-02 -4.297283560557209857e-03 2.372159097619758183e-01
2.477195392273674486e+02 -1.124890384188736991e+00 -2.891109604969958724e+00 9.713795517352276088e-01 2.244777077758502645e-02 -5.241963685404644156e-03 2.364114757673710099e-01
2.492414537286759639e+02 -1.139162995102628972e+00 -2.874004404754751274e+00 9.714205939723450367e-01 2.283058214641797701e-02 -5.955836109252846296e-03 2.361891660121431535e-01
2.507711222486167628e+02 -1.158899664704474031e+00 -2.863169796780677956e+00 9.713996010351664268e-01 2.355714118627115841e-02 -6.568314169331108607e-03 2.361879197944349029e-01
2.523003075226505416e+02 -1.172796351353807776e+00 -2.870538718430963421e+00 9.713975533282395158e-01 2.374642059675798750e-02 -6.985827691348236480e-03 2.361654062478641958e-01
2.538346910989901346e+02 -1.177347860711698946e+00 -2.885332851611041249e+00 9.714138332960863265e-01 2.395231059645876528e-02 -7.349741861977337511e-03 2.360665850828037593e-01
2.553676270309032361e+02 -1.186268777086313175e+00 -2.899829206877369892e+00 9.714726650818139575e-01 2.437627108433694165e-02 -7.860732534254871728e-03 2.357644317764781283e-01
2.569030719123768449e+02 -1.208757022422311866e+00 -2.938760954464827435e+00 9.716443782639636595e-01 2.476969790720399966e-02 -8.217608585086052034e-03 2.350024152275113076e-01
2.584425325046511830e+02 -1.229804273477851151e+00 -2.964254271255654771e+00 9.719644482570654054e-01 2.508622456643625279e-02 -9.092798121233071351e-03 2.336088904208634409e-01
2.599822762658249076e+02 -1.263047118506150479e+00 -3.007104381544817961e+00 9.722364983724984810e-01 2.577902902653055398e-02 -9.813596259764609947e-03 2.323689441885086748e-01
2.615176510998982167e+02 -1.288653033454445929e+00 -3.059723566890613533e+00 9.724716356306489784e-01 2.642023609828856798e-02 -9.723037605984745368e-03 2.313143998070020801e-01
2.630558054434332007e+02 -1.301032784557039523e+00 -3.122269742689021577e+00 9.726339219964555971e-01 2.693773009020853509e-02 -9.427089577699322015e-03 2.305834826293373108e-01
2.645938906258997463e+02 -1.326025840998628080e+00 -3.191148806137258376e+00 9.728581009200114593e-01 2.679541754247401208e-02 -1.050293221327799377e-02 2.296057697183511992e-01
2.661397862572248982e+02 -1.328375663349444569e+00 -3.264065270319511214e+00 9.730890244031926706e-01 2.665329648465160350e-02 -1.153863237860225724e-02 2.285918028612911879e-01
2.676807230663497421e+02 -1.319324264278564751e+00 -3.339873699955868247e+00 9.733098114843535820e-01 2.680320562758747860e-02 -1.130522879178009338e-02 2.276440002247868688e-01
2.692210043080798414e+02 -1.310680208100949873e+00 -3.397554183119260607e+00 9.734340281248055060e-01 2.693726222928531991e-02 -1.083161126884707795e-02 2.271194685394161972e-01
2.707613015994264174e+02 -1.303752309292713907e+00 -3.453434690212346947e+00 9.734695416312904026e-01 2.688774281733521954e-02 -1.073414556365574063e-02 2.269777057804847065e-01
2.723035244942623194e+02 -1.302199305055594447e+00 -3.511575950395583678e+00 9.733994835026223980e-01 2.686390319367321783e-02 -1.064674563988480226e-02 2.272848939751798691e-01
2.738508924830331921e+02 -1.296378481423703821e+00 -3.567277011914649965e+00 9.733666589847318473e-01 2.659599241695621147e-02 -1.040178040782899910e-02 2.274682468578972661e-01
2.753925431021150985e+02 -1.266538505020563310e+00 -3.649457275361868369e+00 9.733586426983726891e-01 2.646214552889761956e-02 -1.031841591521836382e-02 2.275219502188520482e-01
2.769397084615024482e+02 -1.264533893078681803e+00 -3.715007733992869099e+00 9.733926792410875217e-01 2.648064077255593909e-02 -1.022432507697193689e-02 2.273783869255226464e-01
2.784825768271415427e+02 -1.259121262555316978e+00 -3.765311398407859667e+00 9.734531803543217121e-01 2.641218236450775317e-02 -9.748998377758000267e-03 2.271480999511794607e-01
2.800338929351820525e+02 -1.262460268244986583e+00 -3.815688267878483586e+00 9.736576092641086033e-01 2.641634382219750291e-02 -9.493820258486414601e-03 2.262805870552473397e-01
2.815848767123188736e+02 -1.245028674089889709e+00 -3.883795997458488358e+00 9.737921710819652521e-01 2.639067259287893388e-02 -9.817791372176663811e-03 2.256899441980973475e-01
2.831397896554138356e+02 -1.234116604655332683e+00 -3.938750109150525258e+00 9.740181955929910762e-01 2.597455904333854232e-02 -1.051850409311059706e-02 2.247292549000268480e-01
2.846904302548434771e+02 -1.207696500265509787e+00 -4.009595863273951011e+00 9.741947442077870667e-01 2.631350028585136003e-02 -1.112604602543611904e-02 2.238937497128286047e-01
2.862357301422518390e+02 -1.229788580099064443e+00 -4.073053093480423215e+00 9.744799251764473258e-01 2.707599983967881943e-02 -1.019773728326462889e-02 2.226022727087234310e-01
2.877904393927905176e+02 -1.247425888058024679e+00 -4.144245965615720451e+00 9.747869538263552736e-01 2.819982788755547726e-02 -9.553902390970633873e-03 2.211422332033189386e-01
2.893442725586323832e+02 -1.259078534053206244e+00 -4.218239844553655971e+00 9.748732323254772902e-01 2.909629413775709911e-02 -1.007141595450796075e-02 2.206221954912889749e-01
2.909003379122644333e+02 -1.259963136512912474e+00 -4.306032401776126228e+00 9.751230816692485481e-01 2.966266396221594465e-02 -1.069990418138823396e-02 2.194096944372368740e-01
2.924593115446654110e+02 -1.239531888876654886e+00 -4.376796541769788718e+00 9.752172052185901219e-01 3.035257083273881079e-02 -1.058583368849733836e-02 2.189019511438972387e-01
2.940219772519167236e+02 -1.199867229266387891e+00 -4.435917361269618553e+00 9.753378651716300141e-01 3.084648881857122299e-02 -1.069444467235211062e-02 2.182891929142694865e-01
2.955901174506135476e+02 -1.128760940040996807e+00 -4.498708015067461652e+00 9.753834923284443459e-01 3.117731888479440341e-02 -1.152241677575552466e-02 2.179959898529534035e-01
2.971600984662238147e+02 -1.087937844431025702e+00 -4.596169666476917826e+00 9.755696008483548676e-01 3.202851863433036489e-02 -1.226361422648312299e-02 2.169970775397122853e-01
2.987357817582844177e+02 -1.041283141574278037e+00 -4.697876003572568848e+00 9.757418068305863112e-01 3.272825402789517751e-02 -1.369016024512543193e-02 2.160309406166886492e-01
3.003203274178388256e+02 -9.794091051998758957e-01 -4.786886162034560854e+00 9.756461535072730173e-01 3.338364843865044423e-02 -1.502392911085021279e-02 2.162738928244903325e-01
3.019034026759920266e+02 -9.359920438737123760e-01 -4.875838789079298685e+00 9.757245555696909545e-01 3.339392927468624872e-02 -1.540025509876595533e-02 2.158917999573380098e-01
3.034940605629217316e+02 -8.668863211879180852e-01 -4.946623326177267188e+00 9.758587813927048771e-01 3.336594547498529517e-02 -1.580642000129660329e-02 2.152591683251797450e-01
3.050889881191146173e+02 -8.019931287214112636e-01 -5.026814969724087589e+00 9.761635114134807889e-01 3.367245395539363029e-02 -1.646588022277271218e-02 2.137752081463476506e-01
3.066838100507134754e+02 -7.480393244783059004e-01 -5.156533828588458768e+00 9.767403110461809757e-01 3.408700719090404507e-02 -1.674614707477738856e-02 2.110355592698229532e-01
3.082853063613866311e+02 -7.354341878361929652e-01 -5.259441903675917018e+00 9.771214120136599846e-01 3.454722941803334973e-02 -1.598874657864551158e-02 2.092476884145027805e-01
3.098900857682612582e+02 -7.031194233856106202e-01 -5.376574897505296491e+00 9.772992221558918224e-01 3.526055504515048650e-02 -1.577417868473287438e-02 2.083125030290282065e-01
3.115001576485360033e+02 -6.422805245276057562e-01 -5.503127426185990601e+00 9.772947467362562701e-01 3.690270690975285678e-02 -1.587283593236282764e-02 2.080413932464256488e-01
3.131080844601248145e+02 -5.794291930370198962e-01 -5.620765077111581576e+00 9.772349780991127499e-01 3.821333639827956263e-02 -1.686648107172476416e-02 2.080073564016320653e-01
3.147292261870953780e+02 -5.192537738560663030e-01 -5.728006453079654392e+00 9.771389746405827470e-01 3.833106529128989248e-02 -1.900372283012063956e-02 2.082522801569796078e-01
3.163511559369857764e+02 -4.629281618658795949e-01 -5.868588952439499629e+00 9.773401745090737336e-01 3.800352922599022076e-02 -2.091186289298467560e-02 2.071825500549877297e-01
3.179756007820343484e+02 -4.066335030117804727e-01 -6.000959493130443079e+00 9.775200064441046388e-01 3.826285573434523579e-02 -2.171061327763298271e-02 2.062019402034797888e-01
3.196010856609897246e+02 -3.439394379734630469e-01 -6.108397931617101762e+00 9.777676636499377238e-01 3.875232527216077028e-02 -2.126967129923452646e-02 2.049786678885528735e-01
3.212278458169952842e+02 -2.907698347833247432e-01 -6.224008788561109284e+00 9.779644092767540986e-01 3.925803469127646383e-02 -2.142281390039571173e-02 2.039251920306485166e-01
3.228561564116442355e+02 -2.272538411188342877e-01 -6.336949479467005375e+00 9.780314200546346148e-01 3.950954531872885589e-02 -2.173823358653044144e-02 2.035214642615358061e-01
3.244796568048577114e+02 -1.695249893294383803e-01 -6.439865821778512966e+00 9.781335234686652225e-01 3.980999727285363526e-02 -2.204996303123736914e-02 2.029378562866736568e-01
3.261068190044642847e+02 -1.303125604781327773e-01 -6.535208930890725298e+00 9.781178289204216503e-01 4.044501119670915884e-02 -2.194938032730896216e-02 2.028988381448887379e-01
3.277313068235320088e+02 -4.397015453256436501e-02 -6.658714884763425879e+00 9.781268145843539097e-01 4.037226747482926259e-02 -2.199367681935408478e-02 2.028652084266089894e-01
3.293518858828153952e+02 3.885332315733336372e-02 -6.795796359227171735e+00 9.782993163186640695e-01 4.008391154165389519e-02 -2.353437822541911556e-02 2.019154792666924270e-01
3.309711362265593380e+02 1.350715682613250479e-01 -6.940125299740677711e+00 9.784806265857809437e-01 4.019895329700431258e-02 -2.464449550952287071e-02 2.008789595532686212e-01
3.325845298791157347e+02 2.030459201585430584e-01 -7.073774311589138719e+00 9.787451370321931243e-01 4.091894374371139037e-02 -2.424344351684853613e-02 1.994889777034756506e-01
3.342007988544679620e+02 2.661478731112789653e-01 -7.192921204033185134e+00 9.786789786409653136e-01 4.137697449053633070e-02 -2.460790947665155923e-02 1.996743687594263739e-01
3.358083953294263893e+02 3.609030733331071161e-01 -7.314528344784444691e+00 9.786796203168544039e-01 4.196459997148213605e-02 -2.388849688964775689e-02 1.996359507755166018e-01
3.374118947270834497e+02 4.574900731630138218e-01 -7.410703550492982572e+00 9.785888830508970848e-01 4.295589327518713890e-02 -2.287152100332856888e-02 1.999887065039485934e-01
3.390194974850149947e+02 5.494836544642307530e-01 -7.510421627148841317e+00 9.785070867836330732e-01 4.343677539758852846e-02 -2.377169731415034251e-02 2.001800041564376076e-01
3.406193004640608706e+02 6.496391041916411702e-01 -7.655846684158711390e+00 9.784164429722049805e-01 4.384763212145517675e-02 -2.624035445472638894e-02 2.002251060108342640e-01
3.422270213206932112e+02 7.674959163303118892e-01 -7.808250116234093596e+00 9.782711934442513968e-01 4.430405814794988184e-02 -2.856736287473551211e-02 2.005156559652300219e-01
3.438239495191423885e+02 8.802669317171472052e-01 -7.962202303658122204e+00 9.782422475964104303e-01 4.562010633343296928e-02 -2.845911737830288460e-02 2.003771183386405808e-01
3.454172863599324614e+02 9.779831926533273379e-01 -8.088325470283644236e+00 9.783494365630698297e-01 4.713736220265522803e-02 -2.831008489842098963e-02 1.995218989342869564e-01
3.470129929112019340e+02 1.072562802349504407e+00 -8.226825065365053646e+00 9.785365259672607063e-01 4.830143969304372120e-02 -2.975758626465854415e-02 1.981103842084132594e-01
3.486041807252435660e+02 1.173636684217977511e+00 -8.376653382050534447e+00 9.787522584895061994e-01 4.909469082817152774e-02 -3.075107574026165677e-02 1.966929057566483841e-01
3.501940714786725266e+02 1.280048612846944600e+00 -8.519175001588365603e+00 9.789028860077655381e-01 4.987765045607131520e-02 -3.074630084453055037e-02 1.957447949117096797e-01
3.517808459806716428e+02 1.383923122961235430e+00 -8.660811575873282209e+00 9.790822317517089424e-01 5.046594912735254818e-02 -3.069572641709487903e-02 1.947021926597006514e-01
3.533725034979543125e+02 1.476424868672281399e+00 -8.799865093026760121e+00 9.792341168780628324e-01 5.083518578850514114e-02 -3.094328932711004621e-02 1.938010347586083537e-01
3.549582863374476460e+02 1.559002296340926907e+00 -8.931812923448417152e+00 9.793991830573897106e-01 5.131197147830196537e-02 -3.119605453045316140e-02 1.927981534954635034e-01
3.565463797261231775e+02 1.625708655289278770e+00 -9.062137289263334949e+00 9.795225221588887976e-01 5.190123082846730823e-02 -3.122039095362883279e-02 1.920082758911238197e-01
3.581328304648939138e+02 1.664600319951095253e+00 -9.200484463656671608e+00 9.796227900671348188e-01 5.275787392144713761e-02 -3.112839088064576348e-02 1.912768130264425048e-01
3.597169752966017313e+02 1.728534274036816365e+00 -9.351270701917943740e+00 9.797433872423400025e-01 5.338009660847625043e-02 -3.144283458236054457e-02 1.904332129498479687e-01
3.613013965557199754e+02 1.829167012620005695e+00 -9.483301617886567669e+00 9.798280578997993207e-01 5.342439942478070802e-02 -3.128115329626200009e-02 1.900113153127064025e-01
3.628814674831630214e+02 1.906346596540269722e+00 -9.612580458523936500e+00 9.801260079963722838e-01 5.392049177877987487e-02 -3.085786052976927790e-02 1.883968722111787342e-01
3.644735024709848972e+02 1.973725709534480011e+00 -9.752700692682275019e+00 9.803951549317202474e-01 5.426182125588562000e-02 -3.224938553698533661e-02 1.866573654396996018e-01
3.660649553076058282e+02 2.033537530662204773e+00 -9.896757643185056352e+00 9.805971257064727276e-01 5.487647584310633569e-02 -3.311107923645892348e-02 1.852606431140789711e-01
3.676564318895470933e+02 2.095483199974645050e+00 -1.004019301595663549e+01 9.807259875168937713e-01 5.598494930986864376e-02 -3.293003338750059156e-02 1.842765198306149377e-01
3.692555702047008026e+02 2.196402906739395977e+00 -1.017009495460008495e+01 9.807608513534320505e-01 5.706228985280516891e-02 -3.308021805842000646e-02 1.837328133525776286e-01
3.708365019063272712e+02 2.294981146397601091e+00 -1.031534153519906027e+01 9.807537363747567127e-01 5.734567381777080919e-02 -3.376714646246446044e-02 1.835575171468668554e-01
3.724709376487190298e+02 2.354024727623472479e+00 -1.046399834204981083e+01 9.807692279424664594e-01 5.772520919353091307e-02 -3.442056578922804422e-02 1.832341299961623982e-01
3.740721016841210940e+02 2.431336291740122668e+00 -1.063263043849818423e+01 9.809228805992198374e-01 5.813530604728679024e-02 -3.463941751363483479e-02 1.822380291323221213e-01
3.756177289766282001e+02 2.515167249291707652e+00 -1.080713408051154190e+01 9.811121547170860158e-01 5.849939021412022683e-02 -3.435403624803144707e-02 1.811534195218008902e-01
3.772148303339729978e+02 2.582482368270229145e+00 -1.098182024626190589e+01 9.812684382157847995e-01 5.907323476684704644e-02 -3.438826191939976101e-02 1.801112226872560451e-01
3.788092417158374019e+02 2.629313662705492938e+00 -1.118049353674906321e+01 9.814727118549838591e-01 5.966690585304453703e-02 -3.457878346328776414e-02 1.787609687939368530e-01
3.804163969250943751e+02 2.666133664894766220e+00 -1.134539757928638082e+01 9.815936815278832883e-01 6.037685950885023078e-02 -3.494767347951943659e-02 1.777839681713566100e-01
3.820205320744783535e+02 2.761362151259396658e+00 -1.150645424516414828e+01 9.816276288250973536e-01 6.073566539245578433e-02 -3.557666257072916727e-02 1.773490297601909016e-01
3.836286994704265680e+02 2.886867370090155482e+00 -1.168090389614141422e+01 9.816462380058540438e-01 6.136821450834348962e-02 -3.569527010497380859e-02 1.770041054584466922e-01
3.852287100141643350e+02 2.996270031009942159e+00 -1.184660094940744379e+01 9.817044586814417384e-01 6.172230573197003134e-02 -3.531203560431958599e-02 1.766345745362039032e-01
3.868347046880348330e+02 3.110968943819715449e+00 -1.201153609524843446e+01 9.817384384198124536e-01 6.196355754112638226e-02 -3.515414858952759652e-02 1.763925789335286931e-01
3.884430234895893364e+02 3.215602814313992308e+00 -1.217228741585051388e+01 9.817216513693057811e-01 6.244003620783515618e-02 -3.568669130197472256e-02 1.762109564556211816e-01
3.900552271965267437e+02 3.312370771462197716e+00 -1.232157918220612025e+01 9.817198502718995634e-01 6.283345613977724120e-02 -3.611979494135151431e-02 1.759927634451040890e-01
3.916772388385994645e+02 3.416453905384351231e+00 -1.246620993933131061e+01 9.817581773603846207e-01 6.332200229096791866e-02 -3.606122882766203686e-02 1.756154691002970170e-01
3.932883069369233340e+02 3.525295137756398134e+00 -1.263761495649109712e+01 9.818388456553687194e-01 6.356702608038886093e-02 -3.645152204402716395e-02 1.749942881870779343e-01
